7012.47657753
6992.16732602
6974.51701125
6961.34828381
6951.92116475
6947.55859881
6945.31973226
6942.97451522
6941.33030959
6943.63825273
6947.03870873
6952.04219342
6955.25900505
6958.11602038
6960.61512818
6964.14947192
6969.6452537
6974.8652309
6979.03925976
6982.34375706
6985.04867981
6987.57627273
6988.82975754
6990.15802015
6990.27503428
6991.26663298
6992.09079186
6992.60744801
6993.42499264
6990.88509124
6986.33590488
6978.24281934
6972.91035831
6971.57352298
6971.645722
6974.20135399
6973.89145369
6967.81326371
6958.26294841
6942.36125916
6926.75227598
6914.797794
6907.82847339
6904.36282989
6901.48438974
6898.91752958
6898.01910866
6896.76206234
6894.25651454
6890.96033208
6889.4649363
6889.04772369
6894.61249843
6902.91049982
6913.68393996
6924.37007079
6932.73493939
6940.50368344
6945.22090903
6949.13425057
6953.24427676
6963.05212908
6973.54731828
6985.93211589
6997.67846203
7008.5310639
7018.13310824
7023.03489122
7026.61096946
7026.51708773
7026.2434577
7024.99490744
7027.61314118
7030.6614048
7036.15052355
7039.87345316
7038.92773593
7033.83728344
7024.95998929
7016.55593709
7010.94248603
7006.24862982
7000.95443936
6994.87164938
6992.9816646
6992.24163686
6992.91477649
6995.67637676
6999.41185878
7007.08538292
7014.65530263
7021.21231728
7025.80854905
7027.41074138
7028.35590105
7029.19240324
7030.35452935
7028.44532217
7023.65602999
7017.520124
7012.28849348
7009.25787014
7009.16958508
7011.36917046
7017.98569929
7025.95052163
7033.90941973
7037.78603101
7036.34616275
7033.9642015
7033.72911385
7034.98832775
7032.43811818
7029.1145518
7021.92838323
7012.16036967
7000.81038283
6983.21463376
6965.94905285
6949.77575478
6935.88347594
6929.5006896
6927.01252421
6928.63057259
6931.01942687
6936.45627992
6943.5402798
6950.05388723
6952.56418835
6954.36641079
6954.15468555
6955.14331517
6952.821349
6947.75223771
6934.54204759
6919.14228753
6899.65023915
6881.59383538
6867.93726449
6856.18727321
6849.64189794
6846.83743408
6846.66862819
6847.51028795
6845.97904706
6844.52043034
6845.31420833
6848.32713562
6852.62422829
6861.96612198
6871.56087602
6879.3871688
6886.60900128
6894.8462688
6903.96452604
6912.54485564
6921.36503319
6928.43480097
6936.56647768
6948.16723396
6960.79665376
6975.53944386
6987.35644871
6992.72290092
6994.9639211
6995.3013238
6994.89956996
6993.89891065
6989.87369862
6985.22874175
6983.30075125
6981.11303526
6977.63249753
6972.39338852
6964.38224563
6956.94169034
6949.677977
6943.32269305
6941.79327821
6945.18775421
6952.76389088
6959.23644683
6960.16385469
6959.3719167
6958.62305138
6959.14476753
6959.49925293
6960.34032724
6962.88459864
6967.81985704
6971.96929683
6970.93082696
6965.97380222
6951.91535203
6938.13052491
6928.48604213
6922.3819249
6921.79536973
6924.56724332
6928.86752811
6937.81881249
6947.02678359
6955.5186051
6962.24477413
6966.80166896
6971.14227341
6975.88089595
6979.1791484
6981.4713052
6983.73036991
6982.20896325
6978.18718728
6966.01216339
6953.54262828
6941.5758448
6931.11270223
6923.67465603
6917.21107007
6914.21131549
6919.23425259
6927.0725193
6934.3933144
6939.89032284
6941.77651611
6942.21107628
6942.21107628
6941.91213234
6937.47283011
6931.15263158
6920.59095154
6910.53905553
6899.58983981
6890.32196423
6888.703421
6891.28516842
6897.77094587
6907.57550849
6915.35552253
6920.70727566
6924.27458604
6927.52999581
6930.7606841
6933.66068847
6935.23139872
6933.914657
6932.97322613
6934.13842587
6937.34738963
6940.42564382
6943.29300914
6944.71834559
6946.47274899
6942.58882651
6939.11116029
6937.52228006
6936.90267462
6937.59530847
6943.25282191
6951.18973064
6961.62291748
6970.72287232
6972.68746762
6971.28453175
6965.56014414
6958.95300348
6952.19816114
6944.89127754
6936.80278502
6929.59661344
6917.61771663
6904.10720257
6890.50479314
6878.3825786
6872.80803235
6870.08546235
6874.05449171
6882.912668
6894.36158262
6908.47315578
6920.75669077
6927.75989801
6931.29806113
6932.80310296
6933.30172852
6936.46798899
6940.11642656
6941.42526464
6940.35193935
6936.60030159
6930.30978
6919.66256095
6910.18228407
6903.10089085
6899.79412143
6906.7241051
6916.02302368
6928.64173106
6940.41303566
6949.29290859
6951.91834203
6952.83136445
6953.853811
6955.64974678
6958.59184111
6960.01997241
6959.89010618
6957.96690386
6950.33004725
6940.78382316
6926.17385444
6910.65222239
6891.91062143
6876.57339343
6874.17694916
6878.8484257
6890.16352924
6902.4798845
6914.21413822
6926.63540822
6936.01070066
6942.15800906
6948.28171112
6956.39912785
6962.93898313
6969.01702675
6972.61802163
6972.35165402
6970.33158695
6963.74996232
6954.58349573
6938.31987745
6920.0696466
6903.81948679
6892.98081036
6890.5815364
6890.9181097
6894.03285719
6898.08872889
6903.91872821
6909.20036626
6914.45654404
6920.10379809
6925.5513287
6928.30756928
6928.79566364
6926.36614819
6922.50276538
6917.18448767
6911.72617495
6905.4913133
6901.50646971
6901.14799765
6903.17704865
6910.18332255
6919.6837279
6931.98116045
6942.36190734
6950.25795975
6956.7523378
6962.96816522
6969.29960586
6977.49505524
6984.7844728
6989.42967361
6991.21745485
6990.0264115
6980.46398288
6969.33960491
6953.04932059
6936.77147718
6923.6366991
6914.61495115
6914.26532362
6917.62681905
6926.30622279
6934.57959331
6943.19247136
6950.66303116
6958.70143949
6966.7866911
6972.21656052
6976.4308254
6980.30900485
6984.50593611
6985.45237122
6983.58218733
6975.2097845
6964.62571781
6954.56211272
6946.38741211
6942.89172227
6945.5189957
6951.10451921
6959.8740968
6966.71772602
6972.05041008
6976.89709069
6980.58174276
6985.54565355
6992.91357073
7000.09244901
7007.66293325
7015.18562634
7018.9905195
7019.8831277
7015.12882336
7008.76730851
6999.66014004
6989.2996401
6978.39385949
6969.93055099
6964.92434114
6961.96494804
6962.80625932
6963.72187447
6964.91394934
6968.72186038
6972.83668172
6981.99497286
6993.48755258
7007.3811696
7017.42275743
7018.1564567
7013.63431274
7002.86724987
6990.29816668
6977.55150276
6967.49085979
6959.21572594
6952.5566123
6947.47471162
6944.09639834
6943.53081496
6945.19476572
6949.70837181
6954.80083157
6960.86031491
6965.92246348
6971.85606724
6977.36931506
6981.1407119
6983.37712512
6981.85281906
6977.88285576
6973.1414105
6967.11785592
6962.12385001
6957.66651022
6954.92648114
6954.24941061
6954.59746996
6956.3831812
6959.23374956
6963.13580718
6964.84401547
6966.8697489
6969.56385469
6975.59078957
6983.06544058
6990.58232094
6997.49333312
7003.02444426
7007.17766859
7002.91732709
6993.24574616
6979.84271168
6965.19427724
6955.01135106
6946.87848252
6944.09653773
6941.89957296
6944.31896145
6948.36499892
6953.01715548
6959.47903386
6966.39139119
6975.84024174
6985.57627837
6998.13847551
7009.9030892
7019.62650371
7025.65821283
7022.19462539
7014.12639376
7001.61380688
6990.61378909
6984.80549338
6982.58589803
6986.04778487
6990.9307915
6993.25938584
6993.12657143
6992.12872091
6992.0149686
6994.1981752
6997.40637927
7004.39543804
7012.48274571
7021.50657759
7029.74091784
7028.66124316
7023.29911216
7014.42864831
7003.55434979
6992.85464897
6985.07837766
6984.76145191
6990.33288271
6996.46846112
7001.32041778
7005.06744858
7006.11419147
7006.08098787
7003.32854577
7000.85675915
6996.42561146
6991.97288561
6988.89532839
6987.81423189
6987.93577631
6987.74056924
6983.74919505
6979.60328889
6975.39446734
6970.88617215
6968.8685375
6967.78106374
6967.41048532
6966.11606753
6968.01091018
6971.05336805
6973.70684751
6974.75512374
6973.41834417
6973.2070371
6974.71303378
6977.69094535
6978.86947114
6978.59279535
6976.26475162
6971.63248656
6962.42043122
6952.3479816
6947.21135492
6944.93373689
6946.45390295
6949.96079308
6951.9647741
6955.10874551
6957.80531857
6961.99655559
6965.64936315
6966.20043563
6965.21179207
6964.79858006
6965.34830739
6968.82345755
6973.13553505
6976.26851525
6976.32460035
6970.41150838
6963.99634783
6958.71070221
6955.35328405
6959.37960426
6965.8405278
6976.65759123
6989.25653954
6997.36914718
7004.05419504
7007.03818418
7009.74096027
7013.17018017
7018.55749266
7025.33725861
7031.14761038
7032.79817236
7033.75768958
7032.58273924
7029.55726651
7024.67980775
7016.81374592
7007.61874542
6998.53052754
6991.4788252
6987.46827042
6985.56072899
6981.0004887
6977.6923811
6974.54998485
6972.33585373
6971.28496387
6970.85348431
6976.37506788
6984.95946778
6997.27743303
7007.70933745
7012.48996631
7013.26767219
7011.733971
7008.64566651
7000.96602298
6992.85156837
6982.00125255
6972.218059
6963.34746272
6957.33439752
6951.34572624
6944.09343622
6935.25245415
6925.76042637
6919.4874684
6915.56588171
6914.98530654
6915.17371817
6915.89900502
6914.9413487
6914.20463853
6913.16099715
6912.15458088
6911.84684816
6910.49712587
6908.58140203
6904.7787322
6901.55432361
6900.9349621
6903.33092546
6909.36551307
6917.22993702
6920.24485067
6921.51817819
6923.83314678
6927.58064455
6935.55596324
6941.27046086
6942.14289877
6940.00033243
6932.43933393
6923.33583849
6916.42793479
6911.9356908
6914.63122538
6920.51629222
6934.64869081
6952.43017515
6968.06233952
6984.64482112
6999.08607456
7008.65512438
7015.9329165
7019.3166313
7020.30374849
7021.48636549
7022.68250369
7024.9125954
7028.08833465
7028.89368233
7027.185481
7021.46029885
7013.31563063
7005.03381982
6999.36916246
6997.51590098
6996.6626088
6997.04085388
6998.50034878
7003.89365521
7007.61961663
7007.2721288
7006.0612497
7005.51098571
7005.57491868
7006.58629736
7007.64311146
7004.09940742
6999.17424811
6995.45424577
6992.5998162
6987.47372769
6983.37757815
6981.33020383
6980.95561784
6985.45499183
6991.95128654
6997.8846603
7002.27398289
7003.01132033
7002.78840873
7003.13871929
7003.96969452
7006.3410967
7009.46461903
7009.45928722
7006.6951221
6999.54764925
6990.24903733
6979.93363129
6969.45109207
6958.27815628
6946.56279041
6938.3461253
6934.62585811
6934.72520407
6936.13385509
6936.87899161
6937.49836705
6933.93610971
6929.72679331
6924.29752329
6920.24080825
6918.61859897
6917.99124323
6920.65007542
6922.47239147
6923.14691807
6924.70175834
6928.34844651
6934.11193408
6943.4155572
6953.46528563
6961.1271704
6968.25132964
6972.26585017
6973.62504426
6970.13248381
6965.84434022
6964.3340084
6963.60361974
6963.87574431
6964.82054852
6962.63256768
6959.76472146
6951.28577296
6943.61558033
6936.75597659
6929.99519607
6924.73188134
6922.09285701
6927.95592054
6937.45978982
6951.94077049
6966.61309703
6982.02398768
6995.87691565
7005.22244054
7010.36079571
7013.7056057
7016.09907391
7018.10292948
7017.38721201
7008.03602773
6995.60592713
6979.9348928
6965.73971124
6955.54290143
6948.2108921
6946.55271224
6947.89437757
6950.46109136
6953.10138418
6953.9494003
6955.79365694
6959.01377918
6962.60687043
6965.46453394
6969.04809066
6978.86829326
6990.2937479
6999.68528669
7005.91745803
7007.30200786
7006.04056366
6995.20286996
6979.88919254
6963.31938881
6950.3846269
6946.63526125
6947.30257422
6951.25253451
6953.9335582
6952.50330114
6948.58299688
6943.84728768
6940.19224982
6938.2181827
6936.03600064
6932.22910717
6929.87648831
6929.88938921
6928.77453851
6924.14379283
6914.74750768
6903.98515633
6894.39540652
6888.11655916
6890.49802557
6895.50261147
6907.26009517
6919.74053087
6929.82054958
6937.63233844
6942.68036642
6947.62431602
6953.16211109
6955.90018865
6957.74758165
6960.13895199
6963.65362726
6966.00131855
6963.91988336
6959.55151864
6952.88778409
6944.15253222
6935.63396801
6930.29980637
6933.06192937
6939.4057203
6947.39574504
6956.86008224
6968.3542162
6979.491969
6983.53516284
6986.27722009
6989.54702228
6990.69903537
6989.73545482
6989.13967178
6986.00086492
6982.20297629
6971.77496793
6960.28168427
6942.78373389
6923.43940808
6903.4155375
6888.62774411
6887.81140523
6892.89992711
6904.89845056
6916.53570014
6927.32951965
6936.858208
6943.27720188
6948.92160533
6954.53983759
6957.82629036
6959.65756247
6962.84096838
6966.13555478
6967.44180014
6966.38161969
6957.85442003
6946.42285298
6932.98154097
6922.56188926
6920.3236709
6920.29447486
6922.34055979
6923.72205689
6926.77223718
6930.41359353
6934.17727492
6936.7014527
6942.03230373
6950.85119885
6963.80457681
6975.82748024
6984.32379023
6989.51584686
6987.99538807
6984.55476576
6976.81786622
6967.8896306
6956.68600726
6945.60468804
6936.26304526
6929.10138212
6925.52385418
6924.94423385
6925.27150262
6929.66946064
6936.35831395
6942.89758378
6948.17839244
6951.28997569
6953.63590364
6955.69354431
6955.81777904
6949.0812879
6939.44022026
6926.39822967
6913.34767333
6906.45004992
6903.69857661
6904.12881558
6905.94920103
6910.50505041
6915.58180746
6921.42177343
6925.28676624
6926.89658341
6927.43688075
6930.86457429
6934.26512786
6937.10998108
6940.33580452
6939.80295081
6937.15984921
6932.34863039
6922.22344112
6912.43223242
6902.48005874
6894.18616946
6889.74895814
6888.21624664
6892.27952712
6899.63098886
6907.48542525
6915.50963632
6920.26114581
6924.53926698
6930.81883222
6936.60440674
6938.55847781
6937.27696091
6932.37464824
6929.08234093
6925.65397829
6920.7704559
6913.26329129
6906.01041582
6901.75508553
6905.3933334
6911.77674702
6915.66997403
6917.22816672
6915.0500689
6913.76748563
6916.488822
6920.27500852
6925.2902929
6928.87310386
6935.0216668
6940.46114743
6940.42092534
6936.87233556
6929.39625576
6921.78662277
6913.45940443
6907.31865451
6902.97135219
6901.87219723
6905.53634447
6912.20656083
6917.8975706
6923.99836328
6929.77097418
6932.2692735
6933.7718829
6935.66349162
6938.98401921
6945.68192614
6952.64502979
6956.75782295
6958.19152303
6954.5613112
6950.52561675
6945.4373876
6939.91832706
6937.39543867
6936.52385106
6933.45466443
6927.86509154
6921.65819229
6916.30512885
6912.5812444
6914.25410242
6919.51467807
6926.57231162
6933.26140887
6939.55404924
6944.16377433
6945.61429924
6945.55546809
6942.48324965
6936.51124986
6930.40903536
6926.25835496
6925.98098918
6928.38275132
6932.02909798
6937.78778343
6943.62967304
6945.98332342
6948.90682959
6952.65624402
6954.44336314
6948.27238567
6941.16326703
6938.69417071
6938.35713741
6937.07148051
6935.36135556
6932.58157137
6930.13417866
6927.99842171
6928.21828755
6930.30021759
6931.59403599
6933.4921753
6940.55610945
6951.12184586
6965.56030445
6977.73134864
6983.9547312
6989.25216954
6993.38168996
6996.60322007
6999.46289085
7002.30398043
7002.12404394
6999.44190511
6991.13601402
6979.2702074
6966.2487774
6952.06816249
6938.47256244
6930.2939379
6925.13531487
6924.72328074
6925.27721776
6926.6536479
6928.46497972
6929.26680771
6928.41309735
6928.19429787
6929.70536848
6936.22838499
6948.48591607
6962.30982921
6977.64888327
6988.61191988
6990.83378039
6989.69078607
6988.12436219
6988.91455079
6989.9574046
6991.08064681
6994.11047559
6998.54342146
7005.16134424
7010.00639394
7009.37034003
7005.9618898
6999.70325455
6994.467031
6990.21301101
6991.80036487
6995.26101808
6999.20322111
7000.91718636
6996.25086739
6987.88304364
6974.1136265
6959.97731094
6950.45185653
6943.05049181
6940.53290038
6939.15322237
6938.07760405
6935.62241226
6934.45204798
6934.3971547
6931.7487422
6927.77468769
6923.54276859
6922.1390312
6923.05233241
6925.52243236
6928.05873043
6928.08153526
6925.70517067
6920.72797564
6914.45816797
6909.12463361
6909.12019392
6913.02434941
6927.03011571
6943.82827436
6961.45076613
6976.7764105
6983.31938123
6987.54335489
6989.22815199
6992.83640232
6997.02373632
7002.75411786
7010.62985362
7019.69989455
7027.21782037
7028.71010069
7025.76749757
7015.0853325
7002.83088203
6989.94413431
6980.08941083
6976.32505338
6975.17153484
6972.79512842
6968.5019109
6964.75747283
6958.32380077
6951.46506824
6944.6637311
6941.14031584
6940.61617424
6940.41860444
6942.15161786
6943.15815261
6941.5782354
6939.4038803
6939.17013084
6940.1123702
6940.79536497
6940.79180346
6942.3794152
6945.03310376
6948.72133826
6953.86598705
6956.64105276
6955.77771029
6952.24700473
6948.32760653
6946.41329056
6944.09848924
6948.37622709
6952.1063773
6956.01683338
6957.71262169
6954.49167703
6949.13917117
6941.25682118
6933.92547396
6934.20302096
6940.6051691
6951.02803383
6961.19028094
6971.76245037
6980.81762495
6988.24591358
6991.80438639
6993.78513047
6995.24144719
6996.39656179
6999.03531431
7005.70520309
7014.55347545
7020.47422711
7023.85717524
7023.22955466
7022.33994343
7021.05048108
7021.00817506
7023.57803916
7027.42293834
7032.72213304
7037.25068912
7039.54315956
7040.41165263
7042.76420179
7046.4375769
7051.54141119
7056.02835822
7060.05467844
7061.63156383
7060.30955303
7053.15893685
7041.41549708
7028.54220086
7015.55599566
7005.51408025
7001.69347044
7000.16517075
7002.5028675
7006.30057492
7011.50309305
7018.85718933
7024.91350146
7028.04512257
7027.11076593
7022.52617354
7018.40541403
7017.00053361
7014.1098965
7009.40244939
7006.53194772
7007.04423387
7008.13596611
7008.92120624
7009.71881756
7010.92984302
7012.48163753
7016.74160963
7018.10536887
7021.29881113
7025.02194983
7028.07084072
7032.30109407
7039.65962308
7049.33452855
7058.27141355
7067.31494178
7074.48689219
7079.66563671
7082.93589889
7085.69526886
7084.25782605
7082.04794644
7079.7161809
7081.73271434
7084.76850221
7090.81896676
7096.07968181
7094.67507321
7090.44378138
7084.54115789
7080.40066718
7077.20951795
7075.43790639
7073.93243941
7075.04390981
7077.08602201
7077.45317831
7076.24505225
7073.93035547
7069.08189062
7060.23331856
7051.01464202
7045.2461084
7040.94587936
7037.23779519
7033.80508348
7032.30200013
7028.81771271
7022.32265859
7014.55514818
7006.49716897
7001.77197702
7004.16943887
7009.29099011
7017.73534803
7026.09772149
7029.44777268
7028.16764972
7019.18748294
7008.42882552
6996.35718304
6986.50351896
6982.85772988
6988.12092613
6995.26738838
7002.61963072
7007.48917888
7009.88047255
7011.42460737
7010.35557541
7008.83448936
7005.48233331
7004.83033972
7005.17528362
7009.53714562
7012.31742466
7011.4837661
7008.97892224
7001.05639198
6991.55809845
6982.90702649
6976.05026638
6969.05622428
6963.53325375
6959.7675163
6963.51697952
6968.81334453
6971.2222506
6972.74203333
6973.56146675
6976.16162809
6978.97640012
6986.51558349
6996.01621187
7006.41032663
7013.88990521
7011.57003692
7006.11692359
6997.94439055
6990.94504452
6984.64233991
6985.58660048
6991.41766617
7000.81766616
7008.99120283
7014.20046763
7017.10933047
7016.02909822
7012.14556604
7008.78361062
7007.00467391
7006.53194772
7008.14219702
7011.85798966
7014.23418699
7011.76621976
7004.08054744
6992.62205648
6979.9580252
6966.68297514
6955.96658889
6953.79831833
6957.43547894
6967.1082029
6980.29809032
6992.98629945
7004.45791434
7013.92959759
7018.22015967
7020.91471152
7021.39143831
7021.22778999
7020.75698743
7017.76280861
7011.92540748
7001.41294738
6989.52096958
6975.21536025
6961.23437817
6955.35826738
6953.47306381
6958.76556761
6967.72198168
6977.00633361
6992.44353484
7008.60170171
7020.8409025
7029.59706344
7039.59041405
7047.90260574
7054.92282599
7063.17890471
7072.94484131
7077.3846802
7076.03756458
7061.52681636
7043.0698227
7021.70214709
7002.32429011
6990.51525161
6983.44429202
6981.39994952
6988.13276066
6996.8609383
7006.9958921
7015.95264072
7018.46361094
7020.61257546
7023.6850936
7029.31506978
7033.79156228
7036.72628965
7039.17495083
7037.18134071
7032.51952415
7020.90822971
7007.32010117
6992.47073057
6979.59536435
6973.8475098
6974.76605918
6979.51480171
6990.71340687
7003.4585514
7012.27930743
7017.55246336
7018.48333516
7018.88283779
7018.11868098
7019.25299803
7020.54489977
7020.42251201
7018.39175343
7013.36497604
7007.30954209
6999.39412789
6990.06684267
6981.90304962
6975.65598405
6971.2629745
6968.34940711
6966.66444274
6967.0802405
6968.81641119
6971.35238169
6973.49368651
6975.69366916
6983.03007637
6991.64004806
7004.51601367
7017.3133333
7026.19167291
7033.8855137
7038.57165447
7041.39870012
7042.89056227
7040.76627045
7039.28263254
7035.20473662
7031.56167966
7031.05066199
7032.192576
7036.15595991
7041.86497239
7049.18077719
7053.67420603
7058.01598139
7064.71112833
7070.87784731
7073.84762525
7075.54857113
7073.72817173
7068.43490127
7059.64716066
7047.43912136
7036.13735084
7029.05482156
7020.22073948
7020.45798773
7024.72901376
7034.76982797
7046.15084386
7053.80865135
7055.10173794
7060.9443524
7071.45624795
7075.4031137
7075.45518425
7077.02984631
7070.96411813
7061.59595568
7051.09925406
7046.96086123
7036.31877187
7022.8732641
7015.77491363
7011.6092484
7001.98770984
6995.4116749
6994.62073357
6996.6626088
6998.03813288
7002.45173089
7015.13725669
7024.27270816
7030.25416581
7038.56837871
7044.041049
7046.09278634
7045.17899028
7039.00753888
7030.06396297
7018.43092309
7009.61277373
7000.49049497
6992.32513374
6988.18073304
6987.91005816
6990.45894349
6998.57542628
7006.7987126
7010.57914913
7013.96264089
7014.16508251
7015.61969863
7021.83150454
7032.83246324
7046.41722541
7056.39056604
7063.48278319
7062.49239721
7057.85762306
7051.12518131
7045.15675697
7042.23318111
7040.12687109
7038.84312389
7038.82305118
7039.78180174
7042.47997783
7044.94411173
7051.72520192
7059.14604692
7063.66524968
7065.39610946
7064.28549633
7062.68511611
7062.11791577
7054.55189909
7047.18556403
7041.70153315
7035.14430941
7024.79661976
7013.4977556
7006.08712119
7003.68106572
7001.60307356
6998.49151818
6994.20848338
6989.4076703
6983.73775779
6981.61349385
6983.54022283
6987.79249343
6986.25483345
6983.05540423
6978.74399581
6974.22553184
6966.44357326
6956.54769376
6945.26438596
6934.70902045
6928.96127044
6931.32206475
6936.85424921
6947.32169208
6958.91305322
6969.19497687
6976.73855812
6979.64215885
6976.77412445
6973.33203849
6970.69550234
6970.50141739
6971.14038463
6972.06354097
6973.42919597
6972.86278321
6969.40447182
6960.27350883
6949.44833965
6939.08452911
6932.23715716
6925.84089841
6918.82160513
6918.33224925
6920.87935034
6925.89637017
6928.53147057
6929.2788374
6930.8336916
6935.28788805
6948.32121532
6964.6037145
6984.02561295
7002.92065163
7013.70744569
7013.7653917
7006.97203485
6995.06334373
6982.85772988
6974.72465922
6969.33403613
6965.63484528
6961.76557309
6958.88182204
6957.62323541
6954.9515999
6952.13240909
6950.6255412
6949.92254342
6950.14666077
6954.47782129
6960.21193858
6965.75488425
6968.8173521
6967.70675988
6959.64875278
6949.52768957
6935.57361746
6921.06215137
6911.47115399
6909.51828867
6915.12357125
6924.7260268
6933.74192021
6939.47948053
6943.2805543
6944.39100713
6946.34738518
6949.90178071
6955.19558087
6962.09235398
6971.03119049
6979.97804912
6984.45343343
6986.79326988
6985.50230905
6982.91729285
6981.60425204
6979.75858752
6977.93559541
6977.98324718
6979.15145783
6981.86289027
6983.73036991
6983.14107565
6981.42724979
6975.76976424
6967.91911239
6959.84548622
6958.34225651
6959.79072537
6962.70110064
6963.822928
6957.733245
6950.2532343
6937.06839991
6920.24834946
6904.58048634
6897.83967399
6894.87346453
6893.37931633
6890.77084015
6891.55174512
6893.75000626
6896.1109539
6900.73056897
6907.27096789
6910.70317082
6912.09219519
6915.03474255
6918.04820651
6918.28705778
6918.38283526
6913.66605574
6905.65859283
6897.83090612
6893.49704833
6891.03283079
6894.93825477
6900.0286724
6906.27474828
6911.53325393
6917.60103119
6925.69776189
6932.52506112
6939.5609353
6948.14768398
6960.63721513
6973.4169572
6985.65392769
6997.68747384
7007.54022489
7011.62917474
7007.32158572
6998.64415439
6987.86157003
6979.28672557
6971.21360122
6960.6801066
6948.51233816
6934.72647255
6921.50304002
6914.38142472
6905.37138585
6894.28819875
6882.63034677
6873.46924684
6868.36004589
6865.00776439
6865.51334571
6869.41232969
6873.57769522
6876.30665643
6878.42678037
6882.38645641
6887.9345248
6891.21476061
6892.74373636
6894.8630309
6897.29867968
6898.15232034
6893.87983067
6889.44004057
6886.06606243
6884.92944538
6886.54860891
6887.49342009
6887.09796685
6886.05793577
6886.05793577
6884.74232314
6881.09577437
6875.40486218
6871.58701236
6870.74340108
6870.81846464
6873.07734117
6879.40075273
6888.79907303
6897.25060973
6905.79749876
6911.92308263
6914.70534106
6915.35716738
6917.3763493
6922.14576392
6930.48394558
6939.84553562
6944.90188541
6945.04490345
6935.01857923
6920.97019328
6906.99276574
6895.43908275
6889.11279968
6888.64612318
6890.39516689
6897.06795506
6905.97376222
6914.68655775
6921.52213
6928.11255038
6935.34368042
6940.87192005
6942.45939937
6942.15735391
6939.3364137
6933.59342399
6924.77807644
6916.47440172
6908.94623743
6900.35456814
6892.42867152
6886.11643935
6882.68325369
6883.4167578
6884.40428621
6883.6462
6881.24228422
6879.97246246
6881.33703716
6883.75008323
6889.09389788
6895.73271579
6904.20546126
6912.86442987
6920.74177563
6925.72836579
6928.55628266
6928.47465365
6924.69938167
6917.27327455
6910.48510316
6903.68198875
6897.16827678
6895.27705837
6896.74409448
6897.8029716
6898.06874679
6896.2303656
6894.18518673
6891.40110921
6890.59065275
6890.87535065
6890.92369939
6890.41262596
6889.62367099
6888.18981061
6886.26658041
6882.45582573
6879.98501487
6877.3303854
6877.19692281
6882.77125299
6891.50882577
6904.36518564
6917.82167764
6927.42607076
6932.26942683
6935.44281032
6935.52289206
6935.00772045
6935.33298195
6936.86374193
6942.15228695
6949.83490654
6955.20248784
6955.76203546
6954.27590937
6946.44475871
6937.76161225
6934.26062544
6934.86703726
6941.63837685
6951.31816808
6962.24662109
6976.86518345
6991.06046258
6999.62352129
7004.83033972
7003.21154558
7000.1748865
6999.38518577
6999.38518577
6999.20383444
6992.42525334
6980.6959481
6966.15109719
6953.12694203
6943.91438488
6936.38355817
6930.61420909
6929.46529751
6929.90148859
6928.74990065
6927.38194566
6924.92654478
6922.3401207
6920.77171742
6919.06917548
6919.11057544
6921.67013137
6925.18001149
6930.84510098
6936.94485518
6942.32867586
6947.73477167
6951.10686102
6950.56132248
6946.87262798
6944.88678906
6945.94200013
6951.75910552
6959.09269698
6966.31638339
6971.57181541
6973.57407492
6973.41729174
6970.94342816
6965.62491347
6960.50711889
6961.7081986
6966.0636694
6971.78155429
6975.37368373
6973.50858771
6964.98635048
6955.01777711
6945.60678592
6937.20017584
6933.13239294
6932.99849822
6938.53618177
6949.34049764
6961.76854915
6972.71218911
6981.61718778
6984.19822429
6983.93003062
6985.09166189
6985.09166189
6985.86235627
6986.63436095
6984.99794046
6979.40471545
6970.42480655
6959.50328141
6948.31040533
6939.86523893
6933.94983303
6932.34173736
6933.04196818
6935.12563367
6936.79345958
6938.50958544
6940.16881772
6943.01343396
6945.06642585
6948.586189
6951.76213037
6954.82649397
6958.63101774
6960.30642667
6961.55832936
6956.52564166
6950.39319961
6943.08871359
6935.5419681
6928.52980481
6927.67627566
6930.05629238
6937.01104633
6944.64445294
6951.38271438
6957.87692516
6964.38757047
6970.18219861
6974.36543443
6977.612613
6980.21209828
6982.84088414
6985.47551756
6985.86949323
6981.23306726
6972.92599829
6959.75426692
6947.39531292
6939.04754096
6933.02237638
6935.91308319
6943.34531666
6958.09054616
6972.52689991
6983.75277747
6992.53572293
7001.01580051
7008.37554224
7015.07724766
7017.49684524
7018.14356277
7015.9508286
7009.69491849
7003.47723714
6998.56036478
6993.91773579
6984.52572306
6972.39276125
6960.29871122
6948.55697206
6939.23700501
6936.46405809
6938.94326743
6947.95043478
6956.24552285
6965.2498187
6975.77885271
6986.32946489
6993.06408119
6996.09234876
6997.33492601
6997.736185
6995.95392375
6994.61944418
6992.22721657
6991.06068561
6991.58622115
6992.11012578
6992.37631218
6990.38651447
6988.97487346
6991.07746863
6993.85971312
6994.72379437
6996.6271749
6997.38721262
6997.798501
6998.28090112
7002.0492522
7008.58051385
7015.07926887
7014.20839216
7008.95343408
7000.58036912
6992.93704465
6985.67986887
6979.79867021
6974.43831648
6967.35032993
6963.9067664
6970.04873602
6979.19161021
6990.48926164
7000.43988108
7010.14717471
7020.04182754
7027.72138047
7034.94643991
7040.18311649
7040.62206757
7037.20238917
7027.81135917
7013.18899136
6996.26811738
6980.22380736
6966.5166644
6959.64866915
6957.31902936
6960.17929256
6965.34916466
6969.60220192
6973.8073365
6977.22532127
6979.99371698
6981.7338604
6985.0416683
6989.46931721
6994.71212014
6997.25602215
6998.46126973
6992.92881344
6984.56022999
6976.01131975
6964.3443096
6952.05193008
6938.16085003
6926.81177623
6923.82966891
6924.69665652
6928.28524536
6934.14067708
6937.84156853
6941.90461901
6948.59342354
6959.01078918
6971.59328902
6981.28073994
6990.02387453
6993.8699028
6989.73105694
6984.5412585
6976.21169834
6967.40641503
6960.14531532
6954.87624362
6951.7009574
6950.95521451
6953.00596912
6962.19546357
6972.32693253
6981.67453439
6989.89552072
6995.73200882
6999.85966833
7003.15799746
7007.08185626
7008.85431812
7004.96177414
6994.40620651
6980.04431693
6966.64287155
6953.66824998
6942.95666584
6933.1327693
6926.06262516
6921.0308017
6920.84396522
6923.00759397
6923.37653451
6921.91033476
6920.58560579
6920.75529683
6924.01719538
6929.06349488
6934.06715382
6939.55346379
6945.04446436
6951.04889411
6958.77454457
6965.81986267
6970.44177775
6968.82267694
6965.65087557
6965.92523045
6967.37911475
6969.52190412
6971.05064987
6971.89318781
6973.98818602
6976.08136514
6979.80982171
6985.28548896
6991.33704776
7000.08889446
7007.5100531
7014.13035254
7019.45323722
7021.38892922
7020.95896905
7017.02311541
7009.86896559
7003.63874576
7002.05248614
7003.96532453
7009.36419973
7014.73106316
7018.34226864
7019.71473999
7019.40932817
7017.72356925
7015.06651434
7012.97773309
7013.3463809
7017.09629715
7021.98170136
7027.28814454
7031.44932826
7032.74666635
7027.1362053
7016.27192222
7002.67046764
6991.60121295
6980.32798332
6970.47038136
6961.87639813
6956.10559239
6950.61617394
6944.42766073
6935.15202092
6925.20000754
6916.39876664
6908.9300329
6906.13692963
6908.89480808
6918.09890403
6933.93941334
6951.77811884
6968.32357744
6981.90613719
6985.13600305
6983.14788504
6980.38249326
6983.97505482
6991.05014744
7000.37562751
7008.22742239
7011.860673
7011.6027178
7006.18846746
6997.28485575
6986.74149902
6977.84485701
6973.32183487
6976.74792538
6982.96109038
6987.50132069
6985.16366575
6978.51880513
6969.14369389
6957.91201058
6950.70676597
6947.26345335
6942.51977779
6941.45232795
6939.66065065
6937.33828025
6932.64734433
6925.41886277
6920.27997791
6921.09072013
6925.3823416
6929.43071391
6935.47872514
6940.7450229
6945.96656828
6947.2695588
6949.85633136
6951.84971149
6953.69315268
6955.05595707
6956.80788623
6961.12884312
6967.8142325
6975.23790719
6984.0178766
6993.15675018
7001.192057
7007.99629353
7014.53096336
7019.6493643
7026.30297886
7032.69223307
7036.06221758
7033.00224488
7029.54165441
7026.08928816
7022.73136122
7019.83705805
7016.18800715
7011.4185298
7006.8664789
7003.75854776
7001.70712406
6999.36569155
6995.09342491
6990.04711148
6985.50582177
6983.36774391
6981.55878178
6980.25889975
6980.19555921
6981.17355308
6977.72907652
6971.2905466
6964.85108273
6957.44554317
6951.7771152
6948.23819935
6946.07742817
6947.64021388
6950.66199965
6954.9057951
6957.97696112
6959.99135486
6963.44381869
6970.19736466
6976.79612776
6980.57760276
6982.52304536
6987.62860117
6994.46609706
7002.74244363
7008.43689642
7011.00450234
7011.89844175
7012.58699136
7011.63677867
7011.88309449
7014.87882058
7018.4734382
7023.79389046
7028.96080044
7031.77125824
7032.92746011
7033.93973789
7032.83601778
7031.43336767
7027.94482873
7022.62730374
7017.13644257
7012.94926888
7009.48578598
7004.63940507
6997.75544922
6989.77547478
6984.97322594
6982.06435613
6982.8116672
6984.32475205
6988.87596659
6994.05319868
7001.2891866
7009.40569727
7015.87834383
7017.19470918
7017.10912138
7015.08895674
7013.52366194
7011.96084835
7011.03781049
7009.25014773
7003.65561938
6996.42282358
6987.96353659
6976.83181257
6966.08697604
6959.05515126
6952.77532814
6949.66666519
6947.65623023
6947.39617716
6946.09674815
6943.5969852
6945.37454191
6949.37812002
6955.34508769
6959.31750433
6963.30080762
6968.77235578
6973.69155601
6976.73549145
6979.41282817
6979.38251699
6978.21071695
6977.94830812
6978.4708676
6979.12700815
6981.31989566
6983.50050954
6991.64670412
7001.51643334
7010.00532061
7014.90202965
7020.12762443
7024.30804449
7027.82815612
7032.9703237
7039.50064445
7046.09445906
7046.44106175
7040.71483414
7026.5334665
7009.34943096
6995.18262301
6985.60698683
6985.32138984
6994.35221232
7006.33745155
7019.41936453
7030.38826265
7034.2654315
7030.94068028
7023.19554257
7014.48886643
7006.63798458
7007.16138739
7011.85268573
7017.20209705
7018.73626521
7014.20250974
7002.34954826
6988.34608893
6973.81175529
6961.38795529
6951.26222238
6944.59333026
6944.62212205
6946.85604012
6951.59604962
6956.03643912
6958.96171559
6959.23494138
6959.44243602
6958.20621513
6958.42422704
6958.82987694
6959.77661872
6962.49371054
6964.31512054
6962.79139297
6960.40582839
6956.44100175
6950.61680121
6943.6026655
6937.54539852
6936.89483372
6942.91256164
6950.2215013
6956.84158468
6963.17766016
6969.71744574
6975.44978577
6979.44466571
6984.13733708
6989.57197377
6993.97063573
6997.74306408
6998.35533044
6993.13578536
6982.12588455
6967.86727184
6953.66066695
6943.93208092
6938.80785332
6941.02713504
6947.69364353
6956.96743637
6965.15220819
6970.84918401
6969.82351049
6966.59602129
6963.64991939
6961.3117487
6959.32984068
6955.98678008
6953.90488489
6949.60277404
6941.72430616
6933.99480147
6930.17210771
6928.77092124
6925.04756648
6919.56644196
6911.87123511
6905.40572551
6904.17865583
6910.22863948
6918.90279504
6930.22538402
6939.93808613
6945.32570529
6948.01305048
6946.92110218
6945.61429924
6945.53256569
6944.25173879
6942.18859206
6935.84323992
6926.95505911
6916.20293926
6902.36007553
6889.34097339
6883.09012328
6881.29342084
6883.35607271
6889.49972202
6897.96070265
6905.82435994
6913.66261271
6921.34475139
6928.76664185
6935.97726009
6942.65668341
6950.27279125
6960.23902977
6967.26020487
6968.53561632
6967.15333861
6961.25452754
6949.96172005
6936.01545399
6924.81815216
6917.03978297
6917.51492067
6924.70600985
6936.22606408
6949.68254911
6961.97938227
6970.93757362
6976.4170742
6976.02859065
6971.97650349
6965.5958429
6960.65364966
6956.31651612
6953.12606385
6949.27008286
6944.17917037
6936.7755196
6930.128812
6925.12996912
6922.72028941
6926.79253291
6932.41393638
6941.43584463
6951.11346132
6958.71340645
6963.32793365
6967.57525577
6970.1491344
6973.58277309
6981.62476384
6991.15792673
6994.73201164
6989.4876684
6984.11844922
6977.72764077
6971.99294498
6968.23177965
6966.59045251
6964.06233685
6960.29412517
6958.83473481
6959.38765426
6961.14939674
6961.95161503
6962.29007711
6962.35211432
6963.72709477
6965.85292688
6970.24837582
6974.43918072
6977.60456998
6975.80729602
6970.85740824
6966.09787664
6960.73774594
6955.72179247
6949.33337461
6942.41386638
6936.9123834
6932.74899029
6929.96442489
6928.72308825
6932.05605674
6939.56781438
6948.56237357
6954.69731077
6958.54653813
6959.35082641
6961.71804677
6966.29522341
6968.75721064
6969.6942994
6967.69982504
6965.84624992
6964.20378671
6963.24196252
6964.27270998
6968.31417533
6974.13720496
6979.38509577
6983.7443999
6987.56160154
6991.52740393
6997.77222527
7006.71920935
7015.08275371
7020.41059384
7023.47927865
7024.18042946
7021.13153857
7014.92830538
7001.648272
6984.89929844
6966.07799211
6948.01900956
6934.76329343
6924.22720608
6918.72885249
6920.36673661
6924.77857129
6928.46277033
6931.96741622
6935.99984189
6943.19735014
6952.01552042
6962.06173613
6972.22913384
6980.6858769
6987.43946469
6991.21670909
6992.32869525
6990.23184311
6981.6448923
6972.52094779
6959.51913049
6944.8030343
6928.1867497
6913.58354855
6908.56599902
6910.65284966
6913.96434453
6915.50419996
6919.24159168
6927.4657283
6940.2576046
6954.69977107
6971.17515641
6985.75519031
6992.30302589
6993.76088291
6991.87982631
6988.00361231
6982.60038801
6974.80801671
6966.60340916
6961.03470352
6958.59313748
6959.95601157
6962.23574141
6963.00698639
6962.20080932
6959.42723513
6956.43626933
6955.14331517
6955.15627879
6957.24897003
6962.01425163
6966.71412966
6970.30846849
6970.12245443
6966.32657308
6959.53100684
6950.04058906
6943.12651021
6940.05330905
6940.03049028
6943.17329077
6949.05367398
6955.3928231
6961.78307398
6968.95105863
6974.99482532
6980.96343086
6986.27575646
6991.95217866
6995.12575731
6997.42714197
6998.04855257
6992.46660451
6981.72780373
6968.33929409
6954.38337502
6939.67498033
6929.05319368
6923.71950599
6927.9243339
6935.45379455
6942.6513516
6948.54501904
6953.51488892
6953.12101083
6950.6359818
6948.80231908
6950.4727656
6955.19825026
6956.9970715
6958.08259374
6954.9074051
6948.83288117
6935.71130369
6920.97781115
6908.89340718
6901.9280802
6897.58312667
6898.45365489
6901.57956085
6909.91715706
6921.38798438
6932.58895227
6944.55552666
6955.31686742
6963.22592527
6969.69466183
6975.69038644
6980.83007978
6984.07069291
6981.92224415
6976.60639189
6971.47543853
6967.8831697
6966.02106368
6965.35297708
6965.28287594
6965.99747825
6969.29012011
6974.92983296
6982.64783069
6990.27164004
6991.55360997
6989.6950794
6987.58764727
6985.70854915
6985.43197791
6985.76730363
6986.86743435
6988.66051256
6989.81076929
6986.72349631
6980.25717127
6970.84473734
6957.28411818
6941.25778299
6930.64548906
6924.01005145
6919.32219614
6915.28220836
6912.60234862
6910.73563564
6907.07431809
6899.93261614
6893.55360736
6892.69809186
6895.52832266
6900.06166692
6902.29840074
6901.80107851
6898.67209891
6896.66811092
6897.94814327
6899.83260805
6900.35145966
6901.24016483
6903.70717024
6908.08254647
6913.51608195
6921.46378673
6930.30419728
6936.44657114
6935.53487296
6932.15766088
6925.87811655
6919.31662736
6912.41601396
6904.25415848
6898.59933535
6890.49970527
6881.08186984
6870.85261613
6862.31795193
6855.37495585
6851.17913277
6849.17123478
6854.20335096
6861.70587376
6869.87379286
6879.70008697
6887.92046694
6894.30390843
6900.68339811
6904.90114783
6908.97561467
6911.79742609
6914.30812449
6917.5174437
6919.54415986
6918.77955002
6913.36623361
6905.34090042
6897.21801946
6888.53867844
6880.97026419
6876.3693
6874.08188259
6877.21708612
6883.04131454
6892.71198245
6904.55865727
6915.88617382
6921.21368637
6922.99868671
6925.72564762
6931.00975294
6937.65833538
6942.63978888
6945.00140561
6942.41653577
6940.91865879
6941.84145968
6942.98058582
6943.12319264
6940.17217014
6936.15766355
6934.11783044
6932.87064623
6932.31453466
6930.12609382
6927.77130042
6927.55997245
6930.23502311
6936.42368964
6945.27470807
6955.08862401
6961.5613542
6964.35040808
6958.3165523
6949.04846763
6937.45209528
6926.58716403
6918.83943359
6915.48977967
6914.1754425
6919.71620666
6926.06426303
6931.33045625
6930.88827821
6928.82017604
6927.91754542
6927.98184081
6928.13025339
6928.17358396
6929.02692492
6931.02406171
6932.93163102
6936.88741797
6943.94781848
6952.82604658
6962.92185163
6972.12850546
6976.8688495
6981.5505924
6986.45227083
6992.18067995
6997.36071386
6996.87553283
6994.86827605
6994.98365927
6996.25177345
6995.32471408
6993.91612579
6992.82518809
6989.7242824
6984.51149095
6978.83557754
6973.61957305
6972.82509112
6972.1011773
6970.87123611
6967.81768249
6964.93752083
6963.70323055
6966.58689797
6973.29344035
6980.21585494
6985.49306027
6986.85527921
6986.81514774
6990.38939295
6996.41478056
7001.0149293
7002.3227289
7001.00905385
6995.84641628
6985.56629777
6971.96105168
6956.55971648
6940.50962162
6927.35984477
6917.01688754
6911.42764919
6906.9024525
6902.93290738
6901.46391279
6901.4304304
6905.47796635
6911.74018403
6920.03642209
6929.30658373
6938.03441985
6945.12000883
6949.27827224
6946.53535771
6934.6694814
6921.00252567
6912.11743941
6906.89191433
6904.82703912
6908.16745123
6911.94627776
6916.01434642
6919.06269367
6920.68936356
6921.99997892
6924.68882259
6928.71114221
6934.39720349
6942.96080583
6951.29036599
6958.73654582
6962.29007711
6961.61942566
6952.55022109
6940.66903237
6931.2627945
6927.23689944
6927.88142152
6937.53258126
6947.93634207
6956.26901768
6961.27992509
6962.20712386
6958.80713484
6953.10137024
6952.63635949
6957.87751758
6968.12948551
6980.52346221
6993.25020676
7001.40319679
7003.02925334
6995.07200009
6976.89249766
6960.88517579
6949.23611259
6941.74453917
6940.60605425
6944.64234809
6953.09140358
6963.60427489
6972.07287339
6975.25781263
6975.65260375
6974.90343874
6975.53343599
6976.34743305
6977.28705878
6977.09352443
6974.15271949
6970.27430307
6963.05539786
6949.84092138
6932.28963196
6916.62149005
6906.21433501
6900.99508265
6904.06633927
6912.39953064
6925.29167987
6940.15526167
6952.06362522
6956.45760355
6958.54653813
6959.2970692
6962.08913398
6966.8877307
6971.82741485
6977.52782672
6977.62936814
6972.24691352
6961.95769957
6949.6356431
6937.92579723
6929.15907721
6922.78728207
6921.43979008
6921.5337415
6923.7339193
6927.70638473
6932.68072915
6938.27388446
6944.4404292
6948.98008103
6955.05920495
6962.95311766
6971.46957005
6979.15257995
6981.79651094
6983.79862409
6985.31726378
6982.26658168
6976.0511585
6969.89343739
6963.68777874
6957.1100432
6953.95533151
6953.12189598
6955.57830049
6959.06085943
6962.04269493
6962.9842443
6964.01860205
6965.3266665
6963.0333597
6960.3837275
6956.47609414
6951.2582636
6946.86818132
6941.14329886
6936.07429212
6930.90273335
6925.78673695
6920.29216093
6916.51062319
6916.27037101
6921.99260498
6929.32699795
6938.52416603
6947.04585963
6951.58643842
6956.5372462
6962.44155635
6966.48508473
6969.89980071
6972.62195951
6978.13876884
6987.16902678
6999.1397342
7006.4971829
7007.45062256
6999.37001973
6985.21966721
6968.79134819
6956.53427014
6954.16261009
6959.31641706
6966.45077992
6976.72869601
6987.27148819
6997.83125157
7006.54399831
7010.62145514
7016.12646479
7021.80404396
7024.95322869
7024.09477197
7019.42570695
7012.13405909
7003.68471087
6989.88586073
6974.07010079
6960.8920479
6956.45470416
6958.52392845
6967.47637677
6980.96654631
6993.32839971
7005.02864134
7015.74215608
7020.76569955
7023.44721808
7026.75377841
7032.76869057
7038.20476998
7039.62477463
7034.71316439
7023.07440936
7010.60699304
6997.43132379
6984.69093956
6971.1189598
6956.2895922
6943.58713703
6938.26913113
6943.06624331
6951.92966778
6962.14674544
6970.11499686
6976.29702826
6983.70193358
6991.72268768
6999.92756705
7011.04472442
7023.12619415
7034.18939218
7042.42986576
7045.23537508
7045.34305679
7044.21103974
7040.85847945
7036.15142961
7030.09992657
7024.29717177
7018.55400782
7009.11084453
6998.78865698
6989.25473439
6981.40781133
6977.94489297
6978.81306544
6981.09189619
6981.2265506
6979.62710432
6976.92095491
6976.05695031
6975.63685225
6976.69415422
6977.20887977
6974.2690018
6970.81272556
6967.08658292
6967.17530707
6966.89956523
6966.84720892
6965.18037968
6964.67233109
6964.45861949
6964.0491502
6966.3214155
6973.74767596
6986.74950023
7000.37388509
7010.072606
7013.87572886
7015.82370146
7014.94607809
7012.49412024
7011.15095643
7009.5603059
7008.23356268
7008.32250987
7013.93475516
7021.27574146
7029.29234859
7035.36922131
7038.89950868
7043.34463757
7047.50163948
7054.07677532
7061.25192482
7070.08259174
7076.32360762
7077.14561983
7072.50101145
7064.23182972
7047.75617255
7028.19580727
7011.69321225
7002.45603816
6996.24220407
6992.77005784
6987.98814657
6980.95267663
6974.52747972
6971.53475756
6973.67194331
6979.45226965
6987.7669983
6996.28537433
7005.71078581
7015.58066837
7026.05395183
7030.94883482
7024.68677744
7013.26392947
6999.17269387
6981.54333695
6967.54504216
6958.44735247
6953.01454184
6953.46778775
6956.9814106
6962.67551491
6969.35984489
6976.55729042
6980.5608546
6983.45848928
6982.10787487
6981.87181147
6982.54473504
6985.52159418
6988.75329307
6989.59894647
6988.01925926
6984.68954562
6984.6171166
6986.44576114
6994.20090035
7005.98388615
7017.79633282
7023.89899338
7027.9793287
7031.17005278
7034.00783176
7034.84621577
7036.84609862
7039.91136828
7046.81735531
7053.76453321
7057.99380383
7058.25851963
7055.21450752
7047.22884581
7035.03335194
7019.35761307
7004.5153864
6993.36980664
6989.61881009
6989.69968637
6991.64247352
6995.49878905
6997.68357778
6994.64988081
6987.25243306
6981.31358112
6979.34651854
6980.93242968
6990.01775514
7002.012048
7013.68170663
7014.23974183
7006.63598428
6992.40598215
6977.11782077
6965.16416818
6956.22142863
6950.45583622
6945.67694979
6940.91278334
6943.10509933
6948.83726511
6956.36761788
6961.68739408
6969.19407081
6975.98570614
6984.66563261
6995.07391675
7005.20526026
7015.66395616
7018.53546844
7015.37952311
7006.36104395
6993.08975752
6979.14986874
6969.41915695
6962.51226386
6959.85612197
6959.29407223
6960.44936804
6961.84999695
6961.98113166
6960.96826843
6962.54697989
6964.27337907
6966.98081091
6968.30933837
6966.72314844
6968.41577947
6971.9496423
6972.60718376
6971.44283432
6968.73375067
6965.06109343
6959.74752026
6958.66098044
6959.09319879
6960.95678935
6963.83327102
6967.34641993
6970.11453686
6970.66632025
6968.69430919
6964.57117301
6959.17299477
6954.9316875
6954.09655137
6957.78133586
6963.09938358
6967.33670419
6965.30655894
6961.5122388
6953.83869374
6944.25235212
6935.75725486
6929.96204126
6926.04563305
6925.56715686
6927.28925575
6930.76827409
6932.47404299
6931.57294571
6926.22382712
6919.41326211
6914.95072294
6914.30466752
6913.95272606
6909.75688904
6904.56121514
6900.33833573
6899.11501574
6896.43127388
6889.89002466
6881.06986803
6871.64060928
6865.73553942
6862.74993332
6867.5459861
6876.20616744
6882.68139278
6885.26608141
6886.69852695
6886.05483426
6884.7579004
6882.05217614
6883.2988655
6888.30620443
6894.21307943
6896.3553182
6890.00442515
6880.07329296
6869.53869017
6862.96209068
6859.19845808
6856.53485165
6854.58319906
6855.35021345
6862.15918239
6872.06067249
6881.50329214
6887.2491673
6887.60729089
6885.29253138
6884.41320044
6884.82076701
6884.95430627
6884.76114828
6885.61347167
6885.10853854
6879.64080279
6869.80263233
6860.9338412
6854.54563243
6851.98866226
6856.97979666
6865.39395492
6874.03525537
6881.08814256
6884.83846305
6887.37715172
6890.48211377
6890.51000647
6891.69799013
6892.40295336
6893.76871291
6891.96252471
6885.96770616
6876.41141784
6866.57078707
6856.17221868
6845.26033263
6838.74820277
6836.58780797
6838.14664883
6839.31713857
6840.58757366
6842.30274467
6844.56071514
6845.59327472
6845.23468417
6843.6669918
6842.70893821
6843.64441
6847.22243976
6852.284665
6857.11905107
6861.58425267
6862.81921204
6859.21950655
6854.59239905
6851.79372003
6850.78917861
6852.09209246
6855.6368071
6861.53867089
6869.46488115
6879.35452974
6889.82862866
6899.88574497
6904.44498859
6906.66063214
6905.06772343
6903.43862808
6902.29741801
6897.72211623
6890.51391646
6879.78329113
6867.44687711
6855.91015834
6848.97775618
6844.55256061
6843.44242838
6848.04409651
6858.34641348
6870.50218011
6883.17953046
6888.95413469
6894.71738529
6900.40422718
6905.66165253
6910.92965787
6914.88880421
6918.34413257
6922.13206848
6921.38402559
6919.14273359
6914.75879161
6909.54641834
6906.29611735
6907.47099799
6913.64932151
6924.78267644
6936.30215916
6946.94891124
6957.61862845
6962.6304001
6962.6304001
6962.56751259
6961.39630498
6959.11706998
6956.72616662
6953.85299555
6950.0754863
6945.26501323
6936.90789492
6928.87406568
6921.49378427
6915.13969911
6912.60305256
6914.54120486
6920.8908573
6932.39237913
6946.50814108
6962.60413134
6975.26237081
6979.38827395
6971.4989473
6960.77436469
6946.50756259
6933.14357232
6925.81876964
6925.57417534
6927.13277924
6921.94222807
6909.11826331
6893.72223204
6878.20203575
6864.24911364
6857.19014191
6857.66951719
6865.62416378
6878.9588465
6893.47299593
6906.3680794
6917.62929329
6924.56871392
6927.29901331
6930.2334619
6933.17849047
6935.25715172
6934.66638686
6930.20807131
6924.33209992
6915.52823145
6901.85263331
6888.29621686
6875.5767417
6864.59453147
6858.24423782
6857.24596913
6862.97205734
6874.52069428
6888.2138421
6901.7382816
6912.67975399
6918.38861313
6921.41672738
6926.17100384
6930.62862938
6934.99068653
6936.99495332
6935.9164147
6928.03687349
6913.95796029
6899.55852499
6884.24210849
6867.82449491
6856.403473
6853.14702474
6854.63338083
6862.1095582
6874.00688873
6884.95289839
6895.95145951
6907.41617441
6919.73647451
6934.18025795
6944.75819131
6946.8502274
6947.25689487
6947.35182205
6947.2335952
6944.68275836
6936.85933012
6925.01696954
6911.27743146
6898.44748671
6891.48050792
6893.04963605
6898.11437038
6908.18155789
6922.87158744
6937.44969074
6945.5820923
6952.05896249
6955.0020744
6957.02536844
6956.50460017
6956.50460017
6956.65800305
6956.31669733
6952.00694073
6944.68951895
6937.87520425
6933.89583884
6931.58526812
6928.40177858
6926.51821985
6925.03812255
6923.88078461
6923.34397909
6921.49181882
6920.43046049
6922.19483054
6927.14236953
6933.91598821
6940.73513291
6945.28146867
6946.48410261
6948.80607575
6949.11732119
6945.13540487
6934.2569803
6919.48633931
6903.87971189
6893.84160889
6885.96364283
6881.63925685
6883.49734833
6886.10213754
6890.48476225
6893.40844963
6895.1402085
6898.81936846
6905.35532071
6912.91755285
6919.247955
6926.31135945
6933.99432056
6939.52246958
6937.60682937
6931.80243669
6920.51682888
6905.21708388
6889.19377354
6874.55094273
6862.44577605
6860.1062602
6865.29888835
6874.73389709
6884.21036852
6891.82866485
6897.43318076
6903.86496402
6910.62716635
6918.86705447
6927.32028481
6933.98793632
6939.74059299
6941.48050641
6938.51576058
6932.56494866
6925.24285022
6917.41372775
6910.92371272
6903.95950787
6898.03329894
6895.99160493
6896.86774375
6903.44363929
6913.55549554
6924.5095552
6934.36025716
6944.94060204
6954.09499712
6962.13114727
6968.59331838
6973.05513271
6974.71979438
6970.52331615
6961.16236036
6951.13089948
6942.00770073
6933.2375098
6925.75063395
6921.51156395
6918.24408964
6917.48673525
6917.55608366
6917.00408422
6917.53266551
6920.89345699
6926.90469613
6935.88070898
6947.57446183
6960.74805411
6970.99187447
6974.65876777
6974.29861601
6972.09680034
6966.49489109
6959.52432291
6954.98869956
6950.82878433
6948.69579434
6950.89458517
6953.22369527
6955.04212224
6957.75414013
6961.30148234
6967.91114604
6972.95703432
6973.861031
6973.72404871
6973.18042683
6972.50071478
6969.66559822
6965.59228835
6958.42289583
6951.10715375
6942.57885985
6937.17730829
6939.13111451
6942.46185967
6948.29816656
6955.22927235
6959.59958859
6963.7486102
6964.96665413
6961.25275027
6957.24020216
6955.51597055
6959.13081421
6967.17033072
6975.86900565
6981.58666054
6979.92572069
6972.07161885
6962.81413507
6952.43645484
6940.06486479
6928.32086047
6917.33704722
6906.68222423
6897.4486465
6889.17839841
6884.32830265
6884.66327292
6886.53638408
6891.17370914
6898.50165514
6909.00661585
6924.19348672
6937.26013608
6946.15050537
6953.4369399
6958.57208901
6958.67382558
6958.26402871
6956.67394273
6952.60031923
6949.96503762
6948.16972214
6945.78171817
6940.12253201
6934.22269639
6932.70563882
6934.39363501
6937.84120611
6941.06884864
6943.97917512
6946.50071139
6951.14428826
6955.36679131
6956.38089514
6954.01668569
6946.89181554
6936.55351406
6925.78790786
6914.90500177
6903.90368762
6897.85987912
6896.68593938
6897.95973387
6902.50641114
6910.28833487
6919.41467696
6925.97574797
6929.38867971
6928.60425504
6927.11795471
6930.19701042
6936.62728126
6943.94699606
6949.01192554
6950.98917084
6949.56806499
6945.77455332
6941.25436087
6940.32230423
6941.84851998
6944.04496899
6946.1640893
6946.69076786
6948.08782828
6950.53408493
6952.01291375
6949.90460344
6947.25996154
6947.47075981
6950.07896417
6955.85380537
6963.56208735
6969.88842618
6971.29051175
6967.44110317
6959.81875049
6950.2104404
6940.67506115
6934.06000989
6929.20382959
6926.84725892
6928.12791158
6933.03467091
6939.67359336
6947.05074538
6952.70377033
6957.65960326
6961.28081721
6963.59803005
6964.84318607
6965.46118849
6967.46705133
6968.61807472
6960.82454646
6945.00942076
6925.04566375
6904.89409451
6887.77728859
6878.9696774
6874.48696098
6874.69828198
6879.16402721
6885.01428045
6893.54672131
6904.07230533
6915.38080857
6927.21636673
6938.12986976
6945.63786376
6951.70854739
6954.73486345
6957.7427656
6958.55846327
6953.81557528
6944.04101718
6931.18082398
6914.46005676
6898.59494444
6887.84204398
6880.48603104
6876.21894288
6872.32238435
6868.61646079
6865.63538498
6865.20354299
6864.7512798
6863.14072384
6864.4230074
6870.16268651
6877.77642466
6884.75404616
6888.47466184
6891.81652365
6896.70162119
6901.9393014
6908.15939427
6916.07064757
6926.44905962
6938.10078524
6949.80581505
6961.19178639
6965.51751752
6966.65867183
6965.3165256
6963.95237606
6962.29007711
6963.14817141
6966.30808249
6971.70052467
6976.35275093
6979.58980951
6977.93735177
6973.95797241
6969.01789099
6967.00287694
6964.19310915
6959.2965395
6952.88616015
6947.22496672
6946.29493826
6946.86417375
6952.82185082
6961.42195343
6969.91837494
6976.99761453
6983.70812963
6990.68069115
6996.5056235
6999.9571952
7003.13800838
7006.13142751
7007.17750132
7002.38974944
6996.83140075
6994.59248542
6992.06453006
6990.15781106
6988.04851105
6986.25392739
6988.32373714
6991.1517237
6993.33424728
6995.46695151
6996.61132582
6996.07947575
6995.96285889
6997.08411474
6997.94791024
6996.7254754
6993.19626833
6987.25396639
6980.04725117
6972.84052899
6963.29875853
6952.80399448
6943.77441957
6937.35449174
6935.43747154
6932.97975673
6929.77618053
6926.60264371
6924.99770531
6928.46917548
6935.80810571
6947.00563755
6957.28190182
6964.91686964
6965.67510221
6961.78082277
6954.69609804
6947.12097198
6939.09821061
6931.7824058
6926.59302554
6925.54896597
6925.67453191
6925.24538719
6926.86571466
6930.55532218
6934.80200308
6935.56679414
6934.16332857
6933.88751703
6936.40664178
6939.69021608
6941.99744134
6941.7685846
6940.61988212
6934.93526356
6929.15828964
6922.31716951
6917.26044335
6914.42423255
6913.03412091
6913.5360292
6916.68133878
6919.20650626
6921.10383709
6919.74982147
6919.66743973
6918.25922084
6916.39749119
6915.33390255
6917.71640047
6922.90519528
6927.40604684
6935.41171854
6937.78689131
6936.77713656
6934.02583053
6930.42382504
6927.89862968
6929.18401476
6936.46159082
6944.86725999
6950.22981614
6954.79573673
6956.94983094
6960.246334
6965.57848837
6973.5787934
6981.56977995
6986.24011346
6988.35786771
6990.39140022
6990.57052126
6988.87463538
6986.79697776
6982.70773518
6979.08564304
6975.55184991
6976.35064608
6981.81829819
6991.7857564
7002.86260805
7013.15069292
7021.6546835
7031.02382868
7037.62767965
7042.3434416
7042.58968075
7041.55126664
7039.93625007
7039.24569319
7035.29527289
7028.08756798
7020.69405113
7009.91576706
6996.12373328
6981.2458427
6972.52703233
6969.53112502
6971.08034772
6977.95177903
6987.16775132
6994.55701666
7003.08657904
7010.5266813
7015.72075914
7016.52764015
7017.88268728
7019.4739372
7021.68430469
7024.93078629
7025.44480093
7023.4534908
7011.34835199
6993.84240738
6978.9964798
6969.39964879
6963.70239418
6965.8118545
6969.90113192
6972.58297106
6975.53234872
6979.64461915
6980.97479843
6979.47907507
6976.75927204
6974.77390705
6974.78802067
6975.77547241
6974.67138988
6971.75375219
6964.50233338
6955.6507783
6942.96375401
6929.41661423
6920.24978521
6914.96507353
6914.12755376
6921.28581569
6935.07393251
6951.99493892
6967.98167233
6980.00571182
6984.70584773
6982.71591063
6980.06661994
6977.64950357
6975.90296198
6975.90296198
6976.32485126
6976.91658491
6970.83434554
6957.9648478
6941.3240299
6926.53566499
6914.28700633
6910.47019499
6910.37919872
6914.06017777
6920.87413004
6929.30307101
6937.48632343
6943.24245101
6947.82755915
6949.95167672
6952.4813048
6955.24560234
6958.90203414
6960.98208236
6963.7924147
6963.40560387
6958.90346292
6948.6785583
6936.79406594
6927.69942898
6919.25820045
6914.56588453
6915.02278953
6918.65833317
6925.13891123
6933.44995989
6939.95682763
6948.26579932
6957.70402806
6966.5437068
6974.70689348
6980.12917291
6984.88336573
6986.05309577
6981.84899967
6969.26338438
6954.76318827
6939.65195248
6924.83109487
6914.11271529
6908.89614626
6906.00794855
6910.21846373
6917.88421667
6924.99594198
6927.53290217
6929.3500049
6934.84596789
6943.98058997
6953.68745147
6962.97811794
6971.0213702
6977.72500622
6982.64404615
6983.01191336
6978.05051165
6973.1497114
6969.04437581
6964.15450404
6959.89298466
6955.99664219
6951.82004849
6947.14333074
6940.28056973
6933.94195031
6934.93827446
6939.47606538
6945.18621391
6952.67981551
6961.66732137
6967.09897503
6969.520322
6967.39480352
6958.76206185
6946.52348136
6931.93552989
6916.70089573
6903.69263844
6894.02512083
6886.73764085
6884.02524659
6886.9851903
6891.62623717
6896.53554741
6900.55431248
6903.82959981
6906.92931368
6909.44371299
6918.34743621
6931.57073632
6942.88945712
6949.81465262
6952.42073819
6950.06993842
6942.59518287
6931.81400638
6921.76903824
6913.13524415
6908.48459304
6903.63523607
6901.27125662
6901.46762763
6906.49554109
6917.71813593
6931.60906961
6945.8703099
6956.68927605
6965.56446535
6970.13544593
6970.60177395
6970.07007024
6967.03175934
6959.22481442
6949.55852348
6935.79136452
6923.72312325
6912.54083413
6900.92245151
6893.10470357
6892.80503478
6895.8063436
6905.32863377
6919.32129705
6934.64511536
6951.78469822
6970.86612035
6986.54029801
6999.35544611
7004.08730804
7007.68674171
7010.04182088
7007.76790376
6997.27699394
6983.10638054
6968.22354148
6953.27434401
6944.44631162
6940.20274617
6937.21274219
6938.40039827
6940.14986016
6942.33358252
6945.93757437
6950.97629085
6956.0582891
6960.43533806
6961.94975412
6962.61544315
6964.58594179
6970.4379026
6977.57719304
6982.02876192
6980.76146319
6976.19435775
6968.2274236
6956.71664602
6945.53782083
6938.46351579
6934.58868875
6936.60057341
6941.78220338
6946.72940782
6950.12771018
6953.08414117
6956.42565449
6962.25549351
6968.74777368
6973.09201631
6973.34929545
6967.28408303
6953.18621228
6934.33762658
6916.27850464
6902.56280987
6895.96960858
6898.01632078
6902.85459594
6908.2853296
6912.33907555
6915.43480972
6921.07059166
6929.04229309
6937.4219444
6945.45947455
6953.62074457
6961.49347639
6968.42422674
6970.27820609
6966.55248861
6961.85939906
6952.86506987
6939.26086923
6927.00462058
6920.07333357
6914.90090359
6913.33100183
6918.18922424
6925.06619646
6930.37787387
6934.39624864
6936.87908222
6940.37385206
6943.71274478
6948.99831374
6955.19268845
6959.89552163
6966.98834514
6974.12608134
6978.06692527
6978.83262239
6975.42742003
6971.18262792
6963.73233597
6958.5294136
6953.14353686
6949.48854082
6946.48460443
6943.49858712
6943.18674228
6940.77640044
6937.73019288
6935.04261769
6935.50282632
6939.41679514
6947.6489469
6957.64208843
6964.35755898
6970.04056754
6972.89903256
6971.33249716
6965.49896421
6955.60429743
6946.44010296
6942.13508575
6942.10089942
6944.1504204
6947.72161986
6952.41647971
6956.28291524
6960.53169402
6963.27877643
6964.34834505
6966.40941481
6971.3156793
6980.3294121
6991.06674924
7000.47495256
7006.69082877
7009.13263178
7006.28438433
6999.59644405
6990.9045785
6979.93406341
6966.44900962
6954.44168344
6951.96830077
6953.57006098
6952.82764263
6947.83494702
6941.00313143
6933.48138622
6926.83154924
6923.30165913
6921.35360987
6922.35310523
6926.90435462
6930.07576569
6928.50474878
6922.94262252
6916.93210126
6908.85269025
6899.85772682
6893.60884216
6893.26342432
6898.48409849
6905.4995933
6910.93353998
6908.44876883
6903.63644183
6897.78360283
6893.01013882
6889.27712406
6886.39825179
6886.708863
6887.58595666
6888.81257332
6888.69703677
6886.22908348
6882.39971973
6877.66278386
6875.03914164
6876.0998936
6879.96369459
6886.74679902
6896.82066349
6906.94063246
6916.1878917
6922.29334711
6928.96960619
6938.09615737
6947.51100977
6954.36332322
6962.07470672
6970.06548418
6977.41754532
6979.83064715
6974.61055146
6966.043067
6953.27638613
6937.0124333
6921.48360852
6907.98497081
6897.41895562
6895.26215717
6897.65983508
6900.48389074
6900.19597981
6896.90798674
6893.13126506
6891.7057683
6892.34139009
6895.53088054
6900.99125629
6905.28971502
6909.20857656
6913.36732785
6915.83385236
6916.50885289
6916.21333804
6920.06860115
6926.90241704
6937.8521764
6948.55401691
6958.78366789
6967.59634605
6972.87793531
6974.14320586
6972.23218656
6970.21892888
6965.21722843
6961.78417519
6961.39562195
6964.2572303
6967.05458507
6966.1627993
6963.41842113
6959.41247332
6953.67724088
6949.7517651
6945.95461527
6947.39531989
6951.50858698
6956.9432864
6962.37546278
6965.0606404
6965.01212439
6962.41522487
6960.77653226
6960.49333285
6962.47674632
6965.75141335
6968.26202114
6968.45661488
6964.41257772
6955.2110954
6940.50946132
6922.97406279
6907.70608564
6898.89924808
6895.38473311
6897.09890745
6899.1927696
6901.1197704
6905.51422268
6912.91363588
6921.51793425
6928.50985756
6931.40561739
6934.6274472
6940.63142392
6949.6072207
6956.80525169
6958.4315243
6954.55054303
6946.24825527
6936.96601516
6929.55676772
6925.24281537
6927.45185165
6933.6664524
6942.78785995
6949.03089704
6954.57605907
6954.01961296
6951.13344342
6948.24567782
6948.74604581
6952.58721621
6959.27894103
6964.88949269
6966.37394606
6964.52392548
6959.61229433
6954.61871357
6945.83727356
6937.47812011
6930.67869266
6923.58163158
6918.29931747
6917.66066386
6919.42196725
6923.50649135
6928.27993446
6930.49727163
6934.34693809
6940.88710003
6950.75112107
6960.34409088
6969.86597681
6974.1269874
6975.75712122
6972.58870015
6960.44877562
6943.83413587
6928.90411898
6919.08845365
6917.22965823
6922.21562113
6928.98535769
6941.39806194
6954.45452858
6963.40227933
6969.09120516
6973.3894548
6974.18979824
6973.520708
6973.70504236
6976.78328262
6980.63826695
6981.43693069
6972.48354843
6960.45455349
6944.34831778
6928.75351792
6916.73257994
6913.51447892
6914.25318939
6923.82614921
6936.10808117
6945.63481104
6950.29958971
6955.58281685
6961.00480355
6964.90214965
6969.1071309
6970.8961876
6969.48532022
6966.0979533
6960.06411146
6954.42819709
6946.881821
6935.04186497
6920.52371494
6906.8734795
6895.10421006
6891.85189482
6894.25125242
6899.05603125
6905.61712318
6914.87210483
6921.71011648
6929.33525007
6936.35265456
6940.6052388
6943.4035763
6946.18950776
6948.67719224
6948.41831704
6942.77994238
6929.92599402
6913.61864093
6891.30430719
6868.46967911
6853.92477245
6850.88431488
6853.86427554
6863.60427792
6876.55418497
6888.97837527
6899.56007924
6907.61998208
6907.03261843
6905.29556259
6906.15798506
6914.18449613
6927.60684361
6940.99363871
6950.96118056
6957.43160379
6954.57665846
6948.25442478
6940.81777949
6930.86869338
6921.38961528
6917.45752528
6919.37004306
6926.65928638
6934.19386278
6942.38081611
6948.68800223
6951.92884535
6952.29202196
6951.16561551
6951.54899725
6954.60984116
6959.89769617
6964.99243502
6965.48409786
6960.37836781
6950.69150235
6937.67488142
6926.35364456
6921.82906121
6922.05320644
6926.04014094
6933.28850005
6942.285415
6951.52888272
6957.70547776
6962.63783676
6965.51875813
6967.2971721
6968.23590571
6971.1999685
6973.13890838
6974.54167001
6972.94089949
6967.82247067
6957.22546824
6942.49173873
6927.45752497
6916.66215819
6908.39999494
6904.03068931
6901.13883948
6900.35145966
6901.59413447
6905.10956944
6911.01213021
6916.70258937
6921.0466926
6926.03912336
6931.2985281
6934.04388899
6936.6246049
6939.9973285
6940.1403535
6936.47964929
6930.4312617
6921.18524307
6909.7923787
6899.82734594
6892.53069384
6891.79760094
6898.27443628
6905.52916569
6911.04391896
6917.20467886
6924.79172309
6933.17452471
6941.97255955
6948.73601642
6951.51080335
6953.88861763
6959.40684181
6965.64316012
6968.52602603
6961.32092778
6951.28218357
6940.50100708
6927.3106527
6915.58368927
6911.02002687
6909.96424429
6912.97835642
6916.82540227
6922.19680993
6930.94948603
6940.74466745
6948.45383458
6951.21234728
6953.38744814
6957.55914215
6964.63894628
6971.86431936
6975.00709894
6971.57856904
6962.24017413
6950.62327605
6939.21389352
6931.41565374
6922.29759862
6914.44751829
6909.94581643
6909.17825841
6915.33020862
6923.41497235
6934.04420263
6946.23875559
6957.95511811
6965.10040248
6968.81571422
6967.82347431
6963.58410461
6957.01054391
6950.23422099
6944.64101688
6938.72030705
6933.59251793
6928.26142993
6927.40576109
6932.32971465
6939.89881193
6948.73284521
6957.15363164
6961.69112286
6962.52209809
6962.59976135
6961.25590754
6961.83649666
6964.7810722
6971.79561215
6976.83430772
6977.33155328
6969.42639149
6957.31859723
6939.98497124
6919.09928454
6901.68772347
6890.99368204
6886.04094366
6888.55334267
6894.61910569
6902.88724197
6911.53830695
6920.30975243
6925.27526625
6926.43239509
6926.83338227
6929.64774309
6937.48547313
6945.21239207
6946.85415831
6944.77946977
6940.44881804
6937.60449452
6934.46483736
6934.73361649
6940.10896899
6947.71126987
6953.82448952
6956.71923177
6954.2354782
6949.59162254
6945.37810342
6943.1116369
6943.01470245
6946.07001939
6951.65698562
6957.5445964
6959.44555147
6957.32877298
6950.88429094
6939.74749299
6927.8430255
6916.31777187
6906.74173145
6903.98789541
6908.78470789
6916.17163141
6921.8357312
6924.74823223
6929.00582767
6933.14671565
6937.65911599
6941.70766951
6947.13507863
6955.30106713
6966.60989794
6979.40738484
6987.40247654
6988.13978611
6982.5384902
6971.47423975
6954.42674043
6938.12516522
6924.83372942
6913.02043244
6906.64414185
6905.72100641
6909.13566663
6912.56195229
6913.62402154
6913.77633017
6915.21427479
6916.6033131
6920.19208315
6926.17370111
6933.84068768
6947.79477373
6964.12148861
6974.3502196
6975.38580402
6973.02646638
6967.98244596
6962.49233752
6959.86501529
6956.15708446
6956.03250822
6960.73585018
6968.23774571
6975.88149534
6981.71387829
6986.58219282
6990.29766486
6992.9546013
6996.79043988
7003.99701571
7010.75732228
7012.64781584
7004.99120714
6991.1480925
6975.61691894
6962.69664701
6950.31935575
6939.85822045
6930.3452836
6925.0895728
6924.15782979
6925.48547907
6930.44684592
6935.14878698
6938.40780008
6943.40078843
6953.44839807
6969.91695312
6989.69035395
7009.58106164
7023.94192667
7033.66457453
7035.29102138
7030.58383215
7023.47286653
7016.19114351
7010.76422924
7007.42725319
7004.43162467
6998.22069694
6990.2613249
6979.30677737
6965.75535819
6950.61688485
6935.4715812
6924.17908734
6920.43976502
6921.94229079
6931.02928201
6944.29144511
6956.62265278
6964.19335309
6968.18372364
6967.17365526
6960.09334234
6951.84670059
6946.18742382
6945.21601631
6948.36543801
6954.87757483
6962.92272284
6969.47625265
6971.62518929
6970.61793666
6964.64064688
6958.77005609
6956.16428415
6957.22160006
6960.1074002
6963.39256358
6962.96537038
6957.72532743
6950.93276514
6943.98390057
6939.15805933
6940.28238882
6942.97041007
6950.84435462
6959.32817492
6966.29403159
6970.51612343
6973.15548231
6975.3146156
6975.1061243
6970.73234412
6965.9953525
6962.18350358
6960.61671727
6961.06615773
6960.58846912
6960.95894996
6962.5442408
6965.3827725
6964.9233863
6961.92487233
6956.15792779
6954.46266918
6954.85856151
6961.53380999
6972.18224176
6982.98121188
6988.85050631
6991.04653017
6988.56775296
6984.98509533
6982.44172302
6976.84990589
6968.39059798
6960.13911926
6949.9015995
6939.41004848
6930.4089099
6919.35496762
6908.82007907
6900.66002874
6893.84224314
6889.8459344
6890.76391924
6896.97996272
6907.41796562
6918.20098908
6923.88681339
6925.33602801
6924.85464546
6925.70905975
6927.81804613
6929.70021788
6931.94227655
6934.91604115
6934.96863443
6931.74582887
6926.13643417
6920.93373483
6915.77828999
6912.39277701
6905.20267753
6898.0869098
6897.19737523
6899.2734577
6904.28874905
6905.13424912
6902.6650831
6900.99368871
6897.44039439
6895.34046164
6896.52521136
6898.10690584
6899.58229164
6895.76920212
6889.29724556
6881.94116292
6874.20120369
6868.58788506
6867.10787138
6866.77778687
6869.83866562
6876.93376126
6887.15529952
6898.47928941
6911.1137692
6921.62617353
6928.00293807
6929.35731611
6928.26041235
6928.61721866
6926.54381255
6922.87556016
6919.88745891
6917.99080414
6916.29732977
6914.52868033
6912.82990203
6910.81272738
6910.81084556
6914.5299976
6917.42377107
6916.3186849
6914.53337093
6912.29904165
6908.61295382
6903.95659454
6900.21636616
6898.975608
6900.24973006
6905.067361
6909.89042133
6912.51694204
6909.80784444
6905.02784983
6902.32083617
6899.9944791
6897.39891079
6895.89052351
6894.62867508
6892.86437472
6893.09040874
6893.33313516
6892.48888267
6891.65670168
6893.21683891
6897.67866021
6904.5317682
6912.60974346
6918.42142643
6922.06793339
6919.20097232
6911.24248543
6900.51561677
6889.87086499
6879.11135726
6872.78538086
6872.4741842
6872.16647239
6876.91163946
6885.51749207
6897.41516411
6908.27844355
6916.07695514
6916.35551274
6914.80868762
6909.61495827
6905.04181709
6903.90163156
6906.6931318
6911.80598487
6917.81813007
6921.56548147
6925.07715281
6926.38353756
6925.07742463
6925.54798325
6928.04686802
6931.339482
6933.81874013
6933.87998976
6931.87025177
6928.13453278
6920.77219136
6911.82779303
6903.56878008
6895.10308097
6889.59657284
6888.5623266
6888.86396781
6889.09272001
6887.47006466
6883.91257458
6880.60724092
6878.19229909
6877.2984921
6881.20240365
6890.85598188
6902.81688992
6913.73640082
6923.7453496
6927.57012729
6929.81764322
6931.4708049
6933.82625345
6936.3761703
6937.55590882
6942.52145749
6947.79388161
6949.76262388
6947.74211772
6944.59841117
6939.20059535
6933.92058821
6929.25500106
6927.04431993
6927.40119594
6937.70989715
6950.26152823
6961.25484118
6966.75953022
6969.15826752
6968.53938692
6967.42211774
6968.86233448
6975.76034819
6984.13924678
6989.17552386
6987.32677177
6982.09429791
6972.51386658
6960.39394507
6948.19566333
6935.6677501
6923.36616361
6916.33789337
6917.68618687
6922.55222927
6931.0406426
6940.38233417
6946.463319
6947.68136293
6945.1145655
6940.162775
6938.42758703
6937.58255394
6939.29943253
6941.64039109
6944.03444476
6935.55623506
6921.76588794
6904.09057986
6885.73530882
6872.18842691
6866.29165099
6865.09126128
6870.69482234
6881.06719864
6892.16210875
6903.73371082
6912.88328985
6915.42730337
6910.01919332
6902.9221183
6901.06699591
6903.87620613
6907.90454059
6908.75756792
6902.05263553
6888.72876279
6875.69275916
6864.24667425
6859.85855742
6862.20671568
6866.32113278
6874.6684517
6885.53782962
6897.7297341
6908.33417319
6918.8663366
6927.2407258
6933.80468226
6938.18741849
6944.66729958
6953.42379507
6960.6672057
6961.98234439
6960.53950704
6951.84468634
6938.76478064
6925.11782792
6915.11837186
6908.30750019
6907.5987315
6914.21401973
6922.62683284
6933.43146233
6943.60964913
6952.53907656
6959.05970943
6962.2239696
6961.944952
6961.17358853
6960.65289693
6955.9059944
6947.75184741
6938.78482547
6929.55600803
6919.26178984
6909.0968594
6897.63324571
6887.87074517
6881.81561789
6878.98501072
6881.78201004
6887.47741768
6894.9636105
6903.36025392
6909.8414035
6913.58867824
6913.96339665
6915.68240099
6917.04819538
6918.40639978
6920.29894941
6919.855245
6914.82802851
6907.96806234
6903.9193973
6898.86591902
6894.19890308
6892.76349543
6894.79800369
6900.3533345
6905.79748482
6911.31655233
6914.19932066
6919.02210917
6924.76344706
6933.1708935
6943.45704776
6955.22870084
6970.11384686
6985.64602406
6997.86968941
7004.99221774
6999.07137548
6985.11339338
6968.91784109
6954.38371653
6942.10422396
6934.25191333
6931.6269399
6932.50831992
6934.73446679
6938.85269631
6944.35807535
6951.83156939
6960.51168404
6966.71426905
6965.22400994
6961.04085775
6955.78319544
6951.65877683
6950.25918642
6947.03107692
6941.40953405
6935.37192858
6930.98972902
6925.34665678
6921.52962242
6921.81697577
6926.7075236
6937.765118
6951.50598032
6963.65253999
6975.34908769
6986.14669871
6992.89305196
6997.53099036
7000.45034259
7002.14801968
7004.67437897
7004.10123348
6998.9099714
6990.34694057
6980.216991
6970.39322689
6961.72828525
6956.30352461
6952.87846561
6954.70761197
6959.36566488
6966.87329647
6972.40959305
6976.45257083
6979.88681588
6990.31089333
7004.35821989
7021.90301356
7039.68792002
7052.36432249
7057.80765735
7056.63730004
7047.76802103
7033.14198717
7015.20144753
6997.00528058
6978.23191178
6964.39076956
6955.07655251
6945.97365646
6938.03462197
6934.08719865
6933.82311012
6939.72697422
6947.04474448
6951.72770707
6957.35037205
6963.7064366
6970.87043459
6976.63080671
6979.01403645
6974.2418688
6966.20675016
6957.58291576
6946.34978972
6935.49529209
6925.85097658
6920.35966935
6916.26951374
6912.18921327
6910.10296203
6912.14186817
6916.05920334
6918.64207288
6921.30165083
6926.83669287
6935.73660367
6946.45415386
6955.98356705
6963.5944755
6969.64346946
6974.10692863
6973.68377087
6968.18297092
6959.61938948
6952.215669
6945.09374704
6939.69198638
6937.02737631
6935.78617907
6931.20226971
6922.50570659
6912.60126832
6906.22122106
6903.67898481
6903.53683799
6907.9746487
6913.40967569
6918.06742891
6921.41267102
6918.60166262
6906.50363987
6892.12070183
6880.78037499
6876.59302705
6875.62297166
6878.39270555
6878.80696999
6877.17924071
6872.77360208
6871.01744929
6874.71605469
6884.62588053
6896.53907407
6906.12643328
6916.86457193
6924.71683378
6932.01391102
6937.15515861
6935.9638295
6929.66874973
6921.01537778
6913.03267122
6903.8516101
6897.00277452
6895.24834324
6897.69626564
6901.81756183
6906.66646577
6912.69563792
6920.92677908
6930.18892558
6936.02999974
6940.96891025
6947.04334357
6951.08602165
6950.92758666
6948.73994036
6944.06890291
6934.23806456
6921.08330438
6906.67597242
6892.66341068
6881.65006684
6871.08686741
6863.54364162
6862.68239702
6866.48045989
6872.02415132
6874.26121272
6874.33920355
6873.80630105
6875.34681163
6879.14024663
6882.03550464
6887.09917958
6893.44360475
6899.93098523
6904.28088724
6906.17177808
6906.2983128
6905.0569901
6906.55299921
6912.45484907
6921.20482789
6929.81245777
6935.25079536
6934.50338672
6927.61106725
6918.99063405
6910.11929201
6902.08439641
6897.45583922
6897.21188613
6900.41018626
6905.13902335
6905.45629061
6905.26609474
6903.91729245
6901.74865947
6897.52757127
6889.77291296
6883.80418893
6880.84752098
6880.46199258
6882.90914134
6885.35271466
6880.91443697
6874.08906137
6866.44386902
6858.69197071
6852.89514014
6851.89965932
6853.39256692
6854.80190793
6858.28173476
6861.89503114
6861.64781624
6861.21444091
6861.07455924
6859.28550951
6859.02637644
6862.45483664
6871.95431502
6884.49720612
6902.63681404
6923.75100201
6940.42011686
6950.11503929
6955.71568005
6956.69698452
6963.28365521
6972.67223885
6982.34206342
6992.07484521
6999.12513967
7003.2093571
7006.50995138
7008.68893435
7009.16357024
7005.83820568
6998.95031894
6992.41833244
6985.00468712
6982.33753312
6981.77602702
6981.99224074
6980.42881382
6976.45154628
6970.83673614
6962.43247485
6955.03799618
6948.9671871
6941.29739174
6930.406589
6915.93553316
6900.62018302
6887.8624373
6877.23660823
6867.06779567
6860.45112047
6855.34184982
6850.84361189
6849.98376124
6851.4841264
6856.30039128
6863.3035358
6870.0729169
6874.82729094
6875.03914861
6876.20222956
6879.25385257
6879.93212886
6879.68795274
6876.89338584
6873.72371022
6871.22479757
6870.39826203
6874.85231213
6884.09325682
6897.6017915
6910.52298342
6919.7596557
6925.97940706
6928.84610328
6928.97874345
6931.13037736
6933.70302237
6933.47962289
6933.37995632
6934.6956944
6933.01626396
6930.16812802
6924.98655381
6918.41503523
6913.64617818
6911.10293133
6909.88992648
6908.7059713
6906.93456186
6907.76664527
6912.7934854
6920.42711504
6929.0935691
6935.83602629
6940.32172575
6939.87569347
6940.89303821
6942.88386046
6945.16461484
6948.10682069
6948.8140421
6945.32748953
6937.337646
6930.66789661
6929.28039861
6930.29298305
6932.20348659
6935.32689741
6940.63839361
6946.06756606
6947.90048999
6951.09310285
6956.06207364
6961.71339799
6967.12177986
6967.39490807
6967.49507645
6968.18503394
6970.07963963
6967.5087928
6961.39935073
6950.10529566
6937.09802109
6927.2886912
6924.73960375
6925.78411634
6928.02901168
6932.9104571
6941.52741939
6950.46210894
6960.99942992
6971.09671255
6976.78172838
6981.11667344
6982.36907794
6983.19669378
6985.72924216
6988.98659648
6990.08976598
6987.50202463
6981.06473531
6972.43617545
6961.68517772
6948.59044748
6939.12545512
6931.8567933
6927.53033733
6922.79116419
6917.69922019
6914.61064388
6913.94791
6916.17015384
6920.99178538
6929.15224692
6934.70266409
6935.13324457
6936.89917584
6937.43731954
6936.40143542
6934.20333459
6926.95365821
6915.02544498
6903.55969857
6895.74598608
6890.02934877
6886.7776399
6888.36341164
6892.0238092
6896.13060842
6899.08883759
6900.25548006
6898.59425444
6897.84025944
6898.89525445
6901.40980011
6903.67353452
6905.11596762
6903.46567048
6899.65817762
6896.70363543
6893.77863077
6891.51404607
6892.44331484
6893.37227694
6898.87610871
6907.78733828
6918.36196104
6929.41234878
6937.21776037
6938.70001131
6937.64703054
6934.31960993
6932.57921561
6932.15701967
6931.32371656
6931.07477318
6929.18292052
6922.75210604
6911.59660144
6899.88682527
6893.93362274
6892.96844613
6895.56634929
6900.31953151
6905.7567191
6909.21553928
6915.32428438
6923.13423324
6931.76353188
6938.6479756
6941.61397597
6943.34901757
6946.66474304
6949.73266815
6952.82997748
6955.7861018
6954.90397601
6947.30681179
6932.91837467
6916.49801503
6902.42288637
6890.21756524
6883.82569739
6883.38586117
6887.15948133
6895.14183941
6906.22023833
6915.81656752
6919.44517632
6918.59631687
6915.87047111
6914.27497664
6915.19767996
6920.40911233
6930.38415356
6938.80711453
6944.45193616
6943.80775559
6940.07462933
6934.3601108
6927.18023586
6926.55948739
6930.67462236
6938.55925145
6946.97474788
6953.04952272
6955.22878448
6955.83187175
6953.80153136
6951.9550723
6952.48441328
6954.41332378
6952.76893694
6949.11828301
6945.47852271
6942.78151056
6936.61498673
6927.35116054
6914.60579298
6899.62222796
6888.82339028
6885.9326765
6886.09426179
6890.02640059
6899.01702887
6909.06867397
6918.06052195
6925.26970444
6934.91960266
6944.40001894
6953.68584844
6962.49209358
6969.39265122
6967.88949121
6963.62792305
6953.99663389
6939.88077437
6923.47906562
6910.91938454
6900.53090826
6891.7308104
6888.54943964
6894.1861137
6902.46195149
6911.76521915
6922.0475819
6932.99280398
6943.68611359
6951.5017079
6956.24407316
6958.2246639
6960.40214839
6961.37649015
6960.23960128
6954.74189587
6945.72924337
6931.97175137
6912.46112179
6893.25053039
6880.39214234
6871.31101264
6866.76733233
6870.48719528
6881.81066244
6899.34588672
6919.58095285
6940.13507048
6954.32257144
6961.09877588
6963.77239078
6961.98394742
6957.38806413
6949.08095335
6939.11125787
6928.18594819
6915.77745362
6903.96706998
6892.2128481
6881.40010588
6876.18858988
6877.549157
6882.32513708
6889.27685922
6895.76994787
6904.90778298
6913.15018019
6918.32647835
6923.45222534
6928.51795634
6936.0910124
6945.82253964
6952.9126171
6952.41586638
6947.71468502
6940.8659749
6934.61488782
6930.58020397
6931.32076838
6931.19572518
6931.54531089
6933.07526239
6934.3674917
6937.41420108
6941.71471587
6950.96711177
6961.28333327
6967.83785975
6968.72018068
6964.1459801
6956.95585275
6949.01034342
6944.3818629
6937.46513557
6930.96382965
6927.59243726
6922.11166123
6915.59587229
6908.46684821
6900.5991485
6898.75990307
6906.53765196
6917.64408297
6930.84429947
6940.48778558
6950.13803926
6954.90387844
6958.0254841
6960.79421437
6964.26138423
6962.65047281
6959.69330304
6950.55389976
6937.35613659
6922.90736286
6913.08705571
6909.6777273
6908.89641808
6912.97013916
6920.73618594
6931.93332747
6945.05260496
6958.36761922
6973.15999867
6985.8803311
6995.37477039
7002.50494447
7008.37056588
7014.70666924
7021.8841257
7028.41068281
7031.73822191
7030.60425334
7024.48695643
7012.09641579
6997.38457111
6983.34650727
6970.16814772
6956.81698865
6944.49739248
6935.3813516
6928.86364599
6924.0916944
6922.19377812
6927.40000412
6936.46635112
6950.07055873
6963.5060162
6975.44678183
6981.74814826
6980.86984883
6974.13940041
6963.26334553
6948.22124209
6933.07626602
6924.84226032
6919.50165869
6916.32136823
6918.95960499
6926.44208296
6933.03623212
6936.65762729
6943.66093907
6951.35034017
6957.29471908
6961.65102624
6964.7672513
6964.45353161
6961.58923296
6956.56181436
6950.07189691
6942.37195067
6934.3846929
6927.92523996
6923.79627712
6925.63180771
6933.25054312
6941.77032703
6945.71315732
6946.97197394
6943.12501173
6935.31546712
6924.96602807
6915.58613563
6912.60305256
6913.8594716
6917.91116846
6922.35471523
6922.89787014
6916.80236745
6907.07413687
6896.09876391
6885.3377577
6879.29311284
6882.27517834
6889.06385155
6898.31947442
6906.82651076
6916.57121768
6923.15303746
6922.46155361
6921.94611018
6924.67972715
6927.91637452
6933.54657373
6939.20709807
6943.77584835
6947.27262546
6944.60763904
6936.27039131
6922.1796854
6903.38523329
6887.38208626
6878.78175365
6876.7493572
6884.19197551
6894.67545564
6907.76973284
6919.08740819
6928.43434794
6937.42540137
6942.40501488
6943.69642177
6945.62784832
6951.82675333
6960.64051179
6963.92227396
6963.42516779
6954.97752715
6938.93781713
6917.98968202
6898.58037082
6881.81824546
6868.83809693
6862.54474565
6859.85312106
6861.02988352
6865.00009774
6872.06297249
6878.48173637
6881.81810607
6882.59367923
6879.9039295
6877.62067996
6878.14176187
6884.19686824
6891.89498842
6898.15148398
6905.82026873
6914.99553804
6923.39793843
6929.75780146
6935.30116531
6938.49184061
6946.80377442
6956.67815939
6967.55795003
6972.13547515
6970.0410833
6965.66104435
6963.16300291
6962.77636632
6965.83226872
6970.90464183
6979.05452338
6987.41431805
6994.47036251
7000.12422382
7001.87227086
7002.25015352
7002.86747987
7004.14681525
7003.612477
6999.00650858
6991.44417887
6986.38687423
6981.65581381
6972.14226362
6963.60529246
6958.61083352
6959.07599063
6965.97145343
6978.22303239
6997.04470811
7013.45905291
7027.30048089
7032.39643943
7028.70250373
7018.28713839
7006.23281559
6996.59250766
6993.34296636
6990.65135572
6988.38929404
6986.68290484
6986.26337829
6987.93845268
6990.64542451
6996.3367061
7004.00264025
7010.31243303
7012.96320129
7012.93165647
7009.70697606
7004.53633032
6998.41283735
6991.39318164
6984.72824831
6978.64888742
6976.11691753
6977.29373574
6981.63864746
6985.21961145
6987.02505389
6984.76982251
6982.99390368
6981.68843893
6980.85402764
6979.85000895
6982.79530933
6990.59987062
6999.05416732
7005.98335645
7007.82491582
7004.20888731
6996.05733304
6986.71436602
6976.44371235
6965.59271351
6958.44211126
6956.18461473
6958.41896492
6961.33893049
6961.58325994
6960.47927498
6956.98311121
6950.14438865
6939.63880067
6930.39254507
6924.91156691
6918.53593844
6908.11067614
6893.66653028
6882.55520654
6874.76093949
6865.42517913
6857.0802299
6852.08149853
6851.59515356
6852.72480092
6851.38355378
6853.00965215
6857.44551135
6866.18055413
6878.85701236
6892.29611498
6901.78516671
6911.05343956
6921.76454279
6931.43264585
6935.63231619
6931.64671988
6923.92794153
6916.46607294
6911.57938631
6908.03086622
6904.22819639
6900.22303615
6897.8602276
6897.70724988
6898.08455404
6898.63152138
6898.06108013
6898.3095217
6898.28302991
6897.91339937
6900.84806401
6906.90381159
6915.16351454
6924.9786223
6931.56849905
6930.63603816
6924.26465423
6918.19647969
6915.98331736
6915.88887109
6916.42838782
6916.60023947
6914.78354098
6910.69188689
6904.87558998
6900.62702726
6900.0864581
6903.26211372
6908.89667596
6912.28032803
6913.95424545
6917.93529056
6924.31475236
6930.30235728
6933.21545073
6932.0262195
6919.69014698
6903.84673131
6891.20628547
6883.97843815
6881.70238134
6884.20146126
6890.65480178
6900.9613145
6912.62846405
6920.8336919
6927.2379658
6930.27896003
6932.74957574
6933.12203598
6937.31236694
6945.74379608
6953.67379088
6954.64702445
6951.22905363
6943.2360598
6935.82046298
6932.33503252
6934.00630146
6937.41620138
6942.43926393
6951.04642684
6961.15900097
6968.21551937
6970.56796399
6969.42561089
6964.50019369
6958.60823382
6953.88730733
6953.2959152
6957.35260932
6961.6711547
6963.71305084
6960.37967811
6958.03533228
6956.02778974
6954.06023231
6950.66554722
6952.31705012
6961.20761456
6973.11084841
6985.93877195
7001.70785588
7016.73791569
7026.05492759
7027.98525293
7025.46006455
7018.92374987
7011.99995528
7006.24563285
7005.38661159
7004.7009544
7000.80556678
6995.81913692
6990.36807964
6983.86341433
6977.08789292
6972.99105338
6972.19908751
6972.61962466
6971.75347341
6970.32636665
6968.8225027
6966.47214899
6961.89040721
6955.73626154
6954.68536472
6954.81249186
6953.50676226
6949.01206494
6942.57612773
6937.07046991
6930.90230123
6918.88284082
6900.8063295
6884.99795046
6874.48466098
6871.32369747
6873.35522271
6882.98025309
6896.54563952
6912.76686815
6927.5005419
6940.59093699
6950.35570268
6960.06705964
6967.49585706
6974.96268111
6982.25865017
6986.04646063
6987.42737228
6983.88244158
6977.39889443
6968.46334064
6954.66237171
6940.74048563
6930.96741904
6929.36807731
6934.34071415
6943.68055875
6953.88125067
6963.57772037
6972.33195768
6975.6093847
6972.67216915
6968.78531243
6965.62010439
6964.37844714
6964.29898571
6961.56053875
6954.11777407
6943.90719216
6928.76443943
6907.43086652
6883.77347351
6863.40515388
6847.94972691
6835.88136019
6831.53840695
6829.62948553
6825.17173453
6818.36604831
6811.67520167
6803.98945269
6794.65118324
6785.47231757
6780.85001916
6780.20928859
6781.72778192
6780.67898297
6774.81697883
6765.39514976
6751.17334399
6738.00168928
6729.29389102
6726.07946999
6731.8521227
6745.44042548
6766.3617691
6792.46410148
6822.6492016
6848.67234437
6873.58689521
6889.83370957
6897.6655781
6901.38383802
6899.86179015
6900.89081609
6904.20191368
6903.93708637
6899.1745578
6892.13826545
6882.31966587
6869.26756923
6855.25438021
6843.15109534
6834.16319221
6831.3912071
6833.70814115
6837.28073455
6842.8732138
6845.34877799
6846.11739541
6846.78244323
6849.76491297
6853.23121859
6856.45490931
6858.75267671
6857.9885199
6849.48173447
6837.35949204
6823.06563361
6810.22404251
6800.76394985
6790.46833075
6785.03572921
6788.7060307
6801.10929102
6820.95054178
6838.98621769
6855.14858031
6875.90551592
6895.13782487
6910.08863234
6924.65260111
6937.1162538
6941.18764003
6937.5132334
6928.39802191
6922.25800381
6920.30134001
6916.3365064
6906.96559789
6896.27397495
6892.37946551
6896.52057652
6901.23694483
6904.69136713
6909.64318552
6913.24215222
6914.9569399
6916.08937513
6918.51942028
6923.7431402
6929.66575277
6934.15100616
6935.97701615
6936.7540878
6934.43475618
6927.46780527
6920.77204499
6910.87124489
6902.11219153
6897.14033529
6895.77972635
6894.96673989
6896.82451076
6902.65335311
6913.16941654
6927.42229319
6942.84673292
6955.66160919
6967.27943424
6975.63725649
6986.02728701
6997.01892723
7001.23137999
6997.48727646
6992.42304395
6984.03390688
6975.29035411
6970.39193749
6967.14333014
6961.42366101
6953.6825239
6952.0784149
6956.45404204
6961.96533138
6964.67233109
6964.90598298
6966.90484825
6972.32197011
6978.12068946
6984.86251939
6993.22971587
6995.21593116
6988.44802065
6979.36160792
6967.56997274
6955.10029127
6946.26915041
6941.1901073
6942.52446142
6948.52396361
6953.20312074
6958.13044763
6960.22615675
6961.96898349
6964.74717859
6972.62285163
6984.52201518
6997.72710349
7010.02682907
7019.4110009
7025.96069738
7024.05664777
7014.87937816
6997.32670177
6977.31925875
6960.96504844
6949.11283271
6947.26606698
6946.96389607
6945.15025031
6940.73276321
6933.78613592
6925.51066056
6916.87559101
6910.5045695
6903.23848647
6901.95263442
6905.07104797
6911.32977383
6915.14987486
6919.37283094
6922.21588597
6922.22075082
6920.75719258
6919.98552942
6920.36302874
6922.63713404
6924.81236035
6925.37235403
6921.08781377
6915.34957739
6911.55874209
6911.60861719
6916.6793803
6923.18184319
6932.41329517
6943.79044288
6956.33832428
6966.48737776
6969.77716205
6967.94331813
6960.13538351
6948.32714653
6937.74148378
6923.87599643
6910.84556159
6902.01347284
6895.89139472
6892.0132083
6886.88304252
6883.77266502
6881.79318943
6881.58903327
6883.16454563
6890.04705178
6902.12060395
6914.5578903
6919.78756234
6920.15636349
6916.78645565
6912.06911158
6906.65585093
6904.1232677
6907.76444285
6915.72258822
6925.87781686
6936.63870458
6946.73623115
6954.44134193
6958.79472879
6961.22813333
6963.09184934
6963.69349389
6966.34852063
6972.53153475
6979.65726217
6985.1693809
6986.5939716
6983.07252178
6972.97270916
6957.04438175
6941.57644419
6926.30314219
6915.50764299
6911.92240657
6913.21826012
6917.4849998
6922.00166558
6925.26516717
6928.87232326
6932.0462016
6935.23435386
6938.03297016
6942.02017647
6951.03501049
6965.4248067
6973.05316029
6976.24328498
6975.07627311
6968.78156971
6955.07883857
6935.94374982
6921.18733397
6917.64181782
6914.98530654
6916.87909677
6925.41320338
6940.20158223
6949.36359519
6954.94528537
6958.02602774
6960.69158568
6966.38274878
6975.98351069
6984.52425942
6989.80773747
6992.14259059
6991.89810084
6991.86829844
6992.14139181
6993.3520409
6993.2229483
6991.60729052
6993.15146019
6995.67707372
6996.91806885
6993.00231579
6985.26404323
6974.48739007
6961.68839074
6947.65425781
6935.69449977
6923.87966249
6915.8145045
6910.88137882
6907.87311426
6899.0316931
6884.07837654
6865.45828516
6848.22224179
6831.74819462
6819.0397246
6807.77211254
6802.57682895
6804.66230656
6813.49980378
6821.30237174
6828.08255586
6830.60683122
6832.28395469
6837.30575573
6843.0440409
6847.20048523
6848.28218112
6848.640005
6849.11087726
6847.4732092
6842.36393855
6832.31378497
6818.11381523
6806.736556
6802.48303086
6806.83441045
6814.89779117
6823.98234997
6832.68324126
6839.23468714
6843.11081053
6843.36450725
6840.96637631
6837.84088853
6836.57003526
6837.83231581
6836.46806869
6829.0125913
6817.77507435
6806.76672779
6798.49413091
6794.87678513
6789.27999861
6784.46854281
6782.02928374
6786.84959104
6795.40042491
6804.2437697
6810.57260368
6810.54528249
6807.1013426
6805.60545198
6808.56952174
6813.36395755
6820.78487225
6827.60895846
6829.91844888
6830.24511128
6830.99833265
6833.25552948
6832.8031269
6824.96918837
6816.23192923
6813.25182918
6815.31876045
6817.17213344
6820.81679343
6830.34373936
6840.51188283
6842.69499883
6843.94048243
6844.70951803
6847.72369986
6853.71177872
6861.05581077
6868.88841809
6873.92806153
6880.34700663
6887.79915948
6892.59296105
6894.92889447
6896.01780399
6897.69188171
6900.11412777
6900.73910684
6902.37708854
6903.65531575
6905.30005107
6904.35929625
6900.4414732
6894.17722735
6886.64996912
6880.48949497
6875.69734522
6870.33135301
6865.38775189
6862.23536111
6861.13944705
6858.23650147
6857.05249053
6860.45439622
6871.26438541
6886.86499799
6899.98802517
6908.75158095
6914.7213365
6919.43296542
6922.81631083
6924.59321935
6926.32393974
6928.82577967
6933.30377761
6933.06609724
6933.25030615
6931.80392123
6929.26864074
6924.32141538
6921.33437352
6921.15917642
6923.77812108
6926.92785641
6934.55755515
6942.70292034
6947.84974367
6948.70635342
6950.30407122
6953.79873651
6956.83768862
6958.26998083
6957.93977783
6955.10714945
6952.62732677
6953.61572639
6955.62298317
6955.03455316
6949.26201196
6940.6974478
6934.09197986
6927.87885667
6922.74418151
6916.26441889
6916.77501141
6919.8514744
6922.77769178
6923.78930743
6923.50798286
6926.73031449
6932.16539027
6937.13650772
6943.67782663
6950.23131463
6955.63376528
6956.72384571
6954.05893595
6950.57254368
6944.2664518
6935.34949314
6925.97234676
6921.00702112
6922.278655
6930.35614935
6939.18477416
6947.65859296
6953.8725525
6952.06527006
6942.43258697
6931.65364078
6916.61920399
6902.5916156
6893.35331241
6890.31733636
6884.81185974
6873.30587731
6859.91452403
6846.69469483
6834.05571959
6825.65814223
6821.18723246
6819.69822789
6822.36517976
6826.86293678
6830.11596292
6835.81180268
6845.6003141
6858.87137053
6871.28187933
6880.01701272
6882.08365126
6882.22839778
6881.86000784
6881.25211148
6878.69395647
6871.58694266
6859.47299417
6845.01799651
6835.38463038
6829.91795403
6835.17442453
6846.42859206
6861.33585291
6877.87137971
6888.59118808
6894.46432282
6897.24977336
6899.39844515
6900.27443064
6899.64214037
6897.28855969
6896.97017031
6897.00570876
6899.80173233
6902.36331643
6900.06073995
6894.2616512
6884.90539995
6872.32837829
6862.10021882
6853.21602467
6850.88536033
6855.1128258
6861.30888021
6867.03901085
6869.72248089
6869.38298729
6864.4679619
6859.82684533
6859.59322132
6865.2910126
6869.75091723
6871.84621513
6871.5636639
6864.67307988
6847.41563956
6828.54137753
6809.05273035
6793.70476903
6783.11801204
6785.12891397
6799.84876683
6821.27288298
6840.47571014
6856.00236734
6868.41238826
6875.41693368
6879.03003492
6883.8618213
6895.01966075
6906.79635988
6914.23996789
6918.13032339
6923.14985928
6927.49348161
6925.97457009
6919.22241109
6914.43695921
6911.42086071
6912.7292597
6916.70850663
6923.80593014
6932.18885024
6940.60208153
6947.8392752
6948.2663778
6944.58408845
6938.76797972
6932.00703891
6927.55849487
6926.55626042
6925.98128888
6922.95484736
6916.13243388
6909.25820772
6900.22160039
6887.16827011
6872.88895045
6864.81944337
6864.08448956
6869.24540561
6874.46598221
6881.19307821
6893.04120969
6905.5207254
6909.63137189
6903.38156723
6900.52784857
6898.73167582
6899.09565394
6899.67081367
6899.89273557
6900.35145966
6899.07419427
6893.04559363
6889.42085998
6884.5445791
6879.92810735
6877.42639288
6885.66920828
6902.61747315
6918.20482241
6929.57099286
6938.17517971
6942.84745777
6949.40287636
6955.23762901
6963.25635493
6970.76270409
6974.66898534
6969.36382458
6955.85591718
6933.93175365
6904.32698477
6877.34881327
6857.08657232
6844.1053156
6833.8935349
6827.57014426
6822.95676008
6822.03078101
6818.87070962
6814.51598458
6811.18704458
6811.37041712
6815.26731716
6818.6771683
6824.08460229
6831.54328574
6834.56569181
6831.79733094
6819.60671586
6801.8480224
6785.64062861
6774.93957567
6766.79876866
6762.53805777
6766.69442543
6771.17225611
6776.57139616
6780.32087332
6787.74665984
6795.68059948
6805.32352105
6820.63369968
6841.14919128
6860.96123208
6878.01604957
6885.64278618
6884.40280167
6877.77346254
6866.32113278
6852.39325277
6839.9931985
6830.03274482
6825.37908281
6825.6580098
6832.2367002
6838.3609668
6845.58449291
6856.17960656
6863.18553894
6862.75871513
6859.58959709
6856.52077288
6861.01315627
6874.95059172
6887.80836644
6887.92167966
6883.22093739
6875.40578915
6867.8561373
6856.15563082
6841.84859967
6828.62835229
6822.00707709
6822.60340377
6826.60498158
6831.83454908
6835.55699081
6839.15572055
6844.48774249
6854.09385713
6867.36289234
6876.49700563
6885.25743899
6897.50534493
6910.89343639
6918.01567199
6913.8881937
6901.57947025
6884.48256977
6866.81138077
6851.55744754
6839.83728653
6830.84318038
6831.29021629
6835.04729738
6837.37642839
6845.50225057
6862.33126404
6879.65908429
6890.520461
6898.41900856
6900.36919055
6892.51715173
6880.55144855
6872.69031429
6863.42466901
6855.48444968
6850.26923974
6847.28398212
6842.27382046
6840.285577
6842.52793536
6842.95580463
6842.29284772
6839.59920192
6837.2120831
6833.61621094
6830.01970453
6826.25343739
6825.20742632
6823.64119758
6820.26764459
6815.80195512
6807.08685262
6794.83893971
6782.63920828
6765.28376018
6744.31936478
6727.05599326
6719.84738925
6713.3553112
6711.63876019
6715.62522772
6723.00396185
6727.70103806
6729.01636493
6729.30532828
6728.56262417
6730.02188211
6732.16429512
6733.20095984
6731.29433144
6727.66785537
6721.31986869
6711.07880135
6698.26337447
6689.05995458
6684.88804451
6682.59321832
6682.15689482
6683.78711925
6687.7308347
6692.20238568
6690.73162776
6687.20129159
6684.86121818
6683.4494308
6684.69233562
6693.03004334
6704.61318024
6717.74135802
6732.05318432
6745.28967805
6752.26355684
6757.85365943
6759.24161046
6757.19732372
6755.52737903
6759.53914653
6766.53175287
6774.94432203
6784.12737649
6792.4987966
6796.91653461
6796.37423697
6791.73401252
6784.25693605
6777.83548884
6779.24927652
6782.7017264
6785.60180744
6788.75371731
6786.45279962
6769.73614451
6747.9398957
6728.3320738
6715.86804475
6710.30692213
6708.9370435
6712.86549532
6720.49646254
6728.84107026
6728.97761345
6728.06116195
6729.0020701
6729.80051778
6729.74858662
6732.01834284
6735.24050719
6735.68761281
6731.15458916
6725.66436222
6719.32904644
6711.00444173
6705.34693527
6706.73683782
6713.5464201
6727.43283742
6741.28927811
6750.00111183
6755.29152472
6758.77471093
6761.40381739
6764.37938017
6766.73096055
6768.78652425
6772.36671461
6774.37517018
