7088.77765639
7089.67813337
7087.47355072
7080.97984176
7074.60224784
7070.31643212
7064.12047529
7058.69461344
7051.20282396
7042.84089657
7035.80961542
7034.5563397
7034.9386969
7035.57730171
7036.03553095
7039.5043596
7043.2711425
7045.44042367
7049.43054331
7053.85086707
7060.91448062
7068.63162108
7075.26313475
7078.8555848
7081.6265593
7083.40639509
7084.4630001
7086.65220761
7089.61542707
7093.78286957
7097.1883298
7097.70889594
7094.57100211
7089.4087897
7081.89219509
7072.12906728
7064.28498785
7061.01529021
7059.99318517
7060.71609536
7064.11930438
7068.99717435
7074.3202263
7077.08992535
7080.1410326
7082.49417419
7084.24335729
7083.69092572
7082.60084529
7080.75424684
7080.38607296
7081.49849821
7082.77051543
7082.53726778
7080.82815343
7076.80264867
7071.51273062
7066.71798118
7061.88873873
7058.18485729
7054.31184237
7050.22849615
7048.69637011
7051.18095308
7055.4008634
7059.72111636
7062.6976758
7066.17653384
7069.6597549
7072.70332095
7075.7567282
7077.89152334
7078.2433742
7076.78063142
7074.93999902
7072.22382719
7070.63470302
7071.18887701
7073.76016989
7077.17469072
7079.19742021
7079.02453008
7076.12707662
7071.8907457
7066.54320226
7061.33309414
7060.70097113
7063.03124517
7065.9373062
7068.98732618
7070.77193621
7071.88212419
7070.35903784
7066.97641031
7064.74181618
7062.02202012
7060.41862899
7060.00896455
7057.74808075
7053.72610265
7047.08335384
7038.58575446
7031.42207708
7025.35053618
7020.64488028
7017.73497198
7016.42577147
7017.5050419
7019.99941032
7024.44888132
7032.34292646
7038.51501211
7044.87779544
7052.6844337
7058.49355183
7061.21036487
7062.84496626
7066.18677928
7071.08101409
7075.91401319
7079.70926031
7080.77505833
7079.09424092
7073.35893181
7062.75248545
7052.66199826
7047.29962332
7045.64594589
7047.13373076
7053.0669024
7064.1927231
7074.23215033
7082.24235232
7090.19956376
7094.53392336
7097.90265333
7101.38080742
7105.34886103
7112.42149335
7119.24468047
7123.74584566
7128.83532239
7132.57086714
7136.62004097
7143.13239385
7148.27635962
7151.21959698
7152.50919872
7151.77319945
7148.04400409
7141.47039461
7135.00641834
7128.08371102
7121.87392632
7117.07640991
7112.11824214
7108.22790058
7105.07035222
7101.12864404
7099.25519137
7099.84210896
7100.17783893
7099.21441868
7096.35698517
7094.59205058
7095.03246529
7097.2490358
7102.29683378
7106.65059003
7109.55179319
7110.44816502
7110.21140465
7109.42717513
7109.56148106
7111.30418235
7112.71024761
7114.27055211
7115.63884165
7118.67079619
7120.5209004
7121.57527511
7120.91859092
7119.82483746
7115.04767254
7109.74568997
7104.60840116
7097.63989601
7091.87385057
7087.17734587
7081.85450301
7076.64708519
7071.54315332
7068.20722272
7064.6328172
7062.36007099
7057.83729278
7053.3613509
7049.3664361
7047.20566493
7047.32465148
7051.44798978
7055.37394646
7059.12491513
7063.09830752
7065.71309824
7069.00752434
7073.94748031
7080.91172001
7089.68125579
7099.7581242
7107.64927691
7112.47515996
7118.31952382
7123.9587
7127.54105096
7129.16589479
7128.89205567
7127.22741491
7125.99405857
7122.33629556
7117.77714254
7113.56138615
7109.67090519
7105.96247254
7101.78233126
7099.90720587
7098.86976751
7099.94965128
7100.3425327
7100.43843564
7100.23847523
7101.35376503
7103.66122029
7105.85430295
7107.60697089
7107.27200759
7104.51674974
7098.18297426
7091.17383581
7084.29735845
7075.74156912
7068.72555159
7064.88555907
7064.16435646
7063.93683093
7061.83407545
7058.31000504
7056.47238354
7059.54798926
7064.68403745
7071.34944473
7080.09614083
7087.76941406
7094.65122324
7100.89320791
7105.5384366
7107.33222571
7108.46947003
7109.29245103
7110.86404642
7113.77465867
7116.950607
7119.73241937
7122.00655952
7120.19179164
7112.97607159
7104.67147686
7097.55625973
7089.39862092
7083.91019217
7079.73586361
7073.45928837
7067.69634444
7063.4617211
7061.09309983
7060.08049448
7059.97230398
7060.0268209
7060.42081747
7061.80582033
7064.51674398
7064.76682343
7063.89363976
7062.80307146
7062.97778764
7064.64113901
7066.82250562
7069.60029648
7073.19597349
7076.07562636
7076.28346252
7075.07233949
7072.23450475
7069.84451441
7068.92541442
7068.44311188
7069.44764633
7072.49827267
7076.13548903
7078.58293749
7078.63723138
7076.73188541
7074.29203391
7071.81318002
7070.232531
7068.99500678
7068.36344135
7067.01274331
7065.40538643
7063.55594434
7062.80637509
7063.45313444
7061.92383112
7057.77414739
7053.46662806
7051.14060554
7048.72038069
7046.57987041
7044.29103118
7040.78676862
7036.92782551
7034.27773331
7032.43560243
7032.07977188
7034.63407265
7037.64241389
7042.08143733
7046.29816251
7049.20761081
7049.36729338
7046.85644861
7043.12201902
7039.52482261
7035.83788448
7033.40218692
7032.81204933
7035.04206437
7037.61604058
7039.7496439
7043.82111377
7048.57248387
7051.01385476
7052.67872552
7056.4771299
7063.58447128
7069.47247236
7072.25238898
7072.11431245
7070.23991887
7066.5567374
7064.03775204
7062.95777766
7063.61584185
7061.17699399
7057.49572222
7051.48726398
7047.10960866
7044.20415399
7043.28549309
7042.96116554
7041.36277865
7039.97461156
7037.37518203
7034.67811413
7032.66436159
7031.92981203
7033.2272477
7037.53599369
7041.96379593
7046.41500936
7049.87431044
7052.23099263
7057.52530855
7060.43805352
7060.43423413
7057.90277302
7055.41227279
7056.79417413
7060.66960753
7065.30303653
7069.35214066
7074.47454918
7078.58431749
7082.36394553
7086.32432551
7087.09628837
7083.59999217
7078.23871147
7072.40194458
7064.39995986
7057.51223341
7054.83970578
7050.75760714
7047.6935502
7046.10788997
7043.04885818
7040.96431451
7040.57342641
7039.47836963
7037.80938675
7034.98318443
7033.17890593
7033.50392348
7038.43940491
7043.84974526
7048.62599715
7050.92337424
7052.50081024
7051.40881315
7047.4448856
7043.16668079
7041.0567535
7038.97948619
7038.42545856
7037.50130554
7037.2234031
7036.09238968
7034.94903992
7033.84109617
7033.34899424
7034.44993344
7037.18436586
7039.15415359
7041.18024247
7042.75809665
7046.10216785
7049.5699859
7052.73340274
7056.85720801
7058.96604802
7057.44052227
7055.14236457
7052.20023539
7047.93714087
7040.43741988
7033.11928023
7028.04976469
7022.29507984
7016.79913776
7011.26351027
7006.15098477
7001.35096624
6996.62870157
6993.19219137
6991.24456726
6989.94407886
6988.41264282
6988.78719396
6988.42466553
6989.69482184
6989.97413913
6989.96951126
6989.70804334
6989.01481706
6987.15737377
6985.28651382
6984.02095054
6985.15358789
6987.6409448
6990.92518121
6995.18133393
7001.20737669
7010.93194817
7019.40893818
7025.99600614
7029.77388479
7029.36872974
7027.97882719
7026.15607901
7027.44680287
7029.23459108
7030.52478525
7030.39201962
7028.45984034
7026.93520672
7026.1584278
7025.65172436
7023.62284761
7018.05270621
7012.00448589
7007.17805223
7004.28426482
7003.6477091
7007.00765725
7011.06175865
7013.71821418
7016.07300061
7018.61083201
7020.00186365
7019.02646947
7016.57135435
7012.59983681
7008.04717954
7005.77035606
7004.40063774
7002.23945535
6999.64693976
6996.99451969
6993.30013096
6990.61730213
6985.17246181
6979.23465533
6972.74220788
6966.13938145
6962.40805337
6962.93113557
6965.9478474
6969.27287741
6973.54658677
6976.17712202
6980.24069523
6986.33775913
6993.11305054
7001.11438011
7011.07258258
7021.16516067
7030.31142213
7043.49532955
7055.28999654
7061.47897672
7063.32091245
7060.08286418
7055.48782422
7050.98904266
7049.19018658
7047.68625991
7044.62662175
7035.30376926
7023.91846701
7014.77139706
7001.66267169
6990.74367654
6981.62393476
6970.77173712
6963.14862475
6960.77509682
6958.78614244
6957.91938482
6958.32650533
6959.83000685
6964.87492635
6972.5457602
6978.18013426
6981.67447198
6978.96635014
6976.48311929
6974.69698289
6972.86776685
6972.34923585
6971.54840453
6969.50721233
6968.61286171
6968.37075558
6969.48425417
6972.26576684
6978.41458766
6984.99325017
6993.26071736
7000.04327815
7005.7695894
7008.70104101
7011.10974497
7011.69928317
7014.32343418
7017.64686813
7020.67954055
7022.30276044
7021.37572197
7016.35759396
7010.75092442
7006.00751371
7000.88836004
6996.97508122
6995.47932302
6994.19892824
6994.39833107
6993.58547704
6992.07258734
6993.96294848
7000.47866075
7007.56875911
7015.62273076
7022.68904157
7028.30716928
7032.04900766
7034.5450488
7033.89791309
7031.73508586
7029.6130104
7027.99496899
7025.5863417
7021.39279771
7012.49201571
7003.1173366
6992.54626838
6983.23504133
6975.92876409
6975.36796889
6979.28783406
6984.43064286
6987.91137574
6987.89672545
6986.04357549
6981.39362135
6978.74351521
6979.10087213
6982.72832395
6987.55698094
6993.00483913
6999.61591767
7003.587024
7001.466224
6997.11286502
6991.13404191
6984.73521134
6979.68087579
6976.32194521
6972.97107159
6970.5078786
6969.88569437
6969.17269509
6968.44790308
6967.1622671
6964.92393721
6960.47039591
6955.10392976
6949.6960288
6945.71759036
6944.44959466
6946.58503798
6952.22003234
6957.97574174
6963.52417952
6968.94781107
6973.556421
6977.8739976
6981.58420752
6984.01981448
6985.80719148
6986.32127582
6987.52200704
6990.07407752
6991.74293494
6992.01607709
6991.97441925
6990.73248322
6987.91960694
6985.99755462
6984.52899215
6986.07747606
6988.95795833
6993.90424278
6998.41839948
7003.0136067
7006.33061459
7007.96242114
7006.73346965
7001.7709737
6997.23618672
6993.53440315
6990.49701225
6988.34402622
6987.4601371
6987.40707685
6987.20993917
6984.86268697
6980.72944474
6976.73462752
6974.16673585
6972.24804292
6970.98902418
6970.5200895
6970.12665747
6969.90133436
6969.77293176
6967.20824614
6965.4000228
6965.07709615
6966.49122534
6967.33241117
6964.48012826
6960.20079436
6955.04929436
6949.17406872
6943.65964999
6939.87413257
6937.91753149
6939.31760282
6942.81241448
6946.6138228
6950.50339769
6952.92654982
6953.46430322
6952.98279521
6953.78614956
6955.07789797
6959.22835533
6963.68277482
6967.76653225
6973.91450277
6978.55573085
6982.75151211
6986.28115828
6989.49504264
6991.70607922
6992.43018122
6993.61741216
6998.91297565
7005.54510265
7012.77972451
7019.12264423
7024.42028469
7030.82825252
7036.42588935
7040.58701034
7043.28897794
7044.22649185
7046.0750697
7048.62260291
7050.05345936
7049.61932434
7047.61226271
7042.36383523
7037.17826041
7032.72142245
7030.27982155
7028.88958446
7029.59448497
7029.24954107
7029.32042282
7029.81239232
7032.01030498
7035.08131069
7038.94923773
7043.08211057
7045.10632461
7045.08554796
7041.40242225
7036.00093341
7032.30140802
7030.76061168
7031.76663764
7032.29919863
7033.65152061
7035.29226927
7035.83133994
7032.3600022
7027.94192965
7021.62380809
7016.13443146
7012.84958868
7014.45244314
7016.89344464
7017.29512181
7015.22664327
7011.075475
7005.97028859
7001.77797127
6999.5025696
6998.22377088
6997.8504952
6998.77160246
7000.18214923
6999.42863513
7000.26103218
7002.61328861
7007.31601725
7013.74295658
7018.60152747
7021.6368902
7024.46987403
7026.82298077
7028.87273872
7030.4929268
7034.00889843
7037.32168269
7040.34181664
7039.4750869
7037.80333009
7036.30200311
7037.51820007
7040.87779277
7042.9473307
7042.59418348
7040.47994196
7037.25238307
7034.5563397
7035.21720571
7036.58617131
7035.35895526
7030.48268832
7026.75103963
7024.27502938
7025.02571378
7028.06470074
7034.10323319
7041.15753522
7046.78500232
7053.07946875
7057.80334342
7060.08489932
7060.73907443
7060.33274847
7059.42312029
7057.89181667
7053.14333899
7048.34621985
7041.59811721
7037.83337642
7038.10585646
7043.10193237
7051.67074107
7059.19751142
7066.50546139
7072.23087354
7075.52401025
7080.09977204
7082.99215157
7086.5406159
7089.78343841
7091.58516601
7093.62110306
7094.50918096
7093.69247269
7091.29815417
7088.0991501
7082.45211211
7077.01178119
7069.81841292
7064.14875829
7061.17398308
7057.4558068
7054.36011444
7052.05461069
7052.2691029
7053.75847686
7056.84514347
7059.1827078
7061.07741106
7064.42990165
7067.44895529
7072.35217403
7077.29585181
7081.30941749
7086.03366853
7088.2714478
7087.10682655
7085.18411907
7082.55846261
7079.34558188
7077.24054035
7075.3360865
7073.67453331
7071.78762914
7070.44838926
7071.69275075
7075.69255826
7083.30794125
7090.84827462
7098.76856761
7105.80997572
7110.83742221
7114.33927325
7115.08043009
7111.16743703
7107.20858341
7104.03904719
7097.19676312
7091.44602312
7086.03389156
7080.63242363
7076.97379638
7071.79862731
7066.76691537
7063.39113905
7061.11828132
7061.44178645
7061.44178645
7061.28314934
7059.77098449
7058.38978011
7058.88260689
7060.67521813
7062.99652217
7064.26982878
7064.54591911
7067.07065446
7067.29804757
7068.63256199
7069.54488047
7072.95790282
7076.70943603
7084.34065416
7092.1307394
7096.53520015
7102.28080349
7106.11482996
7107.12055623
7105.87890596
7103.97875937
7102.00334013
7101.80679488
7102.02529466
7100.91913516
7101.11031375
7102.6965455
7104.52176792
7105.2259157
7104.88509786
7102.89274227
7099.56164864
7098.0291532
7102.09269156
7105.87047263
7108.70894858
7111.1208795
7112.39814489
7113.05294727
7112.27073896
7113.94172213
7114.72588196
7115.85434446
7118.7290628
7121.83301424
7124.06101505
7123.92845154
7123.77943957
7124.06101505
7124.12165135
7124.99418684
7124.8736112
7125.08200493
7124.41207833
7122.98391915
7121.49700549
7117.48100041
7113.00325338
7107.45126802
7100.97768055
7094.77709584
7088.58675658
7082.89263137
7077.70895928
7073.96551787
7072.58643925
7072.59359015
7073.29048248
7075.81863299
7078.21759331
7080.5887864
7085.38926493
7091.93627808
7100.02868756
7107.58759516
7112.32886617
7116.31065007
7118.67156286
7118.62437806
7117.90078484
7116.1324351
7109.42473574
7103.02537548
7094.7556989
7087.35586751
7080.63724665
7069.9008086
7058.99482587
7050.15600441
7042.92812224
7040.06822146
7038.69589647
7039.96201733
7045.7620191
7051.54889695
7057.31294907
7063.66345181
7069.80655051
7073.69204814
7076.43906782
7076.75627932
7074.21885216
7069.55514682
7063.91762943
7059.2482438
7056.90080342
7056.46401295
7058.20378696
7063.08209602
7068.4436346
7070.53739918
7070.5616537
7071.03617807
7070.37395994
7068.49647182
7067.18830283
7064.01402024
7060.62581
7059.13055361
7057.18829616
7054.88144726
7050.71907172
7047.76980558
7051.13917676
7055.80027543
7061.12713283
7064.78456129
7064.96625414
7064.16435646
7064.40936894
7066.81435108
7070.2293807
7073.69618117
7077.56648487
7080.33746635
7081.93549081
7082.88207925
7082.88207925
7083.38699148
7084.00153692
7081.16037067
7078.04811136
7075.16087546
7070.39925295
7064.84401275
7057.07279446
7048.22216634
7040.59215397
7032.20758205
7025.19914057
7021.75272644
7020.10728718
7023.60632247
7029.08936365
7035.6263056
7041.2669942
7046.07233758
7050.91314971
7060.58778337
7070.91112789
7078.05699772
7081.18046429
7080.89348033
7079.88401831
7079.54847653
7079.93930189
7080.04734603
7078.34447652
7074.73340346
7071.81306851
7069.58019589
7068.88582658
7067.35312206
7064.47346221
7061.23158757
7057.0018012
7052.9826737
7052.953861
7052.25308655
7052.33631859
7050.5234604
7046.49286777
7039.86032258
7032.95018161
7027.71625806
7022.83286112
7020.04320088
7021.40263195
7022.98538582
7023.44781081
7026.58496586
7029.84832805
7033.14543748
7036.4590581
7038.88203598
7041.17431824
7042.67100341
7044.84076548
7046.72638723
7045.82246025
7045.10450552
7044.99852441
7046.41464693
7047.58456516
7048.48788577
7049.15713631
7047.58761091
7042.4257888
7036.33492095
7032.19829842
7030.15206017
7030.56113218
7033.87276645
7039.63003705
7047.6593569
7055.1803215
7062.23071354
7068.87957477
7074.78592008
7077.25414519
7078.72356493
7078.91378171
7081.40230952
7081.97572683
7079.19481355
7075.32448196
7070.89053246
7066.86969042
7067.02379723
7073.46324019
7080.6780054
7087.46569588
7092.0897158
7092.49915721
7092.48581723
7091.76296977
7089.90843283
7089.09434516
7090.40604082
7091.11606405
7090.4328811
7088.14659278
7085.90652744
7085.60464926
7084.89880087
7083.36604059
7078.89217567
7074.1351183
7071.71590406
7069.60951738
7069.60951738
7069.86959136
7069.94903885
7066.45427599
7062.54679595
7058.14974399
7053.09569419
7048.66607286
7045.17215333
7042.65554463
7041.55437543
7039.6442831
7038.71412221
7040.83148615
7044.48858704
7049.02883826
7053.33387638
7056.06661516
7057.74440076
7058.32395139
7055.70803158
7050.6129791
7045.74893002
7043.07431149
7042.107957
7042.38374763
7042.24952534
7041.5098182
7043.42080963
7044.79450068
7047.85461974
7051.34264989
7055.4473373
7058.04804924
7058.79206365
7060.8567228
7062.29064591
7064.70997167
7068.09513616
7071.26935602
7074.63413417
7077.2962212
7076.93050066
7074.45864435
7071.43709555
7067.15762225
7063.7817832
7061.20987002
7058.81495908
7055.2119848
7050.34346816
7044.66719929
7039.51864747
7036.11342421
7031.46222946
7026.4019627
7022.41425457
7021.77104976
7023.91862034
7030.09893719
7035.37460919
7040.40681597
7044.49467158
7047.80703766
7050.12935231
7050.04214058
7044.45571798
7037.95063449
7032.05632584
7025.09680462
7019.70933879
7015.45694274
7014.21746004
7015.42952398
7016.87457072
7018.84391935
7023.62787275
7026.87805526
7031.44943311
7035.75935698
7038.39097253
7038.09931192
7036.60359553
7031.2460018
7025.91993197
7023.01343185
7024.72642135
7029.12720907
7034.1744913
7037.31699906
7040.54056432
7043.15598231
7044.51696762
7043.81849317
7042.04421918
7038.52302725
7034.31635237
7030.78149287
7026.70033513
7024.70397895
7023.28055916
7022.533499
7020.50853223
7017.51485523
7017.19990888
7016.92682945
7016.80028079
7019.82440837
7023.75736262
7029.53796078
7036.09163695
7042.79092389
7049.25660076
7054.29501754
7053.26396342
7050.95993724
7047.78503435
7046.1138839
7044.88327362
7043.33972425
7041.99499923
7041.59562903
7041.41404072
7042.20783963
7041.16976006
7039.95263612
7037.11846047
7034.67292868
7031.54767786
7028.40550464
7024.92949024
7020.13143019
7018.22087786
7018.66936347
7019.6083201
7020.10974051
7021.56380603
7023.56134706
7027.05882114
7029.59012194
7030.26015309
7029.73132786
7027.99616778
7025.79957937
7024.02535417
7019.58353589
7013.2383789
7005.67680888
6998.4348131
6993.6925036
6989.02955796
6987.02483814
6988.60902777
6990.8533725
6993.41744478
6995.64315255
6997.68397536
7000.34777694
7004.03271477
7007.95142994
7010.8731449
7013.74615566
7016.71216997
7018.56120085
7017.11387502
7014.4345171
7014.65810475
7015.89835412
7017.71059897
7016.24408559
7012.67543007
7007.22158492
6999.90425375
6992.12992001
6985.83520964
6981.32110869
6980.02232787
6980.90912335
6985.33322468
6989.9115792
6993.18100502
6995.65518921
6997.61510089
6998.89974021
7000.45189017
7001.99658256
7002.1226782
7000.30218123
6996.07064546
6991.50151185
6988.64071895
6986.71243573
6983.37459543
6978.48657759
6973.38347512
6969.21579565
6969.11360605
6978.49031334
6990.02874665
7001.37756955
7011.61305416
7016.22869651
7021.12584465
7024.48596705
7029.41251333
7035.38500796
7040.01183667
7043.03323213
7042.29602014
7041.776144
7041.69789529
7045.10415006
7049.10657818
7050.57830489
7049.8570047
7049.44384148
7048.79115092
7047.8389449
7044.91483934
7041.79264822
7039.89751285
7039.67419004
7040.34668149
7041.89384115
7042.52679355
7040.51058072
7037.8404646
7032.78905632
7028.65226652
7025.44879487
7022.29473136
7017.96597538
7010.11699626
6999.12451968
6987.39380656
6977.62253815
6974.7308765
6973.75813777
6975.20152572
6977.34384116
6980.07084388
6984.25298546
6989.09847425
6992.8990253
6998.50710272
7003.93424002
7008.34790076
7011.82779031
7016.93076733
7022.38038885
7023.75611505
7025.36083738
7027.55148762
7027.10777624
7024.9282566
7021.00160992
7018.04057895
7015.4059037
7015.84299387
7017.08088051
7017.88055486
7017.46251286
7011.83208364
7004.54380214
6998.60716656
6992.22464506
6987.66890023
6988.94702986
6991.04911624
6992.58320774
6991.61183507
6990.99510811
6991.00794628
6992.84185293
6995.04543194
6995.8565087
6992.99195218
6989.44573906
6986.7109233
6983.81787468
6982.9974655
6984.69816047
6986.50500381
6987.42766532
6989.76492995
6991.18264156
6992.46182361
6994.57732665
6996.97293456
7000.41302718
7005.76954061
7012.26707593
7020.15990834
7026.87411738
7034.08118806
7040.18810013
7045.11879338
7047.23470763
7046.40955209
7040.89134185
7033.43819234
7026.86649254
7020.54072523
7016.37165183
7011.44005948
7007.28744849
7004.20701278
7001.1251901
6994.69014502
6986.650517
6981.02188596
6979.76448419
6980.19023467
6983.16006837
6986.25465952
6992.621088
6997.80308039
7002.17046239
7005.27036444
7009.08200427
7011.03228383
7012.03642101
7012.44606454
7014.01386843
7015.83862387
7015.80850087
7014.64724597
7012.41349518
7009.10816848
7003.14971081
6996.1328151
6989.32927554
6983.41975205
6982.42438971
6987.15234862
6995.22906933
7010.73359777
7025.58206231
7038.42838583
7048.91555989
7057.9516654
7063.48371744
7062.64290798
7056.91652007
7051.31730112
7048.4894888
7047.6922399
7045.41662914
7042.10065973
7036.94343065
7032.15453574
7029.03541825
7028.77086276
7028.71409464
7028.54473117
7028.98083861
7032.22066416
7035.65416345
7038.98133316
7043.14469839
7047.07683718
7050.50009103
7052.53885081
7054.07817654
7053.41794478
7050.04426634
7045.88697867
7042.5960653
7040.12629989
7038.3411044
7036.93859368
7036.89973069
7036.80417624
7037.29343454
7037.70735049
7038.09422404
7038.2284533
7037.34147661
7036.10127604
7034.9027542
7034.39746562
7036.94216913
7038.65872015
7040.3308812
7042.40954245
7043.95535697
7043.52426073
7043.56444797
7040.67231934
7036.76090841
7033.00885943
7026.20636532
7020.09577325
7015.28931473
7011.9771438
7011.18287095
7010.84890432
7011.75475493
7011.81282638
7013.99946208
7020.16130925
7027.14684832
7036.85864437
7045.44049336
7055.04516527
7063.74074567
7067.19635979
7069.62399342
7071.13024798
7074.88155816
7076.75627932
7077.11960926
7078.06575862
7080.58148913
7082.17545026
7080.71809506
7077.77496224
7075.435537
7072.31795285
7070.63047939
7069.33033947
7066.28436888
7059.26455984
7052.7082561
7048.3627868
7047.0887902
7049.12166059
7051.74050767
7052.82906173
7056.96637426
7063.42378508
7070.93177211
7077.27003608
7081.55375392
7083.56272524
7082.90181742
7078.12155099
7073.36884271
7067.90491241
7063.54459071
7059.68982942
7056.25794709
7053.69510844
7054.00383783
7056.4322451
7060.87940914
7064.00626995
7069.56799893
7075.24354992
7076.99777908
7076.74860569
7076.33156732
7076.87017102
7078.18581153
7078.57978719
7078.9979895
7081.26207936
7083.82369831
7088.66896407
7093.80733318
7097.0667784
7102.52732143
7107.23848338
7110.63641635
7113.12062296
7116.83916166
7121.27167541
7126.03852519
7130.22082707
7134.66763565
7140.00167183
7145.93580529
7154.9331872
7163.51893922
7169.35912823
7173.25099616
7176.50152715
7179.20910535
7182.1592427
7181.1115589
7177.06731962
7167.47457981
7157.45607559
7148.5811581
7142.54818747
7139.0483646
7137.33807237
7138.92143261
7143.6026249
7148.80717818
7152.9636922
7155.95800345
7153.42326659
7149.1934384
7148.75505187
7149.24488168
7149.16368479
7149.55648258
7150.99712447
7154.20812338
7156.83633076
7152.87211745
7147.06552234
7138.2486554
7130.16311803
7127.38242082
7130.26578157
7136.67880243
7146.29969281
7154.10254652
7159.53945532
7161.15614462
7160.28368579
7158.0883589
7157.42095532
7157.31325967
7159.51617656
7165.79997937
7172.0060074
7171.87016118
7167.48149375
7160.06322056
7154.00942449
7154.43234528
7158.09994252
7162.18388813
7164.27535968
7165.58035747
7165.80423785
7165.99770947
7162.1383203
7158.69766314
7155.61182592
7152.52432295
7151.4304998
7152.21626265
7152.48250481
7151.3996171
7150.87376096
7150.06178511
7149.61489555
7149.82029929
7147.4786089
7145.69242372
7146.67619546
7149.94637401
7155.87869535
7161.17781338
7165.34172225
7168.68216224
7169.78323387
7170.75027836
7170.18920437
7169.79256628
7169.75576632
7168.4066504
7167.78411072
7163.92088822
7157.7232935
7148.90371535
7138.320032
7130.50442375
7122.57396199
7116.71551936
7115.04725436
7113.21499256
7111.35896411
7111.24960968
7113.47363775
7115.95205952
7119.21359565
7125.08542008
7131.12145041
7138.94395168
7144.63051478
7148.33700289
7150.8959873
7155.06338101
7159.14476875
7159.07904457
7154.35044445
7149.43521694
7144.11058984
7139.33732795
7133.75097505
7129.2937189
7128.12260189
7128.82556483
7128.26234418
7126.78302748
7123.83770618
7121.36813592
7120.05490693
7118.956205
7118.956205
7119.1764472
7119.72781938
7121.44605705
7123.4168066
7124.74167497
7124.47431766
7124.13273316
7125.14863517
7126.72280935
7129.97646974
7133.81990529
7135.94223862
7136.52553894
7133.99672632
7133.93678699
7135.57501959
7138.95998893
7140.76185592
7136.63837126
7130.94337483
7124.95208991
7120.26176733
7119.63686492
7119.63031342
7118.95892318
7115.27718444
7110.14163806
7103.3934448
7097.64777176
7095.13485003
7096.29948523
7104.56498
7115.00850289
7125.63170438
7134.57332878
7140.60098851
7141.92433052
7140.76115198
7138.18369092
7135.87868202
7134.85616577
7133.98752633
7135.4901915
7137.69763868
7138.86561236
7137.77423557
7134.86160212
7132.25346746
7130.30125729
7128.93603441
7128.40633797
7126.13547358
7122.13480182
7117.22430673
7110.46558925
7105.30362774
7101.14049251
7097.20777523
7089.22222504
7081.24791695
7073.18066108
7067.54814095
7063.06224635
7060.49873164
7063.61119307
7070.68287055
7076.94366641
7080.44940654
7083.22239528
7083.45800565
7083.81329954
7082.89939893
7082.09453913
7080.45347684
7079.47245115
7078.7156613
7075.5747705
7071.88901025
7064.70194259
7056.51204805
7050.18375771
7045.96794556
7045.07997221
7045.87261414
7048.08297466
7050.55147856
7050.22726252
7049.19018658
7049.66234126
7054.86610697
7061.44159827
7066.30953643
7068.62401018
7068.82689089
7068.53909845
7067.56757942
7065.2370266
7060.84545978
7055.25051325
7050.78227287
7046.69075817
7042.23463808
7036.89435009
7031.45190038
7025.25600628
7019.15390329
7016.24136741
7012.71512942
7009.8263114
7009.79613264
7011.56770239
7015.45439183
7018.93235078
7022.37183007
7024.74526739
7023.5994852
7019.14262633
7015.40483037
7012.65638887
7010.61590758
7013.0573412
7016.26012285
7017.98594355
7017.71919957
7019.44043421
7020.60313184
7020.79756528
7021.29180691
7022.05233251
7025.06603343
7028.26035388
7031.13749767
7032.50073418
7028.82892725
7024.67895079
7021.76953037
7020.44535199
7016.43785691
7010.92191182
7001.46213977
6989.47119236
6979.41116273
6971.81357335
6967.10347776
6965.94525468
6968.15989458
6975.50104118
6982.17058845
6988.78688729
6994.45953192
6998.05570378
7001.84556332
7005.67341465
7007.72492896
7006.70860876
7006.40729512
7005.28863897
7004.64591507
7003.14024597
7001.20846396
6999.52559049
7001.03676565
7005.77749303
7011.82993
7019.3601155
7025.78380696
7029.85722137
7034.31933539
7038.89361961
7042.30105226
7040.58283549
7038.49714879
7032.15948422
7023.33307577
7013.36514362
7005.45226638
6997.91087362
6989.94453189
6982.59743318
6981.99498014
6984.05520657
6988.69793314
6994.8523088
6999.19457203
7004.12011468
7007.2931009
7008.22398664
7008.13649612
7008.45349853
7007.86658791
7007.87048396
7010.03478877
7016.82696773
7025.99451463
7033.67904391
7038.85120904
7041.78098096
7039.85116441
7035.4108237
7029.41981757
7024.41532924
7017.92323724
7011.22279334
7005.11567914
7001.54509302
7001.45333705
7002.17112451
7003.9889033
7008.42251129
7014.2712312
7021.21621365
7028.18330395
7031.04170625
7032.25206261
7035.36362496
7041.31215779
7045.35231982
7045.05513223
7038.33784259
7028.29308354
7019.53642078
7014.00323965
7011.06729258
7008.55938903
7006.77489051
7004.43229407
7002.43193031
7000.37867358
6999.16283903
6999.42166544
7001.5289094
7004.10853803
7008.2526251
7012.5261881
7016.61214795
7020.88815731
7024.83881457
7029.61027828
7032.15441029
7034.68595503
7038.33628835
7042.52934446
7046.72656844
7051.55183119
7054.49269886
7054.22396155
7051.83504454
7048.40314131
7045.94134226
7043.3913139
7040.87924944
7036.96006033
7032.48951995
7026.51467653
7021.45758795
7019.86349439
7022.18516086
7024.57581332
7026.63434611
7028.85808146
7033.86385918
7038.40718403
7039.27254771
7038.3089811
7038.81344726
7040.39875901
7042.4190979
7043.99955177
7044.30056572
7043.38738299
7042.52915627
7040.58898276
7038.81326605
7038.291529
7040.74881866
7042.86322746
7042.62804921
7037.77853193
7032.30970195
7029.92817281
7031.57755692
7033.75558505
7036.15603689
7039.00569919
7044.65793657
7051.45373977
7055.9259947
7060.11568445
7062.0383501
7063.2051459
7063.74996657
7062.85084868
7061.53598181
7059.47158054
7057.45872013
7054.78525856
7051.9900853
7048.52137513
7046.04618033
7044.78895977
7048.26339206
7052.79236631
7057.61330786
7061.30607265
7065.94049135
7071.06418925
7077.57661183
7082.58277986
7082.0349901
7079.93209524
7075.74804396
7072.30027772
7071.14293281
7071.78581702
7071.76742401
7070.46234955
7069.1714166
7065.19877694
7060.65430906
7053.77973442
7048.81259666
7043.41075933
7038.56812114
7037.37091658
7039.69460426
7045.16505818
7059.76544358
7072.65411494
7085.45927547
7095.25779536
7101.96277654
7103.98203512
7103.44495081
7102.28045501
7102.47658208
7102.88124229
7099.43368513
7089.90877435
7078.80061485
7068.50827151
7060.83982827
7059.25572228
7058.58873688
7061.32161506
7064.65764324
7067.01302209
7069.70038819
7072.77197937
7077.4900901
7081.77120824
7084.1829022
7082.45853816
7074.79103583
7067.78611405
7062.50024539
7058.91409595
7053.00943034
7046.49928685
7044.35628839
7046.04654276
7052.76951967
7058.73458461
7063.13227082
7063.6360888
7062.30381165
7059.42103635
7057.46077619
7056.45433205
7056.72357117
7057.23624066
7057.82675461
7060.87150551
7065.36708101
7069.65953884
7074.13594073
7078.34637925
7081.07969651
7082.68262067
7083.22239528
7082.81160175
7079.78679114
7077.31859391
7072.95629282
7069.66268217
7063.46885109
7055.10069976
7050.25191431
7047.68085143
7046.54918286
7045.75426184
7043.5174862
7040.48861225
7039.15900449
7042.11812578
7046.64491852
7053.16599746
7060.31477364
7063.47854593
7065.82848146
7063.05186151
7057.32239997
7051.59424175
7046.64965094
7043.96406211
7047.29042333
7052.5020857
7059.6583543
7065.0851919
7064.16929797
7063.37245331
7063.7086851
7066.77740475
7071.66690017
7076.12962055
7078.97587468
7081.17426824
7082.4313494
7083.22239528
7083.42091993
7085.21891177
7087.18562586
7088.67180771
7089.30548495
7088.68595618
7087.92794663
7087.5049213
7087.9264133
7086.26268557
7082.92085164
7078.58105568
7069.66814641
7057.9978605
7044.3089851
7033.29640096
7026.97080789
7022.48593783
7018.79914607
7017.27530698
7018.29794869
7019.36415792
7021.71447679
7023.71612297
7025.98258949
7028.29403142
7029.8988583
7034.46631222
7037.61923967
7036.38012636
7033.62972639
7029.28770012
7025.96175708
7022.77370936
7021.41180406
7018.9642162
7017.56262548
7017.69015687
7017.19166373
7016.16459628
7012.37637461
7009.01055798
7004.44518799
7001.07008076
7003.12157417
7005.98876524
7010.66150329
7013.68518482
7018.74550733
7022.00005286
7021.99500681
7021.21496607
7019.21089444
7016.50098836
7016.01363279
7017.60633938
7019.95184915
7025.30130926
7031.03778928
7037.16814739
7041.94214807
7042.82807234
7042.03890828
7038.6625465
7035.72831398
7034.94854507
7036.9569867
7045.15677122
7054.88426301
7063.23172133
7073.32553305
7081.7333001
7084.71549803
7084.70682076
7081.75840492
7077.36189659
7072.59157591
7069.79124507
7067.67645295
7065.18532544
7065.29253321
7065.61668652
7066.0458173
7064.72069802
7060.60929183
7055.62687651
7053.10452479
7052.19090298
7051.72509768
7051.60950538
7050.34952482
7048.7927191
7047.37309082
7046.69098817
7046.51508714
7048.1347734
7051.2196488
7054.88914876
7057.2137425
7061.38366621
7065.63125317
7069.12336059
7071.72697889
7073.43416961
7072.24311929
7069.36932792
7066.21651198
7064.63167417
7067.71779018
7073.1927744
7080.64035513
7086.71837784
7090.22883645
7091.39013317
7091.69394893
7092.41109518
7092.78738874
7093.78635441
7094.53949911
7095.60530411
7096.835315
7095.27459232
7091.98425046
7087.01511936
7083.13887051
7081.77417733
7083.28778491
7087.63174178
7092.29266621
7098.72493735
7103.84396557
7107.21604098
7110.27434095
7115.72226884
7121.7350204
7128.2214321
7135.43484519
7142.02769102
7145.29855957
7147.06789204
7148.00050626
7150.83918433
7152.08481429
7152.01775891
7148.26522205
7143.83925284
7140.16183531
7137.20293009
7136.02296157
7137.0346051
7139.27961892
7142.77958118
7143.54214193
7144.59685815
7146.06495365
7146.73501964
7145.93170014
7140.04404058
7133.19862712
7126.83536985
7121.35524199
7117.31839755
7113.02876244
7111.08589166
7109.37943276
7108.93936653
7109.40431455
7108.56843963
7109.02530281
7111.01710082
7116.26207133
7122.62693163
7129.39519759
7135.97694768
7145.11616975
7155.03557195
7167.5850494
7178.97283983
7187.67163325
7195.08341069
7196.82158168
7195.62871924
7189.17597811
7181.48512035
7177.470788
7172.72750274
7168.48387456
7169.14117906
7171.73780676
7175.93467529
7178.26402236
7174.87619544
7170.10856506
7164.78184705
7160.2236001
7158.21905452
7157.87607608
7158.81264908
7158.05567105
7157.41266139
7157.43007168
7158.77683881
7161.00922355
7163.2468495
7165.46766455
7166.80313382
7166.88237919
7168.26306781
7171.79712579
7176.24196893
7181.77289885
7187.93856541
7188.7917391
7186.31791036
7178.90090566
7170.41022718
7161.64060777
7153.64972576
7148.50281879
7143.56221464
7140.62761969
7138.77953669
7138.28852203
7138.38094012
7138.86512448
7137.66495084
7137.08695444
7140.21118071
7146.19130716
7156.12172844
7165.95429527
7172.2376102
7176.20572654
7178.35169409
7178.44041824
7177.25842851
7171.60984325
7164.62321691
7158.10759524
7152.60022287
7151.9176881
7154.27664241
7158.68219042
7161.20116881
7161.16903854
7160.40731415
7159.07758094
7157.27891304
7152.1251688
7143.58835097
7134.81741429
7126.71110027
7119.95844642
7113.29535308
7106.99280181
7101.45273462
7098.62729199
7098.59551021
7101.05378957
7104.21119853
7105.38573069
7106.11364511
7107.23158339
7109.59019618
7110.69328902
7107.87161002
7104.69217684
7107.30811059
7111.86182724
7114.37663079
7111.7773546
7108.0610462
7105.33959134
7102.54300323
7097.85972003
7091.95547261
7083.83366497
7076.20971623
7071.3589932
7070.00503334
7071.91184295
7075.14563972
7076.82300016
7076.05700335
7071.58175146
7068.06945983
7066.35635881
7067.27071244
7068.23858632
7070.95437482
7073.91926701
7078.38425951
7081.79933094
7083.67269301
7084.08036412
7085.91453562
7086.57848223
7084.5025043
7080.76521713
7078.28070386
7079.82726413
7083.84774374
7091.30301205
7099.49034871
7107.72190108
7113.76155565
7115.35252678
7116.39177726
7118.16542397
7120.1454432
7121.98202622
7123.38042482
7123.88196371
7125.08200493
7125.45355911
7126.47099445
7128.48523486
7128.35092894
7127.83858703
7128.33015926
7131.61093174
7136.0881212
7138.46332186
7135.46112789
7131.74600433
7130.3146391
7128.94830107
7126.91649704
7126.44332478
7127.40792988
7129.89074255
7130.85283856
7127.5221631
7122.93387678
7115.35538436
7108.94340895
7108.78338487
7109.73878997
7110.52998918
7109.32269948
7106.70328089
7102.41378518
7098.56846781
7093.2538004
7089.79453416
7085.97910979
7087.54770126
7090.04833542
7092.57602592
7094.91558359
7096.23027621
7096.62322733
7096.30283068
7090.9292903
7084.24357335
7077.39412444
7073.9874933
7074.68150715
7076.75627932
7077.78528435
7080.22782615
7080.51136708
7078.77911336
7077.7661177
7076.34781367
7075.97403616
7078.71837948
7082.21473144
7084.68889472
7086.74811751
7088.73592886
7091.85060665
7095.58146777
7098.13788036
7102.36137311
7107.41600139
7113.64774061
7119.08263518
7122.77636178
7125.7685891
7126.53316409
7124.163121
7121.00473628
7115.80437179
7110.47165288
7104.92064328
7099.0587855
7091.55148846
7084.49257249
7075.98142403
7068.01014079
7058.50333727
7048.18209759
7041.78834792
7037.58513001
7035.99614523
7037.54560489
7042.20745629
7050.82153313
7059.85117774
7070.88941034
7081.37134319
7091.59621297
7100.94492301
7106.23951772
7108.94396653
7112.35040251
7116.79574049
7118.2120512
7115.44856911
7110.07675024
7101.57289208
7091.27458268
7079.13023937
7069.66293308
7063.91136368
7059.62349191
7056.48144414
7054.51698126
7057.15827074
7060.71015021
7067.02574178
7071.92001143
7074.78242129
7075.75665153
7075.22253631
7073.02871487
7074.04120173
7076.68184303
7079.13852633
7078.3574262
7076.74814569
7076.76417598
7079.80010325
7084.89484209
7088.81701423
7090.58467398
7092.44988848
7092.96184008
7093.64654243
7099.38998517
7107.71946169
7117.36140053
7128.28611082
7138.39139465
7144.23660184
7146.52230471
7145.1262758
7142.32912314
7138.33918471
7134.50244703
7132.89725772
7131.17274733
7134.11493226
7136.10039482
7136.9290143
7135.91366986
7133.3587906
7129.12951301
7126.35195215
7121.36444198
7116.71314967
7113.31988639
7110.44677108
7108.96327257
7108.8052
7110.73176171
7114.23751578
7118.90525657
7123.90593944
7126.77689415
7129.84655471
7129.74960633
7129.3993794
7125.9079829
7122.89394046
7120.65785481
7121.84312029
7124.226127
7127.11123018
7129.07661306
7130.30690274
7130.21134829
7125.7549285
7119.69004366
7112.53614475
7106.52409016
7103.66261423
7101.32937111
7103.45282656
7105.71693036
7109.33740553
7112.60172954
7115.32729651
7118.71177797
7122.14581393
7127.24713913
7133.59199642
7140.6003682
7147.96008206
7150.82587919
7151.00667295
7145.06493556
7136.33443004
7121.39078741
7106.44163873
7095.06912586
7084.92506267
7077.76581104
7069.8007587
7061.19510821
7052.71371336
7045.79816391
7039.03979492
7031.6183784
7027.08172354
7024.38605654
7026.05940941
7029.4941284
7037.70998503
7047.52320401
7059.80411142
7070.29499336
7077.07540749
7081.1277804
7084.4643104
7085.89911866
7087.22293461
7090.26293218
7094.15205405
7098.33407714
7102.92445436
7106.08318757
7108.50125182
7109.83085958
7110.78849498
7110.228341
7108.7782273
7110.9590433
7113.08263815
7116.31978036
7122.69432853
7129.56797621
7134.04551415
7137.05592538
7140.90383548
7144.66829747
7144.07818079
7139.7933478
7130.58610852
7120.90060912
7111.32976111
7102.14670666
7096.72568177
7093.50045773
7092.54675323
7096.20183987
7100.1199905
7104.65077688
7109.35134491
7115.47080242
7122.52935597
7131.83451939
7141.31734718
7147.20867978
7150.37194328
7152.11597578
7153.31552215
7153.07833663
7152.22880809
7150.1167202
7146.45191781
7142.46628664
7137.40588049
7132.28023107
7126.503752
7120.52494282
7114.52620034
7107.26970759
7102.06000371
7097.8268231
7098.31191352
7100.33674786
7102.92264224
7104.65851324
7103.98203512
7103.04921182
7101.5251497
7099.85639683
7097.32040542
7095.64426467
7093.78266048
7090.45874562
7087.21813249
7086.19208261
7085.0708407
7080.9959766
7075.50193027
7070.62167667
7067.90226393
7068.25136873
7072.30908043
7075.85602537
7076.9210637
7075.80550209
7072.37620552
7067.90252878
7065.85585143
7065.23227327
7065.63579741
7065.68873221
7062.61737103
7059.03651856
7059.77158388
7062.50078903
7063.99960693
7064.09648562
7062.84927353
7058.93282351
7055.15374607
7048.41889281
7041.53545272
7035.00826834
7029.83075746
7026.07100698
7021.76947461
7019.52548534
7017.8266931
7016.61152765
7015.10212279
7013.16399837
7011.13882251
7011.22666849
7015.68920069
7021.58300752
7030.57176793
7038.51412696
7044.67930564
7049.06539428
7051.35649169
7053.87289826
7056.62679006
7058.84499147
7061.99508923
7066.84827953
7074.13812224
7079.84565017
7081.94745777
7083.22239528
7083.45302232
7085.27590292
7087.44079318
7090.08797205
7091.56482148
7093.23149739
7095.08041675
7097.83246855
7100.19212679
7104.077032
7107.60815574
7112.67512037
7118.4054601
7123.00008883
7125.48854695
7124.27101181
7117.59314273
7109.53555381
7098.33909531
7088.21046302
7078.04468227
7067.68055112
7058.4619164
7049.52830018
7046.60968674
7045.35241042
7044.32487599
7044.27632513
7050.2005686
7057.45004287
7063.74596597
7068.8380633
7072.56431745
7073.35305636
7073.07862482
7070.25877188
7066.8724992
7064.00684146
7061.34080958
7056.48855322
7051.45545432
7044.47221524
7036.64795761
7031.13991615
7025.92414864
7023.52776012
7025.02827165
7029.07968275
7034.96099293
7039.17286024
7037.24034641
7034.7015741
7034.24036881
7035.28417746
7039.12689513
7042.94942161
7044.75310769
7045.31061319
7044.69984532
7046.21562744
7047.29801332
7046.67919546
7041.34171625
7036.59821493
7031.55850179
7025.94341983
7021.46689249
7019.95835188
7020.85075795
7024.95424658
7031.20278275
7038.0748483
7044.2863127
7051.38198682
7058.80444879
7065.95165679
7072.87348593
7077.81230584
7081.55244361
7083.98991845
7084.59090785
7082.63439738
7075.85509143
7069.4690154
7067.19582312
7066.60610371
7065.58756716
7062.5971659
7056.93664156
7051.75634977
7049.28488376
7046.21778107
7041.62786384
7037.21644038
7035.3684898
7033.88068401
7034.97579656
7039.59992799
7045.82687207
7051.45713401
7054.56820848
7053.43449779
7051.68115379
7052.1912654
7055.46006395
7056.11494299
7055.5068933
7053.04117728
7050.10731415
7048.45930307
7047.48857859
7046.76550113
7044.76402919
7042.73366092
7042.10167034
7043.17062563
7047.57268881
7052.58154713
7053.95469455
7053.89840733
7052.80151752
7051.6481314
7056.71274724
7062.45659423
7071.55426998
7079.54436441
7087.33396874
7093.534888
7096.22790652
7094.377872
7092.26408351
7089.12655907
7086.04265943
7081.75115645
7077.6698175
7073.43762658
7068.77857699
7064.02095509
7059.60698768
7057.95810539
7056.30350099
7055.28172352
7053.39771874
7048.49951818
7044.06728322
7043.40470964
7044.35747323
7045.62747621
7045.23727811
7045.66052648
7047.59781454
7049.59279073
7049.99070427
7050.3690748
7053.39538389
7058.07901557
7061.62114446
7063.45250717
7062.13559121
7059.66282884
7057.72289926
7055.99020645
7055.65630951
7054.43991739
7052.28065167
7050.32217575
7048.71059524
7048.79183395
7050.53719766
7055.87080869
7060.79196741
7068.33955622
7076.44626751
7087.75152287
7095.79501907
7099.61580313
7100.56172945
7100.97747146
7102.96919977
7103.30276914
7100.53545372
7097.39616595
7095.42736792
7094.38519018
7092.99843096
7093.66717271
7096.20553381
7099.26836408
7104.72298287
7111.47340642
7115.34729952
7118.06966043
7121.60064478
7126.61819431
7132.07169794
7136.3151937
7137.15957861
7137.14124833
7136.31261492
7136.05689699
7135.63201772
7135.26514021
7134.44076527
7131.61107113
7127.66441447
7127.55499034
7129.5253217
7134.22728367
7137.98980112
7137.57719547
7137.22613915
7133.64510546
7129.69238517
7125.70941643
7121.26582087
7117.34899448
7112.54896898
7107.22872582
7100.49035983
7094.51845065
7092.39988792
7091.00498113
7090.92756182
7091.79802034
7099.57224256
7109.64309613
7121.3169087
7131.01251415
7137.29214212
7143.94045971
7148.54442783
7152.47261482
7157.71772472
7162.02282557
7165.36549586
7165.68037949
7165.18685574
7163.87236523
7161.70815103
7159.84550138
7157.56188245
7155.5088139
7155.13001125
7157.10800927
7158.13499309
7160.74046534
7164.81851459
7169.08751244
7174.96031263
7181.12325404
7186.63301005
7190.0835572
7190.32143272
7190.91741789
7192.46217301
7193.74578082
7193.14646414
7193.20507923
7194.92310782
7197.62218997
7199.97836337
7203.72924144
7207.35138236
7213.25017949
7219.292838
7226.3553573
7231.26167754
7235.58964594
7238.64397319
7240.12342232
7241.13299585
7244.51077247
7247.56225609
7251.76392674
7255.89890442
7258.15366883
7259.90688041
7262.20864841
7264.956149
7265.71795006
7263.58054825
7259.02822553
7255.21218086
7253.59214612
7250.47997044
7245.33285438
7240.86759006
7237.54380762
7234.39022502
7229.78243054
7223.54685101
7218.02365745
7211.7902455
7206.2443168
7200.17538954
7195.31131955
7191.1216995
7189.9519137
7189.81557262
7190.33593665
7190.57437671
7188.77968154
7186.64584125
7183.72345023
7182.00206923
7182.27256986
7181.54360302
7180.52714343
7178.87274811
7181.82364516
7188.836833
7195.80198573
7203.80374045
7210.70953234
7213.84400405
7216.08677363
7217.74751833
7220.05218572
7222.44425303
7223.92586973
7224.5718206
7223.87888705
7220.80567891
7217.85045368
7215.79461119
7214.61770934
7216.27266223
7219.03336341
7223.33908456
7225.0033141
7224.04457052
7218.70466586
7213.9148858
7213.27897128
7215.04111104
7219.63624159
7224.76718101
7231.85132029
7238.38845738
7240.92522939
7240.33320999
7237.01829997
7232.53789051
7229.10372212
7226.01824733
7224.47417524
7221.20058154
7216.93060096
7211.09830164
7204.98566745
7199.01306131
7193.42790719
7186.10052573
7178.77427336
7169.65136036
7161.03563868
7155.08659705
7151.94911443
7150.97600631
7149.23991926
7148.73420552
7146.20714229
7142.42796032
7137.99203839
7134.06851413
7131.51865304
7131.27492298
7135.47701878
7140.29055851
7143.02393851
7140.93916483
7132.72733668
7122.59333773
7112.84629596
7102.32408527
7092.06074977
7081.3505317
7073.7904741
7074.72585529
7077.94367753
7080.32396606
7081.11735375
7080.59952669
7080.37214055
7082.20529448
7083.60519156
7085.62304924
7089.71958908
7096.74930902
7104.92175843
7112.68613248
7121.39476014
7125.9348859
7128.7542649
7128.78144669
7124.75366284
7119.63832856
7115.43414185
7112.65567494
7112.27847531
7113.31451973
7114.08083715
7113.66676786
7111.83736363
7111.2536521
7115.15702698
7121.11834223
7125.56235597
7130.06010602
7131.96966168
7131.43752585
7130.11426051
7127.95135661
7124.2981936
7120.79341528
7117.61467907
7116.00753825
7116.44739539
7117.18151283
7115.36542071
7110.79197983
7103.94565334
7094.80999278
7087.60964089
7084.66667535
7081.67093531
7079.51121657
7078.19960454
7078.38946587
7084.04779476
7090.50553315
7097.85539883
7105.04324012
7111.09111892
7114.53205488
7114.01148873
7112.78057178
7111.47131551
7109.71955363
7108.31697321
7108.06592498
7108.06592498
7107.01161997
7104.8369373
7102.20406721
7100.72997777
7099.17657326
7097.90927453
7099.22257322
7101.38645287
7103.03234517
7104.60129208
7102.7775333
7099.78872114
7097.0196633
7094.77479585
7093.17706411
7091.73945403
7090.40337143
7089.99240366
7091.86018997
7097.34946903
7101.72211314
7105.15196729
7107.29026818
7105.48825483
7102.34290343
7092.50740933
7081.3029775
7070.07606145
7059.90022345
7054.0132957
7050.8846158
7048.52705543
7046.43660146
7044.26248333
7042.63554162
7043.31456367
7045.26533111
7046.96536396
7048.39720313
7049.57224408
7051.79777064
7056.23788832
7061.32040233
7067.7957601
7073.65770151
7078.13349006
7079.56348227
7080.35551784
7081.25664997
7080.10632355
7077.24040096
7070.75559229
7061.82223395
7050.87938853
7041.96009503
7037.88724516
7035.00415622
7037.46961436
7041.16461643
7045.08427251
7050.30696092
7053.98205058
7056.67966909
7057.37721658
7054.23700184
7050.31967364
7045.40522673
7039.99901244
7036.93859368
7037.25059883
7038.98052467
7038.8571054
7034.97218626
7028.04681651
7022.21335326
7017.8468355
7016.64704519
7015.16736606
7016.26308496
7017.18808131
7018.14527763
7017.62405633
7016.86721072
7015.86572203
7016.57603102
7017.44124136
7018.70023222
7019.80192415
7020.26280884
7019.54186411
7017.78880586
7015.7533776
7013.74805839
7011.91914901
7010.46062986
7008.31501776
7005.05314011
7003.51618408
7003.37191149
7003.64840606
7003.56969736
7003.16250716
7007.20436978
7013.08027148
7020.42888959
7026.24858771
7028.82681543
7029.83946957
7030.62965817
7030.13214776
7029.96509823
7030.38506387
7031.53373151
7027.1489462
7020.37313904
7012.10723306
7006.31383855
7004.14455042
7003.2921643
7005.22703388
7008.89691021
7011.34827564
7012.88524562
7015.90417381
7019.58216286
7019.05830005
7014.96014324
7010.75815895
7008.66971922
7006.85005862
7006.30960098
7006.06728577
7005.42318187
7006.259238
7007.0928408
7009.64873067
7013.23412042
7016.76782991
7020.86298976
7023.97674755
7022.9619816
7021.96044412
7020.5202204
7018.66769074
7015.28749564
7009.03732158
7002.95133949
6996.14860841
6991.00432204
6989.40884849
6989.54468077
6989.60560283
6991.09450286
6992.42321153
6993.43967809
6995.34231286
6997.8236828
6999.51530323
7002.08640793
7002.90638499
7003.03632092
7003.45455111
7005.50980117
7007.73060229
7007.89304485
7007.42374774
7003.84555072
6999.00432738
6991.92881657
6984.52561185
6978.58752658
6973.89786612
6972.11732638
6977.02330511
6984.98383412
6994.79624461
7004.15259344
7011.60776417
7017.35148569
7022.27311835
7025.22757691
7031.07097198
7037.45887407
7043.50747075
7048.84986359
7048.04149803
7045.85501568
7039.67770276
7035.18353514
7032.25984776
7032.78397541
7032.88570501
7029.63457462
7025.09166795
7017.08112445
7008.94898076
7003.17310109
6999.11443454
6999.04471673
6999.7267915
7002.37939279
7004.44442133
7007.4264032
7009.38473972
7009.71282394
7008.20384424
7005.31980045
7002.85115716
7002.44308182
7002.74195606
7001.25444997
6995.71632036
6990.38980447
6991.23285818
6996.68829242
7008.07720497
7019.17293054
7028.27649568
7035.32708287
7037.68076809
7039.66545702
7039.91668646
7038.58788022
7037.16753406
7037.4448859
7036.26241527
7032.93070133
7028.647325
7020.71741384
7012.12911789
7003.8749419
6999.36049944
6997.00485574
6994.28075937
6990.29476578
6984.03339841
6977.75890711
6971.65855351
6968.59389718
6971.99258287
6975.91035017
6981.82574213
6989.75460784
7002.89071016
7016.05671244
7027.96338236
7038.44843763
7043.32078063
7046.21427532
7048.33984259
7051.24841271
7051.38892863
7050.88214853
7048.86070843
7043.07113331
7036.37776364
7030.38157903
7025.37828949
7023.88430856
7023.72207508
7023.7745917
7023.14373718
7021.08960226
7019.20771626
7020.53967281
7024.67438564
7032.49266328
7040.43472261
7044.8703309
7048.77751821
7051.31101446
7050.39915598
7048.15958549
7046.30943946
7045.08426554
7042.45590483
7040.28076913
7035.04268467
7028.21215847
7016.33034944
7004.63761417
6993.88099189
6985.72135278
6979.81524444
6974.31933024
6972.03056071
6969.6657658
6966.87837071
6967.58777364
6971.28206479
6977.58514576
6984.59038815
6994.442958
7003.1294987
7008.39469526
7011.22412455
7006.64588852
6999.8965383
6992.92985921
6987.20191009
6983.07765876
6977.47651618
6973.82522801
6973.04021092
6972.75328969
6974.53056761
6977.28188758
6982.68042127
6988.35146985
6995.35804345
7000.50867223
7004.59319633
7007.74256227
7009.2693565
7010.74435897
7010.01334303
7003.57762886
6997.84200611
6995.10433279
6993.98700088
6994.46931736
6996.00529068
6997.12090805
6996.86530861
6993.16380382
6988.05244924
6979.07993518
6968.05839499
6960.67603661
6955.55664597
6955.49054543
6957.98781324
6960.09912749
6963.24642344
6966.89063737
6972.60572044
6978.43153795
6982.55609594
6984.69191563
6985.54995416
6985.72350641
6988.42345977
6991.80249094
6993.23876284
6993.73652416
6994.05800808
6994.0679608
6995.33468104
6997.52405583
6997.68292991
6995.06970737
6993.17569411
6992.23358021
6992.30214105
6994.30051147
6995.83725145
6998.15253368
6997.46123104
6998.69482435
7001.70071225
7004.78422857
7007.02451693
7008.96175621
7012.76878907
7016.38835817
7019.00145526
7020.26280884
7018.52442179
7014.72578741
7007.53704005
6999.79204174
6988.70444283
6978.26498327
6968.26207024
6960.38468963
6954.83164488
6951.13262131
6949.37256549
6947.1578071
6945.49170271
6945.36687556
6946.6968318
6949.27673225
6952.28631409
6956.02474429
6959.74966027
6964.98849745
6971.22894182
6973.84928738
6974.23948547
6972.2223387
6969.41132333
6964.37462807
6956.79519474
6951.11171224
6950.07964054
6950.92889727
6955.05538587
6960.21534707
6966.26202709
6970.80238982
6976.0127837
6980.46548864
6985.39255068
6990.45281744
6992.2129778
6992.68252582
6991.63268838
6989.08268093
6987.61708755
6984.36003293
6981.39517559
6973.71873115
6966.88302647
6962.42827941
6959.76462419
6965.13213579
6971.62584475
6975.06472465
6976.6728691
6976.65834427
6977.47366557
6980.69925901
6984.19316461
6986.90103554
6988.99302981
6991.16882763
6995.31830924
6999.8625053
7006.15961325
7012.78539784
7016.51926986
7016.43573813
7013.48625592
7008.17506639
7005.81211845
7004.68843715
7007.22483279
7009.72697241
7013.3571703
7015.29092472
7014.98025776
7009.30289465
7002.26416987
6998.89854839
6997.9628466
7000.65169724
7004.39512471
7004.85918061
7003.71539872
7000.54546523
6997.98862051
6994.25028092
6991.99790014
6989.63382311
6989.90049042
6990.61302971
6991.54824362
6991.66028836
6993.40110086
6994.00351207
6993.8325177
6994.14456466
6995.38575493
6996.65638518
6993.10943327
6987.44892984
6984.96188657
6985.25400022
6990.4750856
6997.17993435
7004.71424591
7012.01559558
7017.93291814
7020.31209152
7021.8441409
7024.25148576
7027.12268441
7032.82110295
7039.8589147
7047.82766098
7054.47930311
7057.6982405
7057.67349113
7054.72637862
7050.70723719
7048.69869101
7046.63131369
7043.35948332
7038.75532005
7035.86195779
7035.23064327
7034.28911482
7031.10167346
7027.79769192
7023.71037297
7020.54478856
7019.4886575
7019.22089595
7017.53982763
7016.92225037
7018.15044914
7024.50539157
7032.42765001
7040.05434481
7046.97731698
7048.17691214
7048.57748114
7044.73404558
7040.17463469
7038.43647067
7038.16324488
7044.46822858
7052.72446062
7061.02750808
7068.07891769
7073.32058457
7072.95498252
7070.0907675
7065.94099317
7061.89018843
7057.77801557
7055.17722696
7055.3917819
7057.93875753
7060.79746649
7062.41981517
7061.59270115
7061.07945318
7059.9075695
7058.72403947
7058.00857292
7061.38951378
7066.07104061
7074.54370244
7084.61372661
7095.01552894
7102.59848196
7109.12803604
7114.54369426
7117.80090918
7118.02944532
7112.05433008
7105.59935169
7101.67074653
7100.30489638
7100.84079584
7102.26728229
7105.20981572
7106.64348095
7107.84338278
7108.1711673
7107.86965851
7109.74387785
7112.35486312
7119.19428961
7124.56687515
7126.78365475
7126.76379113
7125.83912236
7125.08200493
7125.39898643
7127.48738435
7129.30584616
7128.85030723
7126.88408798
7124.46205101
7121.87134754
7120.99818478
7121.11095436
7122.22798658
7122.92537376
7127.11924532
7130.63029636
7134.92216873
7142.93368102
7150.44812896
7156.97181456
7161.22709606
7159.61849858
7155.59753108
7149.11384454
7143.49745925
7140.63507726
7138.35459469
7139.30121799
7141.73433677
7147.65062782
7153.13040719
7157.26991517
7161.10721042
7165.37001222
7170.5964573
7175.63219075
7183.13067113
7191.48001823
7198.36133256
7202.54111141
7204.6001739
7206.69986271
7210.91973122
7215.7185649
7216.96900396
7216.86857072
7214.67730716
7215.61626379
7216.46460749
7214.36024899
7211.64528292
7210.46385076
7209.88536649
7210.28277822
7210.50288103
7210.95750694
7211.82279395
7210.45673471
7207.91677755
7204.34787809
7200.86281703
7197.12937016
7193.14116021
7191.28729933
7188.01509958
7184.65320688
7180.2220801
7176.55365346
7173.63482396
7169.85927319
7164.87768029
7159.87860044
7157.55532398
7156.20759502
7152.24441323
7147.11521623
7144.11476469
7140.37691297
7137.5135622
7133.61471761
7131.24739271
7130.82635373
7131.95404958
7134.90850117
7140.71208536
7147.80270646
7151.84847908
7153.54566132
7154.13822436
7156.28133434
7158.47204033
7159.86123894
7161.90302357
7166.94182368
7170.863954
7173.97681271
7172.96880038
7169.33681825
7164.39649289
7159.51366747
7147.9574963
7133.58335401
7119.27792589
7107.11825623
7098.9465038
7092.66788644
7090.72964353
7088.93307351
7084.23056094
7078.21055393
7072.99702369
7071.01839839
7072.12724122
7075.51325602
7078.40693191
7080.52076222
7081.81411366
7081.741141
7081.95411382
7078.89206415
7076.50755199
7070.62822121
7064.39050896
7059.12080999
7053.48700047
7048.87576296
7047.43870349
7047.22370946
7052.20158054
7059.16519297
7069.45322208
7079.7217709
7086.15335204
7087.61699391
7084.3755514
7083.9762718
7085.6960428
7087.59287182
7085.85652689
7083.9666815
7080.9615533
7074.03369538
7064.31122177
7052.87826077
7042.55384989
7035.19642209
7028.01786442
7021.08744166
7015.41276188
7009.78256266
7004.4761613
7003.88258068
7006.41257815
7009.92907251
7015.18093605
7020.4592635
7026.19123413
7029.25524925
7029.16241297
7027.46781649
7023.84929283
7022.30473983
7021.62592687
7020.02029848
7016.84090711
7013.45814716
7006.55195104
6998.52493119
6989.19920718
6981.4569828
6973.34092516
6966.56308285
6962.26116018
6962.4881351
6964.59905905
6970.72671293
6976.08804938
6982.27364229
6986.90837462
6990.36577995
6992.66668371
6992.85575049
6994.12583013
6995.32726529
6995.07897706
6994.99525017
6995.67231374
6996.82178289
6995.88721716
6996.09993907
6996.70739634
6997.96597599
6999.51262687
7000.95182603
7000.68027297
6998.50584121
6993.0000858
6987.12113835
6982.63674223
6976.63636883
6970.24114856
6963.20208227
6958.28525173
6958.88784416
6963.06282786
6972.06298371
6982.0200083
6991.51587638
6998.11781069
7001.05593926
7002.83981748
7000.59655306
6996.57672162
6992.5303287
6990.30174941
6989.54792865
6988.21486392
6985.87702081
6982.21670689
6979.29266406
6972.08143945
6963.97804573
6953.65485454
6944.0102951
6936.74718115
6930.58325701
6928.23419269
6926.53303076
6931.96569502
6938.70921858
6944.82121853
6953.53639769
6962.58844985
6967.93885783
6972.07495067
6972.61771528
6972.20532569
6967.64865388
6962.21908416
6957.00910846
6952.69675914
6951.48870277
6952.26993532
6954.5656606
6958.06480741
6961.85146089
6969.76215662
6978.44924096
6988.23731329
6995.58091322
7000.44314321
7003.60781459
7005.40701915
7005.48048666
7005.16659273
7006.27165799
7005.02745681
7002.72826759
6998.38744708
6992.94210495
6989.69114881
6986.15263023
6983.10566297
6980.62463454
6978.38703648
6976.54042408
6976.29509099
6980.87076218
6984.69715683
6989.72966332
6994.68861866
7001.50749154
7006.2396462
7009.27447923
7008.93697199
7005.47915545
6998.09901343
6990.71112809
6981.15842219
6971.16852854
6962.27893289
6955.84337902
6952.10064155
6948.53418148
6946.41323512
6945.0107941
6943.96631635
6942.10011216
6939.11136969
6937.82783158
6936.02100915
6935.52170055
6934.52071368
6932.06145856
6931.14403827
6929.56972469
6929.03619492
6933.43629961
6939.88939619
6948.82098423
6956.7899605
6962.8341593
6968.34440319
6969.19582749
6967.34371601
6963.92553609
6963.44448809
6965.97281283
6969.11326454
6971.74613463
6973.2977549
6975.13016307
6977.25920821
6980.70654931
6986.262368
6991.38729954
6996.54280711
7002.35736857
7008.40043828
7011.71793406
7008.75180126
7002.52401386
6998.31699049
6996.29552948
6997.72651138
7001.51050244
7004.53237185
7004.04089719
7000.30968062
6991.71083255
6983.26446736
6977.0293548
6971.80542579
6970.98217994
6972.0575125
6975.38714948
6979.10190364
6979.76226086
6977.3968805
6974.87934483
6973.68522785
6974.79102492
6979.77467388
6985.72480975
6990.71887142
6995.74350215
6998.67927497
7000.62741484
7002.77528512
7005.78036454
7010.19159285
7015.90716381
7019.24800804
7021.34495079
7022.28501561
7016.94269944
7011.13772827
7005.2300866
7001.13688524
6999.39725759
6999.93843311
7001.51798789
7003.62270882
7003.4109766
7002.13378091
7000.57763035
6999.78889144
6997.53909642
6995.1501585
6992.30270559
6991.25548876
6991.46724188
6990.03363938
6988.71508554
6987.47397194
6987.49544555
6989.73213059
6991.40977679
6991.49519034
6990.26524914
6988.28111083
6984.86931515
6984.69217351
6982.6867149
6979.80541021
6976.67502273
6974.78791644
6972.85379959
6970.67294874
6968.4863688
6966.1915217
6963.77752775
6962.40805337
6961.56785027
6959.55487834
6957.49650585
6956.19471412
6953.27371008
6951.79202368
6952.52188962
6955.27005232
6958.12731159
6960.42353868
6963.61453458
6965.285922
6966.83223834
6967.17070042
6968.01268079
6970.27265853
6972.86548079
6977.74523954
6982.82738416
6982.28513531
6977.61689967
6972.30289438
6968.64869985
6965.56904475
6959.76384359
6952.55032595
6944.50974308
6937.2744382
6930.98080813
6924.9830414
6921.84417181
6920.12105535
6919.0879382
6918.86260812
6919.91774949
6921.91888688
6924.78942341
6928.59299233
6932.9330183
6939.80241446
6947.31337058
6952.99150733
6956.65983639
6959.23667017
6960.19510709
6957.82146765
6955.23063176
6956.42460935
6960.21971707
6964.97092686
6968.19688273
6968.7021504
6969.48180781
6969.66943883
6967.33945752
6964.79030735
6965.39929795
6967.21217705
6974.95319567
6983.801015
6994.65439051
7004.47615433
7010.92685333
7013.85431131
7014.8176549
7014.81258096
7014.30704147
7011.78209702
7008.38689617
7004.75899132
7000.05684117
6995.07876797
6988.78536093
6981.74333252
6976.40676634
6976.70158422
6976.60067008
6974.86471545
6972.81327084
6970.10434052
6968.87417629
6969.39063729
6970.6462827
6969.61708252
6964.41160924
6958.73473401
6954.80382885
6952.31384437
6952.29488681
6950.70914294
6946.67341365
6944.40603409
6946.04837185
6949.38002306
6954.21196974
6957.72723047
6961.91677386
6964.72109833
6965.05234678
6964.0111657
6962.88614622
6964.79121341
6967.58456061
6970.49483831
6972.27739228
6971.28029449
6968.7424143
6962.71716609
6957.81813614
6956.08168666
6957.38198688
6960.55332128
6962.34003616
6962.35203797
6961.1772549
6962.01712345
6966.44274418
6970.13536958
6972.79376268
6976.12480056
6980.86368794
6985.3982031
6985.97067253
6983.69715965
6979.96493248
6975.28279928
6973.63868426
6974.32261994
6975.66126738
6978.14435187
6980.87141036
6982.98791006
6983.90945641
6984.90243511
6986.48303535
6988.15688307
6988.18359092
6982.1314397
6975.91448319
6974.95311203
6975.68061524
6975.68061524
6972.65825796
6967.13622833
6959.81460384
6952.76534089
6947.926773
6944.46158252
6943.23024739
6943.06158089
6945.04829103
6948.94155986
6955.3009629
6961.66992138
6966.1737699
6969.58472922
6970.14460442
6969.89688073
6971.83329061
6975.75969335
6979.37731791
6981.45901795
6983.42239356
6984.40845833
6983.86962463
6981.46272583
6980.14672987
6981.4087874
6983.56754433
6983.88971128
6983.20082015
6983.84834617
6983.85928161
6985.80021482
6986.97057911
6987.88970001
6990.22748736
6992.55090322
6992.28558106
6989.87848014
6986.44362175
6983.92852548
6981.39144681
6979.67055368
6977.93843935
6975.94796558
6973.45262838
6970.20730375
6966.75419872
6961.55430119
6958.43774855
6958.15618004
6959.40116183
6964.83129609
6972.4897448
6981.43637343
6990.55618491
6994.83358821
6995.69393372
6994.164951
6992.01607709
6991.73457828
6991.02480596
6993.46702715
6996.97131062
6999.66775126
7003.85570555
7005.96928496
7005.35462102
7004.38232836
7005.29795048
7005.87646262
7003.86097464
7000.34526088
6993.39919813
6987.64843025
6982.46335028
6979.78827174
6981.82712213
6987.98323324
6993.32084488
6995.67873979
6996.30592826
6997.61584664
6998.95111379
7005.66413102
7014.66193808
7018.87620296
7020.76329531
7016.44906417
7009.58753679
6999.60506587
6990.10522506
6980.72338808
6971.25991512
6966.30960219
6968.91795292
6972.90483863
6974.59411027
6972.99961944
6969.94387734
6966.4400957
6963.44137264
6962.06773037
6962.38074612
6962.98911642
6960.95348603
6958.94850137
6957.30322938
6957.84986914
6959.22519109
6961.96395866
6963.64170243
6965.20066875
6966.97946607
6972.78018572
6980.37997751
6989.81812262
6998.5392539
7007.42168472
7014.87339151
7021.24205029
7025.5085739
7030.2767061
7036.00593765
7040.55355583
7046.96042245
7053.81624165
7059.76287874
7061.93604202
7060.62323121
7059.7916775
7061.09721892
7063.50453591
7068.64369955
7074.42305014
7080.3747751
7084.25779152
7084.31202267
7081.49450458
7077.88328516
7073.56091342
7068.8062606
7062.07170704
7054.83426245
7049.18777507
7045.13043973
7043.40470964
7043.5287074
7044.53234276
7044.64987961
7042.01569224
7038.45211065
7032.45691574
7026.72557238
7025.95654376
7027.79148192
7029.59909193
7030.64001513
7031.49343973
7030.76852228
7029.18356598
7027.74989378
7027.70752504
7027.73146592
7028.58132901
7031.23096121
7033.97763937
7037.48255708
7041.71588406
7043.99054693
7048.45487035
7053.34082516
7057.52755279
7060.08049448
7058.50146242
7055.21820874
7051.20956365
7047.91602271
7048.5095406
7048.60388232
7049.63122857
7049.88912801
7048.63216532
7044.38891351
7040.17958317
7032.98209582
7026.35080518
7021.36362956
7019.43992542
7023.67940664
7030.90602729
7041.45263887
7051.91902931
7063.50201288
7074.31352146
7082.69539611
7088.78566456
7092.67608279
7097.91122604
7101.94263413
7105.05808556
7106.39835695
7103.79838379
7101.12536828
7100.82420798
7100.86142612
7098.87722508
7099.06087641
7102.42786395
7107.45287105
7114.29857026
7122.01722315
7129.95946369
7137.42589047
7142.53466627
7147.52210674
7151.93739838
7152.85900746
7152.3072171
7148.35547257
7142.87031957
7135.78013757
7130.44246321
7126.70183059
7124.18835128
7121.53450242
7119.61414373
7119.10556546
7118.64256895
7119.4621348
7118.00567868
7116.02328975
7114.19172491
7114.81593035
7119.61323768
7124.01759388
7126.60056099
7128.77698609
7128.81859514
7129.4692157
7129.06183732
7128.89881627
7129.26779166
7127.74073258
7124.87876877
7119.90380405
7115.11771793
7108.98362406
7104.22778639
7100.75994744
7099.95871188
7101.0688441
7102.97003614
7105.56290021
7107.08849565
7113.77814351
7122.74499818
7136.2237444
7148.16855245
7157.14153348
7163.76085716
7167.78397829
7167.6451351
7165.74081367
7158.37008074
7150.17274954
7142.77198421
7137.89264364
7133.711666
7130.1278514
7125.21854116
7120.80498497
7117.33658844
7114.12063408
7112.67107795
7112.34378131
7111.29282175
7111.41256103
7110.86146764
7111.50818517
7112.14974514
7112.75136878
7113.85139495
7113.62383457
7113.42045902
7116.70910725
7119.9476434
7118.24306632
7114.64287295
7107.99873717
7102.26442472
7098.72417069
7095.08912887
7093.35757908
7092.83687354
7092.73567364
7095.32630742
7097.95318358
7100.81312617
7102.1142279
7102.86918472
7101.90855235
7102.40577003
7104.32236509
7103.76423231
7102.26742169
7100.24279644
7094.22607215
7088.77831154
7081.11311618
7072.43167031
7063.31491852
7055.66270072
7051.55780422
7050.12079353
7048.11265857
7044.84006154
7040.85638189
7037.17651799
7035.67147616
7035.9176247
7036.77712688
7042.55765534
7048.02870865
7050.90421457
7052.79684086
7052.75201878
7051.00131629
7049.52036171
7049.17752963
7052.66300887
7055.79649786
7057.32626814
7057.99395748
7056.59590039
7054.62689327
7053.77256261
7050.35465451
7046.70491361
7041.61631507
7036.99788484
7034.30838601
7033.99380208
7035.26236233
7036.59827069
7036.04342761
7035.08000736
7036.70213998
7036.84216802
7034.61433449
7032.15326029
7031.58168995
7032.10646579
7032.59405833
7030.10878536
7024.79211068
7016.91395644
7008.28283173
6998.74069188
6989.51657201
6981.84719484
6975.25917203
6971.72738617
6971.41123406
6975.04990012
6979.52218292
6982.50393478
6985.01545561
6987.65514206
6991.97643349
6997.49614919
7002.69495944
7007.48405647
7009.474126
7008.98099255
7007.11309472
7003.64860819
6999.53513897
6994.85847001
6990.97895237
6987.49234404
6984.93818962
6983.36167362
6982.31081164
6984.28293422
6987.44697833
6993.3113661
6998.43506401
7003.13038386
7006.86167012
7007.78350223
7007.16372952
7005.22069843
7003.85314071
7009.53805199
7016.76527204
7023.09184086
7027.06925476
7027.81963947
7030.26534551
7030.47247076
7028.43371098
7024.05448051
7016.04086337
7007.88721819
6998.66989377
6991.87878814
6986.12919116
6980.34554725
6972.89915833
6965.06593071
6956.21788137
6951.50912396
6950.92178819
6952.5177775
6954.5806524
6954.96558838
6955.99947917
6959.11047
6961.78349944
6963.45726353
6966.28669979
6968.47997063
6971.22331031
6970.71270385
6970.1951277
6968.89711354
6967.17863193
6967.51288432
6967.91698695
6968.8415233
6969.37915821
6967.92650057
6964.48723038
6962.80572994
6964.13813254
6966.38394787
6968.40238404
6969.72821423
6972.48845541
6975.62562439
6981.18970216
6984.92573479
6988.03348471
6990.85636946
6991.6757541
6989.98791821
6986.21838925
6979.42200756
6974.48309705
6971.40537255
6966.5479168
6959.31262585
6952.23480808
6954.81960126
6960.40589143
6967.39272687
6972.31731467
6974.25467243
6976.70186998
6977.48448253
6976.17931747
6975.13010034
6973.32247639
6970.93539938
6967.02497814
6965.56979748
6967.82640886
6971.55938876
6973.97900725
6973.85195677
6969.85051835
6963.591904
6957.68495233
6953.41513206
6951.25793633
6951.64907534
6951.85809634
6950.85487916
6949.1969293
6949.1183809
6948.55655419
6949.8107499
6951.29571205
6952.40946852
6952.93303163
6953.65770515
6953.92703488
6954.94080417
6956.21698925
6955.97031102
6951.39245135
6946.85441649
6943.45014111
6941.24541907
6940.24826553
6938.87370326
6937.67868022
6935.78125181
6934.11849287
6931.89334964
6933.53624496
6934.54747729
6937.16243528
6941.65551563
6945.3726604
6948.89374779
6951.32470596
6951.85809634
6951.21862728
6946.52328652
6942.10025155
6932.99950914
6923.9981545
6918.13302097
6915.22366328
6917.3634975
6919.71367697
6924.37556322
6927.37266931
6930.07175146
6932.83223658
6936.19490291
6940.24387462
6943.53050164
6947.91847907
6952.18678692
6955.50973299
6958.88283992
6961.87969511
6965.35213406
6968.62179685
6971.3866659
6975.1272358
6979.10131122
6980.69933568
6979.05305308
6974.43030862
6967.53582854
6960.12768231
6950.52158859
6941.66102169
6932.7237882
6925.04318982
6923.27100674
6923.50205197
6925.95817072
6926.55400952
6923.22368255
6919.47364085
6916.03618974
6913.28162886
6910.94253816
6910.80808587
6910.74988199
6909.78103236
6910.17021288
6913.46632564
6918.90735353
6926.90367887
6934.06266565
6937.02359905
6938.86080934
6937.24084429
6935.53041267
6936.20967865
6939.25417864
6942.87444472
6945.10021522
6946.14343842
6948.51599059
6950.16669197
6951.74079646
6951.56529966
6952.63159254
6954.31194995
6955.64427589
6957.41866835
6959.86606106
6962.11400214
6963.94443092
6965.67301162
6967.98592415
6971.11787284
6974.0559596
6974.4376477
6971.32379233
6961.99461135
6951.75619947
6939.82025686
6928.05151712
6914.34610961
6901.46152249
6895.8564978
6893.72851205
6896.14748235
6901.36582865
6908.39420344
6915.3130147
6921.04279685
6925.55490446
6930.98728994
6938.50458848
6944.96110021
6945.96487496
6944.85934273
6943.24509283
6942.98372946
6942.96163554
6943.70279237
6943.49411986
6939.52021171
6934.89240724
6928.35867135
6922.21335629
6918.39647526
6916.65028912
6920.11331899
6925.99964038
6934.71370439
6940.94711634
6944.62021267
6947.65453691
6951.04180625
6953.26179191
6954.78259917
6959.86371227
6965.78559302
6967.06016114
6965.15671092
6959.46492055
6953.2079162
6947.03444359
6940.78451347
6935.52190965
6930.6351812
6929.84356381
6930.22083313
6931.97712531
6932.53637324
6934.89017694
6936.8898507
6939.77167812
6939.7564145
6938.558046
6935.70214583
6933.01268185
6932.82171235
6933.48069654
6934.16539888
6935.64896709
6938.1511555
6941.94775473
6946.049487
6948.57174811
6952.12385062
6955.60848653
6956.87319254
6955.11128278
6949.68648033
6939.39956637
6930.25421794
6925.21798965
6922.53577415
6922.70952852
6923.69831844
6925.4799106
6928.09842313
6927.60859332
6924.78879614
6919.4320318
6913.71695569
6911.10770588
6908.2459651
6906.82246865
6911.3357611
6918.41271463
6924.81555975
6929.00490101
6925.62571651
6922.84083748
6922.79448904
6923.8857334
6921.84849302
6918.44651763
6917.29777332
6916.81679502
6917.91375453
6919.05253218
6918.38581163
6914.09708259
6908.9167211
6902.8417999
6896.83399682
6894.23639336
6895.23995205
6902.60991832
6911.43967918
6921.5520721
6929.52776715
6931.24879271
6930.67825388
6926.92068491
6924.02812417
6921.1788452
6918.18062396
6914.96202111
6912.68990217
6912.39313277
6915.72708399
6919.18272598
6923.44448233
6928.25342904
6929.0410737
6926.43740661
6920.48563983
6913.25242585
6906.80162231
6900.46904561
6897.16860467
6897.82167159
6900.54960128
6905.78544847
6912.52179325
6917.60388211
6923.37631876
6930.35123603
6940.0263506
6947.85226701
6951.80700851
6950.88589428
6950.12048293
6948.86802963
6944.96493354
6939.64246007
6933.75509323
6926.48117626
6918.14577551
6910.83853645
6905.38587615
6902.40953973
6902.61876982
6904.6472284
6910.70096174
6917.23860066
6924.2118452
6929.05647672
6928.87624053
6928.37581679
6928.62087109
6930.45334199
6932.48228844
6934.45213193
6935.3340765
6933.90131733
6932.85244868
6934.16205343
6936.61496613
6940.77893772
6943.49495622
6945.15088487
6945.39196644
6944.84380032
6943.34071698
6940.55284098
6937.40532897
6934.72360135
6937.04813236
6939.99268699
6942.0114577
6942.39925125
6939.93713856
6937.90484666
6939.08885759
6941.86432755
6944.3316675
6944.98047594
6944.61610055
6947.12616471
6950.91523668
6956.69811392
6962.89787621
6967.34828115
6970.02706059
6970.94184635
6971.54096787
6970.90962547
6969.78765871
6964.32938084
6958.34698924
6949.15072026
6941.80822154
6937.14138681
6932.411337
6928.88000417
6923.10080692
6917.473758
6914.07108564
6912.38072673
6913.73417083
6916.58407707
6921.53060546
6927.0940211
6929.95710006
6930.31276334
6928.57389538
6926.60704886
6925.65324679
6925.7227346
6929.3355431
6936.59789039
6944.84414881
6955.41228279
6965.7691097
6976.50699048
6987.36194811
6994.34841415
6997.11883805
6992.62898466
6987.18047132
6980.6144797
6972.89851712
6964.46337313
6955.804293
6950.79131559
6945.03832437
6940.32451393
6934.5697106
6927.78896889
6921.53206909
6916.2506471
6912.54925383
6909.92962615
6905.69958189
6901.43183161
6897.68667566
6895.989821
6896.84194226
6900.67304843
6907.68280718
6914.42458832
6918.23763602
6920.58774579
6922.76417089
6926.78770323
6930.92867484
6934.58894694
6937.1170626
6935.8578487
6934.24638668
6930.63267211
6926.4600581
6923.4901338
6921.56942663
6921.66198411
6921.89498085
6920.21096435
6917.71470018
6914.83830912
6912.5927447
6912.77897481
6917.11377351
6922.64345586
6929.00378586
6934.66428929
6941.40718558
6949.44518966
6958.53839087
6966.39044363
6971.69927741
6976.43505631
6980.12031474
6985.4011931
6991.17820884
6995.35887981
6996.83602894
6991.04254382
6984.67208686
6983.09183511
6985.3623092
6992.06861461
7000.45322835
7007.5941706
7012.98388764
7014.91318147
7013.36586847
7010.53526827
7007.93275814
7006.47272657
7006.85817831
7006.57714647
7006.94161247
7008.32814169
7009.47190963
7008.8721469
7007.21198068
7005.62896196
7004.98395897
7003.43271507
7001.08206863
6999.25396076
7001.79337428
7004.29924269
7007.24407611
7010.24021341
7012.24773504
7013.80527954
7015.76703819
7018.33390532
7021.05829441
7021.39066499
7020.61491758
7017.2386255
7014.15658677
7010.07122631
7006.8493268
7004.6602099
7003.96864241
7005.99490554
7011.55887876
7017.97992173
7023.19702742
7025.56562081
7022.7701827
7018.09943798
7011.61180659
7006.25807406
7006.42149238
7007.4929498
7010.71220082
7015.79152271
7027.70321777
7040.46509652
7053.2600813
7062.47550996
7064.83880639
7066.66607093
7068.20758514
7069.52477292
7069.75259814
7068.31912806
7067.11543472
7066.08351636
7065.00391835
7060.65599572
7053.51303226
7048.09805707
7044.78763553
7046.24559013
7049.21499171
7050.73368019
7055.10207976
7059.79343386
7063.70613419
7068.39632435
7072.90475893
7078.27921931
7084.57009635
7089.30694859
7092.0578922
7094.46171737
7098.64875864
7102.02062496
7103.05910877
7103.3013752
7103.21097832
7100.8934867
7096.95136034
7091.32928081
7086.52436955
7083.01987003
7079.36913943
7075.50011118
7071.7200092
7070.74936836
7071.8259694
7073.77004594
7075.71575339
7081.22642243
7087.10270049
7090.47253863
7093.44393354
7093.76976655
7093.29053066
7094.42178105
7098.18896819
7103.02990577
7105.77422121
7108.0766583
7109.65013552
7109.475266
7108.88005447
7106.93411702
7105.81576056
7105.46755485
7108.2071309
7111.18757943
7113.72161932
7120.48103378
7127.99735656
7134.25822909
7138.08639405
7136.96832335
7134.17201403
7131.38852893
7130.21490283
7132.68370642
7133.46486928
7131.49878943
7128.92564957
7124.14465133
7118.44226006
7113.36442271
7108.38443981
7105.60471835
7101.56055573
7098.19461364
7094.40205683
7092.13750697
7092.28851227
7092.46959179
7097.5974506
7104.61808903
7114.96731202
7124.24947546
7130.26877853
7133.61311458
7133.54725101
7132.54947019
7131.44839857
7131.68585591
7134.72749135
7140.21327162
7145.17499393
7146.64754307
7146.86263467
7145.90876289
7144.19136158
7144.2545697
7144.04200809
7146.47889051
7147.94090844
7149.05983641
7150.29779275
7151.49622397
7152.9884346
7152.90480529
7151.58077328
7149.24967683
7143.409216
7136.68438515
7130.12687565
7125.36908646
7122.10476246
7119.63686492
7118.76091429
7116.77643445
7113.2950046
7107.75431014
7098.53473451
7086.10351179
7077.81511462
7070.56479006
7066.56966617
7065.52564843
7065.94854134
7067.94250692
7068.34429561
7066.87019921
7066.30821916
7068.46505943
7072.05247736
7076.85806467
7081.03922352
7084.50961338
7087.70973261
7089.46543237
7090.71980233
7093.16284594
7096.54091529
7098.12157129
7095.81035239
7092.01565588
7085.85244265
7076.82313956
7068.28205628
7060.37158358
7052.70171156
7045.91811925
7038.3557059
7031.88581237
7026.60649523
7023.63903123
7022.82014841
7025.0934731
7028.85999813
7036.04127397
7042.40798821
7046.85635104
7050.35966572
7054.02194508
7057.0343148
7060.18703316
7062.54305323
7063.14339445
7062.9442495
7058.28558325
7052.06411038
7046.8887601
7043.39318177
7041.02912565
7040.00148668
7040.00148668
7040.51249738
7041.75704705
7046.08712029
7051.5064376
7058.10857403
7065.79738967
7075.37901979
7082.95045888
7088.05914408
7091.36826228
7088.48206487
7081.67053107
7072.62707951
7061.18242338
7050.38617145
7042.29188015
7034.17263039
7023.40369267
7012.80024328
7001.77788066
6991.88712389
6985.45158396
6981.68739378
6980.99699023
6981.38242803
6980.83976796
6981.94270747
6985.78064393
6988.27779325
6989.8000084
6990.71372082
6991.11178769
6989.42145666
6987.14684257
6983.2394392
6982.14673817
6982.95624676
6984.61931934
6985.64624043
6986.40164331
6982.00567165
6974.95144628
6964.65718627
6952.7290985
6945.35879072
6938.32254018
6934.21509277
6938.5199218
6944.60843389
6952.34193222
6957.96744084
6963.06283483
6967.63472844
6977.55085489
6989.25134046
7001.42175738
7012.38328854
7023.318537
7032.73245547
7038.98089407
7042.72407063
7042.72407063
7042.72407063
7042.64998979
7040.72921292
7037.5054316
7033.39211571
7028.95666773
7025.12146338
7022.11287821
7015.41099854
7008.23137451
7001.89404449
6996.85420589
6990.90552669
6986.18830807
6984.36148262
6986.76242234
6990.0239306
6991.07585894
6990.7929174
6992.20395205
6994.01522812
6994.82907185
6993.02812487
6985.71480824
6978.50987029
6971.35611078
6965.15455729
6958.84555208
6952.33628677
6947.07319506
6944.55811273
6942.49320267
6944.46604313
6946.9734588
6949.54980471
6952.92348315
6955.91112441
6958.16153276
6955.46769879
6951.55310271
6947.74500348
6943.99851632
6943.99405572
6944.81027611
6945.56809051
6943.27248371
6937.63093784
6928.34445319
6920.63639423
6917.35590054
6917.6962305
6922.47081664
6927.37078749
6928.93854956
6928.81448908
6931.6288499
6936.89068706
6944.8465882
6950.86540339
6957.31420664
6962.54309808
6966.62282006
6968.32335472
6966.77400658
6964.05267718
6963.50253863
6962.11946638
6958.5734275
6950.66000663
6941.23935544
6931.72991041
6924.02812417
6922.25001686
6922.38048945
6925.6418165
6930.72306899
6938.34951288
6945.78923877
6948.97369013
6951.9849447
6954.47488736
6956.04076761
6957.7190829
6960.96040693
6964.0087054
6965.24889204
6965.42126641
6965.01867621
6964.51862883
6961.25004634
6958.3129214
6951.39293923
6944.11309802
6936.52226925
6931.77639824
6929.49877324
6925.43746518
6921.09430286
6916.25664103
6912.73639001
6912.69624459
6915.37936615
6917.61259422
6919.32135312
6922.05953523
6926.22754924
6928.8859284
6930.16235743
6931.91237689
6933.13235143
6932.88701834
6932.86910624
6932.38101885
6933.29188763
6935.5320157
6937.50715615
6938.04054652
6934.69154078
6933.08990602
6932.46270361
6931.58068934
6927.64358116
6922.02552314
6918.440454
6915.83037479
6917.4444156
6919.19088052
6920.20148557
6920.96243633
6920.39851871
6919.10062304
6917.75993347
6916.50852563
6914.70665167
6914.07443109
6913.53964678
6914.09359774
6913.22712588
6909.33267917
6903.59709824
6897.77748375
6892.58171925
6889.98285428
6888.08139042
6887.79736858
6886.88121677
6885.62088773
6884.68896351
6884.4119253
6882.57547471
6878.97403377
6871.53262818
6864.18942552
6859.13173755
6856.29180494
6851.99923559
6848.49236637
6852.42996243
6858.69905223
6865.93283772
6874.56018485
6881.65777563
6886.49613443
6889.51296475
6890.10490749
6889.41657393
6888.7263725
6885.39158493
6880.87229157
6876.87120163
6876.2820607
6876.95999548
6877.23704763
6878.70367949
6879.66638883
6881.40854649
6880.23121948
6878.55555964
6878.49840818
6879.79658961
6881.33577595
6885.12353065
6890.88508065
6899.08172184
6905.90163321
6907.29508333
6905.55412446
6899.29756617
6891.78982307
6889.67592307
6889.89531497
6889.68602215
6889.56740499
6887.53720399
6887.93391178
6888.41140524
6888.89266234
6890.66463632
6892.75959271
6896.21048138
6897.06621992
6896.52725379
6889.9283513
6883.2149368
6879.84148139
6876.94256429
6874.77904009
6870.81300769
6868.80755606
6868.75311581
6870.66163299
6873.53523618
6875.26698111
6871.91037841
6868.29066991
6868.05935287
6869.37293034
6870.17841741
6869.4571242
6869.15979722
6869.22377897
6871.05513472
6874.16528918
6879.32592645
6882.77988875
6882.85315413
6880.60222305
6877.87657244
6875.39466583
6873.29310218
6868.61427958
6864.43022831
6863.39133329
6864.10642349
6863.377603
6861.08610832
6857.68949263
6854.12583438
6853.10503964
6852.1437103
6852.70081156
6854.19538491
6855.03676589
6857.43072198
6860.38864448
6860.0051094
6858.88160235
6860.46740894
6864.60559965
6873.06896392
6881.66613926
6885.82663298
6886.80614624
6881.26154178
6875.37598706
6870.39175962
6864.96690838
6861.68716742
6858.94292168
6858.01303261
6859.60595526
6862.58096744
6867.04046085
6868.89181264
6865.71043491
6861.55148149
6858.12071432
6856.03043459
6858.45971307
6862.00638619
6866.40426755
6870.30860425
6873.14869717
6876.4386557
6881.15156705
6889.28652649
6896.92941884
6907.27013184
6917.78502435
6930.19518467
6939.57945407
6943.42518962
6945.61583288
6946.63731065
6946.22909591
6942.63747526
6936.96589002
6928.27050478
6919.92478888
6916.0279655
6915.8841808
6919.82442534
6926.15053417
6932.08738581
6936.66661153
6940.91868001
6942.62144497
6943.62640457
6941.89882751
6939.10244849
6938.93545472
6940.59849245
6943.53998042
6945.25724233
6941.57633995
6935.4441976
6927.20407251
6921.47401157
6917.37443991
6913.87621311
6911.96024533
6912.88135956
6915.33726922
6919.62571948
6923.64827606
6927.95840206
6933.44069051
6938.48437638
6941.69161863
6942.96128705
6944.92248812
6942.87869623
6940.78291045
6934.88237089
6926.90437584
6920.68406691
6912.86735048
6907.32358239
6904.05864505
6901.74686857
6899.25275804
6897.12944198
6893.5069456
6891.70068771
6890.03276423
6889.53729593
6889.98919669
6891.74389282
6894.38909926
6897.85964943
6901.09631771
6904.58324664
6906.42672965
6908.15047338
6910.15432895
6911.45828825
6912.99893823
6915.20233603
6917.32655814
6917.92866966
6917.18054314
6914.20350975
6911.7000668
6912.12563607
6913.06138665
6914.25759455
6917.23225824
6919.58745588
6921.62706596
6927.01373027
6933.57255705
6939.23382715
6939.77014479
6938.85732449
6939.69975092
6942.12366971
6946.26004133
6950.41223415
6955.35655314
6958.52040907
6957.7018608
6952.00599316
6942.11732729
6932.25277655
6926.38443696
6921.89539903
6919.5352529
6916.01353824
6913.97002514
6914.63437599
6914.42263681
6913.06891392
6910.73720413
6912.07489673
6914.17883705
6914.76296677
6914.76296677
6914.13478861
6912.56305382
6909.2111208
6905.51773571
6904.57557999
6905.57866474
6908.02250987
6913.39955601
6919.21318353
6926.76435477
6933.73474174
6935.22527964
6932.8565608
6928.22387755
6925.17275636
6922.74897696
6919.20293809
6915.5312357
6913.37711361
6914.02947659
6916.52539228
6918.25568752
6919.88011317
6921.74610827
6919.37648337
6916.17021688
6914.84918183
6914.8116152
6919.25855621
6924.90226269
6931.3883956
6938.54145814
6945.07693645
6950.57323399
6955.98963797
6960.02580635
6959.64174159
6958.59989142
6956.00176523
6952.32478678
6948.5854784
6940.3298109
6929.59816102
6915.24582689
6903.53068406
6897.05250357
6893.15894201
6892.53188597
6893.11595296
6895.63661105
6899.47962842
6905.6147538
6912.35110554
6918.52213877
6922.97897673
6924.28007846
6922.72541941
6921.50837214
6919.15742601
6917.05369478
6912.9231777
6908.1321431
6903.98767966
6900.09351174
6896.14030357
6892.25811655
6892.06964916
6892.43277698
6895.7996321
6901.02110081
6906.77228688
6913.53002861
6919.5556741
6925.03824134
6929.03459189
6931.2556927
6933.78178714
6937.20794735
6939.05066369
6939.24651198
6938.37362801
6935.62694287
6932.07365552
6928.10218676
6925.08842311
6923.53871254
6925.21812904
6933.68274785
6946.01066582
6960.34289937
6977.5623967
6994.13457709
7009.41698848
7022.36449795
7030.76077198
7036.04211731
7036.35850638
7035.75914092
7035.23867235
7036.00315674
7035.73574367
7033.45972171
7024.89331058
7013.62599821
7001.66334775
6991.16718279
6982.6201474
6973.85206829
6966.48049202
6959.5567741
6953.25928282
6949.83270443
6948.30181202
6950.33556756
6952.8571317
6956.86406224
6962.03316071
6969.62436585
6976.94385065
6984.82189338
6990.56454854
6996.29143827
7001.29789205
7005.21057147
7006.78541475
7007.85170065
7007.33056996
7007.40223231
7007.79676555
7008.13736036
7009.41453515
7011.05748623
7013.34945485
7014.65422263
7015.51231693
7014.68223382
7012.4316094
7010.1442826
7012.46903664
7015.19068664
7016.35672972
7016.72256875
7016.51926986
7017.70931655
7020.09791992
7023.87227887
7027.39609838
7027.42979683
7024.80122006
7023.31692003
7022.88052683
7024.89936724
7026.01129067
7026.3342452
7027.82833067
7029.55371228
7031.4500116
7029.5628356
7027.05974114
7025.11664035
7024.21306186
7024.46201919
7028.10638645
7032.57709411
7039.9003286
7045.63733832
7050.76314107
7056.20278199
7061.30605174
7065.34427619
7066.44058054
7065.85744052
7059.0343231
7051.30782931
7044.8896021
7040.62923272
7036.67955818
7033.412976
7031.15311674
7030.24364886
7028.98036467
7029.54236563
7029.29475345
7031.44419191
7034.29166572
7037.8473158
7040.76338531
7046.75518599
7053.68511391
7059.51861201
7063.92549124
7065.05373072
7063.79975106
7062.19244297
7056.47915111
7049.27684074
7041.96201169
7036.72373905
7035.2883523
7034.40518107
7036.44132721
7038.96378348
7041.02633778
7041.6588929
7041.03654837
7040.27423156
7040.17335924
7041.56681633
7045.09622553
7046.87218617
7049.29360981
7053.15297807
7058.23696966
7065.55630113
7071.85131119
7076.70550513
7079.60877829
7078.82150998
7075.35194951
7064.38029836
7052.49946509
7041.70209801
7033.54947738
7029.98144913
7028.16612367
7030.66888359
7034.70529592
7040.01785151
7044.77034373
7047.46467952
7054.41534227
7061.85152756
7070.9902269
7078.3806283
7082.06974795
7083.89393885
7080.08775629
7075.68488463
7072.46022513
7070.47527136
7068.31988776
7066.15016053
7064.93154508
7063.4174566
7061.56920633
7060.05958541
7057.61392119
7053.4333687
7050.47412197
7050.21115556
7049.86494318
7046.39533392
7041.75396644
7034.18659068
7027.81306705
7022.30861498
7017.929273
7013.47992048
7008.0086511
7003.59924884
7001.18482277
7001.33542383
7002.566062
7002.566062
7002.29427893
7001.48693095
6997.69363535
6993.50230773
6993.32671336
6994.14473193
6991.46814097
6988.50393182
6987.58694364
6986.91124613
6985.92845712
6983.84834617
6984.05435626
6984.81426853
6990.25314279
6994.54313335
7000.0947075
7008.45784762
7014.79549825
7017.12511016
7017.46561437
7016.81647835
7016.31184492
7017.47267466
7018.67676528
7019.8277817
7020.74918169
7017.35277509
7012.07886642
7003.06466665
6994.85362607
6991.16716885
6988.27253114
6990.02848878
6994.80992612
7001.20938396
7009.33126129
7016.43334055
7023.22045255
7030.16153895
7037.08855353
7042.41315275
7043.36776331
7041.72713314
7037.60665938
7032.59539651
7030.05528602
7028.56294297
7029.28146922
7028.09021677
7026.84731893
7023.60232884
7021.0026275
7017.46100043
7014.49139674
7013.3240573
7013.63371365
7016.00792461
7017.18898737
7018.92803654
7019.92587312
7022.32549557
7023.61787822
7022.76952755
7021.54731574
7019.68011488
7016.46823779
7008.53101542
6999.49132052
6989.27810407
6980.04264452
6974.57023211
6968.56055418
6964.21594216
6962.90893711
6962.20811387
6962.87338472
6963.21243226
6966.28440676
6971.34021989
6974.09567986
6975.17437181
6977.87953153
6981.32692839
6983.474722
6984.05220263
6979.74912299
6973.53805587
6970.13023292
6969.28580618
6970.63262211
6976.5369253
6983.33663153
6991.55002786
6998.80526606
7002.89347712
7005.28863897
7006.10922239
7007.9145324
7010.60014214
7013.23312375
7014.87673696
7016.37586849
7011.93368081
7004.64919779
6997.02664299
6991.31835536
6990.05668814
6989.02322948
6988.21991695
6984.04270991
6978.5745769
6973.08299087
6968.77653791
6965.87061627
6964.21729428
6966.39668847
6969.86624894
6972.91809498
6974.99996926
6973.45551383
6969.60834253
6964.26565696
6960.4036681
6962.8257678
6966.83591833
6971.99322408
6980.93305726
6990.68961963
6997.22251219
7002.22315325
7003.71039449
7003.57214372
7000.94047938
6999.21318111
7000.96723602
7004.29555572
7009.12716089
7013.98176603
7015.23393357
7013.65582151
7008.86501691
7002.06120553
6994.09328168
6983.43173295
6973.93421305
6970.27950277
6967.97419416
6964.25342516
6958.43250037
6951.77703884
6946.24198983
6940.89087094
6934.66059536
6926.39656423
6919.97789792
6917.32356118
6915.33071772
6914.08230684
6914.03010386
6911.11202709
6905.83311418
6899.77291297
6889.34693976
6877.49903827
6863.9088258
6852.48836147
6845.74324185
6843.39899359
6848.84008421
6856.25025861
6865.71454006
6874.31862933
6882.10696518
6889.1391733
6898.27066599
6908.63361926
6920.62454576
6930.18298771
6932.73410334
6933.47407533
6932.37690673
6928.81469817
6924.53865396
6918.66738711
6912.4240782
6907.76331407
6906.31667128
6908.39142253
6911.80642427
6912.38072673
6912.16041483
6911.0054675
6911.90588175
6914.56488818
6916.41680451
6915.49408725
6914.72498196
6912.48164784
6908.97477165
6906.94388065
6906.84728771
6907.84380702
6905.48449029
6904.07801382
6902.79259389
6901.19576821
6899.08144306
6897.49820828
6895.25996203
6893.34377819
6890.30347395
6888.75188157
6885.80007149
6882.27062744
6878.62512412
6876.6701888
6878.60999989
6882.68774945
6887.43236592
6894.22782064
6898.71030706
6899.41278212
6898.89269688
6898.96798347
6897.8723482
6895.92312803
6894.21032671
6892.12374092
6889.1295621
6881.54938998
6872.90684196
6868.1889891
6867.52212916
6871.05130836
6876.31152855
6879.36126278
6880.12388626
6880.08772053
6883.46697473
6887.5332243
6891.37067289
6893.20418227
6890.27927519
6885.4332567
6883.33816789
6883.95652576
6886.43514964
6889.26922772
6888.87578872
6887.02261784
6881.69241499
6875.18816786
6869.81780565
6865.41958278
6863.29472642
6866.17900717
6872.49486358
6882.24378717
6891.80821609
6901.17457339
6909.56916075
6918.1144816
6925.90457381
6930.17566954
6930.77792045
6926.37760667
6922.33971677
6917.33854601
6912.61086589
6909.45456511
6907.95650691
6908.12377947
6909.43910633
6910.6028285
6910.59655578
6911.49822458
6917.98575142
6927.01505452
6935.45785819
6942.73902364
6945.27794231
6945.60684198
6944.06702837
6942.51076629
6940.96774662
6941.05159199
6943.56256221
6946.80981048
6949.85263774
6956.56677709
6963.28248461
6970.07551388
6974.73308589
6974.87286302
6974.20164006
6972.27739228
6972.16352846
6972.18026268
6973.49000683
6974.10403652
6972.84308717
6970.989526
6968.70547495
6964.0560296
6956.92375764
6945.64329346
6934.3829926
6926.06508577
6919.0047201
6913.13554415
6908.16928457
6905.23392993
6904.35268233
6902.78813329
6901.54404362
6899.84407351
6900.59191427
6901.7222586
6903.74318294
6904.78278887
6904.81310702
6907.17749769
6912.06625431
6917.40385201
6924.70948106
6930.43654503
6931.60814992
6927.9957596
6922.3299592
6916.44984084
6911.82747273
6909.76340601
6907.17436133
6902.4595124
6896.69431726
6891.59711812
6888.89852384
6889.77837751
6891.95012594
6897.08218748
6902.80311115
6909.49778415
6917.65963963
6922.79225874
6927.0627272
6932.03755252
6939.09819698
6944.42220378
6944.29911905
6941.350522
6937.04241722
6933.44243294
6931.41718042
6930.53886008
6927.31837542
6922.81051933
6916.67593758
6909.81462626
6908.19243091
6908.03708349
6908.68204467
6907.89141
6906.77967475
6907.30574695
6909.06084732
6908.97206044
6910.78564347
6916.92712521
6923.66179726
6932.60565196
6941.92343052
6949.46149874
6955.93497469
6957.7594862
6958.17145063
6960.78287499
6963.99558147
6966.12627844
6966.86018679
6967.37084204
6967.94087904
6970.94971513
6974.69180442
6976.96694123
6979.69284972
6980.72721444
6977.06238417
6972.42811183
6966.4289651
6961.07785318
6956.37499213
6952.7651318
6953.48347684
6956.03893458
6957.62702027
6960.00177486
6964.21255489
6968.55385631
6972.47820996
6972.71929154
6965.28719049
6955.72410672
6945.39621795
6933.8029053
6925.3718107
6917.78878798
6911.63699111
6908.46626306
6908.15172096
6913.16983503
6918.9934292
6925.64864679
6931.41864405
6937.10368079
6941.05180109
6942.50965114
6944.56731272
6948.65761469
6954.10529864
6958.5970896
6962.80958418
6966.15856901
6970.92554424
6974.98651079
6978.2444645
6980.10480021
6979.07128579
6976.96663456
6973.09807328
6968.35234863
6962.53441385
6958.6842386
6957.07755082
6957.61683058
6960.34153331
6962.01265588
6965.799393
6969.1077097
6972.72099911
6974.65964627
6973.74062294
6971.21971395
6967.93535208
6961.83205031
6953.2920543
6940.6130591
6929.61126404
6922.28639864
6916.69594059
6914.03470386
6912.94610798
6916.17788354
6920.78254863
6927.51770856
6934.70666501
6940.83023464
6945.37607555
6951.29787266
6957.74984014
6968.51973968
6977.52999461
6984.04648051
6988.48245123
6991.17287702
6989.19993203
6986.24230226
6981.67587986
6977.19210404
6970.4373314
6964.02057478
6957.64621479
6952.13061122
6947.89220334
6943.90372854
6942.47048148
6941.4403613
6943.48735926
6945.43838458
6945.97623555
6945.64336316
6942.44796939
6939.94229613
6938.67464892
6936.96798093
6935.13801912
6932.78540026
6931.37738349
6934.20791399
6937.47279557
6939.42619059
6940.91366183
6940.05199905
6938.65213682
6935.01625864
6930.76913864
6927.30492392
6925.54535599
6925.57400141
6928.83330724
6933.13479082
6938.64342471
6942.16109695
6940.36702904
6936.00964855
6930.64960846
6926.2398159
6922.86042231
6920.06264935
6921.61981749
6923.10185237
6924.77004767
6926.47999141
6927.13137864
6926.47511263
6922.95256161
6918.08095739
6911.62834869
6906.37117425
6900.57902035
6894.59686572
6890.55974946
6883.70394419
6876.61652219
6866.12170935
6855.21908601
6845.82764479
6837.44666227
6833.08802723
6831.12285344
6836.40942603
6843.90930732
6855.55531082
6865.25858294
6875.64481498
6885.93716529
6896.68414848
6905.50107815
6909.17153297
6909.61633858
6907.81884856
6905.58276989
6906.84881408
6906.8100626
6905.2631399
6904.3430084
6904.83596063
6904.78529796
6902.28310258
6897.85679186
6894.34365688
6895.15437123
6897.05430872
6903.97758058
6915.14866941
6928.13933521
6938.64725804
6942.61099044
6941.62965808
6940.18275044
6937.17553829
6934.48168341
6928.64171047
6921.1474119
6909.23321472
6898.03856834
6890.17208833
6885.5622587
6884.23460942
6881.47077188
6883.88229159
6888.85188965
6897.63112026
6905.02532711
6914.57248514
6923.70689116
6934.96886474
6944.97733958
6948.84286905
6949.83012564
6950.79361559
6952.5830138
6957.98113628
6963.79264501
6970.49253134
6973.11758144
6971.56534087
6967.2381252
6964.64173447
6968.3808477
6974.59443785
6981.52009334
6985.74233155
6987.91410786
6990.25064764
6996.17925414
7005.45912456
7017.96409357
7027.33880753
7032.72832941
7035.93860347
7036.42025784
7035.5056533
7034.89666269
7034.36371141
7033.45926171
7032.93706465
7032.44524151
7032.54781444
7033.50438348
7035.61658288
7037.04697933
7038.08008254
7038.88833658
7036.97706637
7033.91565792
7030.96821784
7029.67784943
7027.43437591
7024.89495542
7023.30267399
7025.12332429
7030.26708096
7037.97382962
7043.63696759
7047.43670319
7051.07828954
7054.08999017
7055.72310005
7054.01482903
7052.75031817
7052.03231465
7052.52066689
7054.75839738
7056.42790298
7058.77556639
7062.8695623
7067.35819599
7069.921871
7069.60951738
7069.62789645
7070.41803626
7071.71685891
7074.46172495
7075.26033294
7075.74974457
7072.72744305
7068.86021297
7063.89754975
7059.39996001
7053.95148152
7049.00773404
7049.60146799
7052.62545618
7056.35469336
7059.87564135
7061.52889364
7063.50976317
7069.15931722
7075.35834072
7079.69011457
7081.80703942
7078.5977899
7072.5941756
7068.91919746
7068.58974718
7070.25979642
7073.65558969
7076.18401201
7078.03360047
7078.79763879
7082.38860429
7086.58900646
7088.46418064
7089.45449692
7091.74787342
7095.53992842
7099.73212725
7102.85099383
7100.162645
7095.84945235
7089.03823916
7080.5844861
7073.54850041
7066.77231688
7061.06968864
7053.80615651
7046.42823086
7040.81119042
7036.82829834
7035.87894292
7037.82682492
7045.58177595
7054.34091295
7064.94729658
7073.20906256
7076.30547977
7076.2074929
7071.02169505
7067.30616726
7063.61090731
7059.93810371
7057.48212435
7055.22059237
7051.92097385
7047.39778444
7043.20283257
7038.6289526
7035.08442614
7034.9974932
7037.80917766
7041.20697123
7044.15926222
7047.77976527
7051.85208544
7055.83652479
7057.65651994
7052.76880179
7046.16663749
7035.13188973
7024.06588292
7013.03320516
7004.90255299
6999.65981278
6996.78058505
6997.4449359
6999.25870712
7004.18766492
7009.71600909
7015.05201769
7021.35412987
7027.65156539
7031.97873925
7033.94595516
7033.33865122
7031.26386512
7027.31935512
7024.74302315
7026.77357264
7030.51903525
7032.74304242
7032.47412391
7031.10648952
7028.58045083
7024.69662593
7019.67278277
7014.25391152
7009.25432985
7002.95593251
6993.66127938
6985.89531624
6979.11361969
6974.0565799
6968.95597954
6965.59475594
6966.18246808
6969.44955905
6976.47779445
6982.26336199
6982.94523465
6983.21855104
6982.94183344
6981.67739228
6979.70103213
6976.96533123
6970.29842548
6963.16878806
6959.04335885
6956.5889407
6954.4566895
6950.42582504
6946.83204379
6947.57117941
6950.38519175
6951.66872986
6950.16104652
6943.66334393
6935.92287591
6930.12966958
6926.67423668
6928.23551693
6931.53650151
6936.71302967
6942.89674773
6948.19057576
6951.89754479
6951.87935389
6951.17743641
6951.88715995
6953.76250837
6957.48864404
6959.7656348
6962.54506353
6964.81955914
6967.8538764
6969.14419602
6968.99892677
6963.891294
6957.71138837
6950.41962202
6943.36120787
6938.77759124
6935.34181286
6935.81219723
6938.40506131
6938.92172443
6938.15324641
6937.67484689
6938.05797075
6939.58314801
6940.22672918
6938.80003364
6936.86225073
6936.63936004
6936.8966113
6937.94861631
6939.9633446
6942.07397582
6942.81018418
6941.35303109
6935.98309403
6929.65461551
6922.8470405
6917.62688209
6912.8466505
6907.44291045
6900.90018366
6895.66517981
6891.93061081
6888.03790652
6883.48027987
6880.4908474
6876.12669237
6870.19778618
6866.40278998
6864.71132288
6863.71361176
6862.02889132
6862.44582515
6862.71458336
6863.71465721
6865.21523147
6868.03189926
6870.10642052
6870.75028745
6871.67147137
6872.30611741
6875.30748895
6878.18457698
6881.00017841
6882.26699623
6886.29993766
6893.44081021
6905.60256381
6918.22411482
6929.59607012
6938.96375166
6941.7776943
6941.09550104
6936.09656059
6929.17119781
6923.48650956
6916.97263729
6910.95332724
6905.15810668
6899.42233059
6891.5539618
6884.93806023
6879.17057903
6873.84210466
6870.68413812
6870.61897152
6876.22789924
6881.05607532
6883.04390061
6884.07486412
6884.14943981
6884.92056631
6886.18403171
6887.72343411
6889.56371106
6891.06002683
6892.49549722
6893.99217542
6899.42720938
6905.17602575
6910.7025578
6916.00148068
6921.65229624
6926.39544908
6928.37581679
6928.36982286
6927.52412067
6927.90076272
6927.53576006
6925.03984437
6921.31245416
6917.38914596
6914.28373088
6914.11736438
6914.95512112
6917.73198501
6921.17062097
6919.23283806
6915.28123292
6906.89383827
6898.70158798
6890.78339984
6883.60817368
6877.56461609
6872.7334291
6870.99497932
6870.60294123
6871.3432617
6870.75996138
6866.68242091
6860.05076087
6848.76997609
6835.68214585
6826.24657953
6816.54254075
6808.69871223
6804.65970717
6803.0299079
6806.16530658
6810.01668061
6809.77448388
6808.78680911
6809.85819682
6813.42179235
6820.14238563
6826.74128812
6829.47353903
6830.88721519
6835.94448498
6840.98300631
6848.57091478
6855.06199617
6861.43061313
6867.13119925
6871.95422473
6876.14210236
6877.50460706
6876.0070228
6868.68049164
6860.35352421
6850.70294992
6840.38529963
6830.442542
6820.10956536
6814.36549535
6812.32601072
6812.65122343
6814.88285544
6816.75023751
6817.14068651
6818.4994903
6824.99796653
6832.27375138
6837.92798209
6841.40189164
6838.74469036
6835.29003806
