6919.23077964
6916.18870511
6913.54251593
6909.60799351
6902.93465472
6895.13323677
6888.67572141
6881.98958628
6876.3984452
6873.77809267
6872.49723789
6873.05907157
6875.89312177
6880.6738482
6885.57227875
6890.75956114
6899.26465991
6907.86573131
6914.45052018
6922.14299491
6929.79498968
6935.70311923
6941.3680275
6944.57962581
6944.91447759
6943.52096474
6942.4330728
6942.4780273
6944.50343316
6946.43119365
6949.2730499
6951.41867594
6953.3320719
6953.01515313
6952.15386672
6950.63289915
6950.63289915
6950.511982
6950.27836496
6949.95226013
6950.66481336
6952.03183441
6953.06214975
6950.82864986
6948.54892002
6944.54452645
6939.61959016
6936.04511495
6934.4313808
6934.64205362
6932.80210425
6930.59985645
6926.95322404
6923.8242305
6922.22631755
6923.92580676
6929.87755263
6936.56466352
6942.78284669
6948.35848718
6951.02621966
6951.51843311
6952.2689363
6952.62555443
6951.73509986
6948.93734781
6946.57003685
6944.11746566
6942.07607134
6940.17302536
6937.81277469
6932.78072821
6926.47240603
6918.63173478
6905.03480353
6892.72059494
6884.72190688
6878.00864571
6872.52224514
6870.31099947
6869.79958453
6870.68233061
6871.91774301
6876.97040584
6881.11461139
6885.43560313
6888.21100339
6890.41211513
6890.89177616
6891.05778721
6890.34997337
6888.95992446
6888.10677167
6886.96626554
6885.41686861
6882.76605853
6879.14571579
6874.60113639
6870.20695594
6863.57946378
6856.81419478
6851.18819132
6843.78526539
6838.2970527
6836.08299127
6835.06513775
6835.55440998
6837.81321682
6842.06716711
6846.01898134
6849.8082624
6855.39328408
6860.95635125
6864.9616927
6870.32066643
6874.82468223
6878.44785467
6883.690337
6888.27301272
6890.91766856
6893.51610839
6894.10018235
6893.33360705
6891.18323466
6889.57392627
6887.72071357
6885.32812354
6884.17668197
6883.16146995
6883.2889177
6883.95660007
6884.01573789
6883.12447484
6882.95394743
6884.32714363
6888.4921328
6891.93737602
6895.47624309
6899.29374443
6904.52240586
6909.30450532
6912.45742581
6914.88207641
6914.43704777
6916.40171974
6918.65010689
6919.25361931
6918.64102538
6916.7953748
6915.173054
6914.34025271
6912.90907566
6912.07505467
6909.6968919
6906.3512804
6902.3913186
6899.15649729
6897.94172911
6897.43016083
6896.65265707
6894.79137347
6892.62031504
6891.45063378
6890.59903524
6890.5914104
6891.75718166
6892.1631661
6892.59792839
6890.83406713
6886.03696192
6880.33017278
6875.49794034
6873.69746033
6875.07635773
6878.5389067
6882.08323103
6884.51056497
6883.41127061
6880.99283697
6877.65882303
6875.32505718
6872.03319593
6870.26720891
6869.13544974
6867.717996
6868.03637144
6869.95822861
6872.8216909
6876.25966473
6879.66050406
6879.94712559
6879.5167542
6879.92038289
6880.65566428
6881.57263154
6883.1226906
6885.65667473
6889.04038953
6890.53223076
6891.30241636
6891.03186693
6889.79622453
6888.25180395
6887.76304747
6888.72331045
6891.1542965
6897.17028897
6904.02483969
6908.15346102
6910.49380626
6911.60479575
6911.9695963
6911.63397087
6911.73460623
6910.54931984
6905.84124545
6900.14405358
6893.68347852
6886.42459517
6880.52053593
6877.85679707
6877.65363758
6878.79915492
6881.76605438
6882.98784103
6882.60388081
6882.45626975
6881.46469195
6881.98145265
6882.99650436
6882.99565406
6882.64917683
6883.58945074
6884.08820872
6885.08553651
6887.40213601
6889.42989065
6890.75411781
6890.91875583
6889.43212095
6887.60721914
6885.8198282
6886.0013956
6887.34157638
6887.52772983
6885.71472528
6883.20934475
6879.08814615
6876.55230111
6873.42901574
6871.27974456
6869.52453268
6869.44007398
6870.20348503
6873.57403408
6876.7035852
6878.48461281
6878.80551128
6879.64625104
6879.67785859
6879.03397772
6880.75552599
6882.77796973
6884.64390211
6887.81971105
6890.20148412
6891.7727868
6894.54045069
6896.53979688
6899.67879889
6903.75961511
6907.19427137
6908.1868319
6906.85621353
6903.9440122
6900.05675124
6894.93942363
6888.5771909
6882.58512538
6874.49056923
6868.75677254
6866.31583377
6866.43020638
6867.98263513
6868.61528086
6868.86211243
6869.2762305
6869.27584717
6872.3789971
6876.38826248
6884.41678779
6895.62124052
6904.85380765
6910.87348709
6915.40897801
6919.04186619
6923.6455625
6929.55952568
6934.30004396
6937.49518683
6937.70371996
6935.86258574
6933.91301708
6931.59498879
6927.35433667
6922.43695552
6915.9155978
6905.42367042
6896.0053262
6891.0202624
6889.79322756
6890.93087612
6895.44374343
6902.8224915
6908.44013134
6911.07578931
6913.4667554
6915.12825283
6917.28359462
6918.98294443
6918.98294443
6918.69822563
6917.83007407
6917.50792106
6916.41629336
6914.3605136
6911.56587003
6907.86158434
6901.02177452
6895.1165583
6890.12395329
6884.56211976
6879.64432741
6876.45371484
6874.02934999
6873.35925612
6873.36193945
6876.34789404
6879.95732922
6883.39191578
6888.52847974
6890.76972992
6891.9061309
6893.25934501
6894.80791952
6894.13943564
6892.52893543
6889.3697492
6887.40168995
6885.74824949
6884.46549198
6884.46378441
6886.06406705
6890.10792301
6893.70334214
6895.36034412
6897.93567245
6900.3273146
6903.57352439
6909.74197186
6915.36699259
6921.10633019
6927.3222064
6931.87506578
6934.52056496
6937.63098427
6939.43186156
6941.58886213
6941.63997784
6942.80389516
6946.13963061
6952.29013113
6958.69258594
6964.05619451
6966.54789354
6966.66182706
6963.18858659
6959.51753935
6956.63937799
6955.48419369
6955.61165538
6955.32097052
6954.46033229
6954.71676809
6954.77925136
6955.89935721
6956.54020627
6956.74247364
6956.65171434
6959.59374594
6963.74881724
6970.13049541
6977.87518706
6985.09784892
6989.91294987
6988.7214953
6985.32253082
6978.40229774
6971.29091394
6961.93459997
6955.49379095
6952.35110894
6950.2562571
6948.96410445
6947.02847518
6944.59415064
6942.74763582
6943.62882767
6950.4030318
6956.74396516
6959.28682171
6962.42493857
6964.70098144
6968.21578914
6973.23112231
6977.93949639
6981.17050528
6983.16037268
6984.2848555
6986.36672281
6985.96954108
6985.15194069
6982.34533713
6975.09883195
6968.49036705
6962.1951688
6952.81719302
6944.63962787
6938.18998129
6935.65872927
6935.76320493
6937.61022853
6941.01844876
6943.93478312
6945.93490294
6947.47396382
6947.91032217
6947.83197589
6948.05036415
6949.01788258
6952.29194325
6957.62431367
6961.23549127
6963.49304356
6961.83655734
6959.09565008
6952.46428277
6948.70466471
6944.36473632
6942.73994825
6942.79849365
6943.77356025
6944.47749197
6945.97713926
6946.35069373
6946.37306644
6945.31539507
6944.146362
6943.2559841
6943.93033646
6944.99727751
6946.41438973
6948.58363604
6953.29519527
6957.1876138
6960.01919673
6960.36752093
6960.03052248
6959.14095306
6958.87530333
6958.57981635
6959.76175729
6961.41849442
6963.06331338
6965.67516986
6971.63520966
6976.84477415
6980.76863992
6982.40977192
6982.37762074
6978.36905232
6972.92267868
6969.55375356
6967.73116569
6968.35768506
6969.02860833
6969.74640973
6971.77620649
6973.23055079
6977.33436002
6983.08481427
6988.50568582
6992.73577886
6996.85161081
7000.67568456
7001.95180692
7000.88299799
6996.67337492
6992.70907798
6990.45600023
6989.62584046
6989.55545356
6990.7659772
6993.86067289
6996.65222889
6998.9389772
7000.48296566
7001.7930095
7002.98848558
7005.65320019
7007.83246195
7010.66445609
7015.31156659
7019.66908647
7022.21497484
7024.2775849
7024.34874543
7023.36504338
7021.52239674
7018.71172986
7015.2799242
7010.47021082
7006.90620409
7004.35340179
7000.16254113
6996.21848417
6992.12410493
6988.32703873
6985.34575383
6985.60297721
6988.9988123
6993.75041239
6997.82646135
7003.49333507
7008.69851563
7013.02843554
7016.72397427
7018.76992677
7020.70561877
7021.64129965
7021.35045449
7018.07999715
7011.6937399
7006.01551952
6999.27497202
6995.8896751
6993.07267974
6990.32662885
6985.92576446
6981.33236936
6978.19898491
6978.52844913
6980.36208396
6982.30398596
6984.41419203
6985.90981084
6987.21742226
6991.13488289
6997.67490544
7003.02068555
7005.05162533
7005.21540608
7004.20631345
7002.74260886
7001.20812009
6999.88849292
6998.325296
6993.89043347
6990.49944928
6988.31394268
6988.0683308
6988.0683308
6987.70033814
6984.88959459
6981.70814019
6978.75723617
6976.3695528
6976.33352648
6978.80453249
6981.84008339
6983.93435675
6982.718571
6978.5690197
6974.29088458
6971.41029776
6969.64130681
6968.36156021
6969.01029198
6969.01029198
6969.02149924
6969.64862498
6971.06403659
6971.74551197
6972.19954546
6971.96827024
6973.10441334
6975.95286989
6976.83598537
6977.08332573
6976.17374633
6973.69034124
6969.09981765
6965.39562257
6962.45182066
6958.55056456
6953.68282852
6948.60060724
6940.23465136
6932.80372122
6927.27267281
6922.08251194
6918.238477
6915.41631012
6914.49071438
6915.31968234
6918.55099093
6921.88365274
6925.02551233
6927.57460675
6931.51835008
6935.06523926
6939.4025122
6943.95072977
6946.95921737
6947.66019394
6946.62510437
6944.44565443
6943.56431622
6943.56453925
6944.95304089
6946.46222271
6946.98076765
6946.46120514
6945.10618589
6943.62380252
6941.37466962
6940.00437281
6939.74259125
6939.78063182
6941.59363637
6946.86817231
6951.36054872
6953.57239378
6954.02894333
6953.34979582
6952.95111562
6954.03612211
6954.32717636
6954.71676809
6954.16046835
6950.28251192
6945.79899398
6940.72120542
6934.46109956
6930.83519501
6930.44730388
6929.37117677
6928.11617954
6927.83132134
6928.80104916
6930.6785094
6934.19022953
6939.21019754
6943.72565757
6945.68256531
6946.21513326
6945.05559988
6943.78139418
6941.21010827
6938.40088411
6935.71804133
6933.79820538
6931.77039498
6930.09867998
6928.07749079
6926.93845527
6927.64214305
6925.49406368
6924.40035902
6923.83160443
6922.06609832
6920.27423284
6918.82846822
6916.54328809
6915.27699996
6916.39691066
6919.53238601
6922.44193885
6923.74745937
6924.815188
6926.9200065
6931.77203286
6938.23809306
6944.52802919
6946.69829308
6949.1618485
6950.43855631
6950.29966433
6948.81941369
6947.14817263
6944.55500189
6940.47011537
6935.27720844
6931.85536247
6931.78914345
6933.10030941
6934.40999082
6934.45459684
6933.13745785
6933.09407153
6934.05931784
6934.43463565
6934.58884701
6933.79918113
6931.91911422
6930.80404746
6930.60177312
6934.24400069
6938.83492155
6943.16369843
6947.84201921
6951.12203896
6953.16001814
6957.47130807
6961.07398962
6963.22482201
6962.71431313
6961.54666702
6957.17288685
6951.48777344
6946.45132212
6945.02148324
6945.49495519
6947.2891834
6948.73160256
6952.96271318
6957.96321485
6962.6352629
6965.50526973
6965.86317725
6962.33611684
6957.03297032
6953.00943798
6952.6038996
6952.21963968
6951.99485324
6952.13151492
6951.42613351
6950.4951711
6948.6093542
6946.89876228
6944.63437272
6942.34325441
6942.10831313
6943.37099792
6944.33910877
6945.39875256
6946.98520037
6948.64480901
6948.31284965
6945.92455295
6944.4568826
6943.56352864
6942.26083782
6942.60467354
6944.27022036
6949.2942517
6954.54746038
6959.07368162
6962.8456639
6964.81033588
6963.44183028
6959.5970217
6955.08605015
6951.25485337
6946.58194805
6943.88722195
6945.46576613
6951.40923898
6957.12461478
6962.70378889
6969.52028511
6975.46133947
6981.29883818
6987.7209963
6993.37952731
6997.64914546
6999.19891876
6999.53862842
6996.38890703
6991.3482251
6985.26842512
6980.85794953
6973.01518737
6965.57013663
6959.87053324
6952.8996584
6945.63259263
6940.23694439
6937.59575946
6935.38496682
6933.74166028
6934.51534466
6936.25722352
6938.57222697
6942.1698067
6946.89389743
6950.62535097
6953.2721953
6956.36790856
6957.77966109
6957.8813419
6958.25680607
6958.84598881
6961.38123446
6960.91855856
6959.34818286
6957.30159611
6952.5130009
6948.963979
6942.75765126
6934.46942834
6926.53112567
6919.72339036
6911.74958409
6905.82472729
6903.04950825
6900.26818375
6898.47935009
6897.45702899
6896.82657174
6896.13380546
6895.83178789
6897.4781123
6898.85257699
6904.386476
6908.54853093
6911.8803076
6912.47320519
6910.5605968
6909.48369605
6910.69588545
6912.6641956
6914.92965152
6917.64628335
6920.34423641
6920.34417368
6919.25601689
6918.42145227
6916.12461881
6914.4309702
6913.54822411
6912.71427979
6912.63773169
6914.05809875
6919.02549439
6923.86310743
6926.76087453
6927.89289158
6927.65114789
6928.51196733
6930.16273841
6932.89340022
6934.93811908
6937.15121869
6939.44805912
6939.3524977
6937.04328607
6934.55930946
6930.53123985
6924.7979171
6919.43598125
6913.60876284
6907.14603415
6902.10473192
6900.35462882
6900.09359302
6899.30343229
6899.31856349
6897.66862181
6897.85774435
6897.7101054
6898.84281245
6900.0909306
6903.13207119
6906.02920405
6908.5613691
6911.5438946
6913.57481348
6914.87647278
6913.62190767
6909.9693789
6906.99583733
6902.63119442
6900.36504154
6898.55977334
6897.67878362
6898.44903194
6898.03389629
6896.47405179
6893.82563232
6891.61391968
6891.9679869
6895.56097361
6901.8454943
6908.04700598
6912.21203696
6915.67643289
6917.28133644
6916.86864018
6914.54138403
6912.26536903
6909.90986472
6905.57589542
6901.84292248
6898.21824459
6895.58287935
6894.18196469
6894.28912367
6894.45995077
6895.61607598
6896.70681156
6900.84854984
6907.17780897
6912.68216346
6920.66000518
6927.0506394
6930.48906626
6934.53826797
6936.88526229
6939.40226826
6939.27819384
6939.06195223
6938.98092959
6938.72162924
6938.75471436
6939.48020333
6939.62280319
6939.42569338
6939.70876037
6937.44042598
6935.64524989
6935.26446088
6937.37738513
6939.40398977
6939.94762559
6940.65049792
6940.85868953
6941.05411963
6938.29486118
6931.83922067
6925.63747202
6923.08216064
6920.11949178
6916.1866142
6911.35240237
6906.11594185
6902.30716656
6902.41054798
6904.3041779
6906.98476946
6909.54187903
6914.90016973
6919.68535676
6925.46301371
6933.28462983
6940.68413364
6945.80339186
6947.98583179
6947.37521725
6944.93935939
6939.33396529
6933.84419836
6929.06190375
6925.6539414
6923.62482767
6921.68749779
6917.63998275
6914.00778456
6911.24249036
6909.72836702
6908.5205058
6909.71274098
6911.65584873
6915.87400269
6923.09210638
6934.26102764
6944.38099661
6951.53590612
6958.98729231
6962.56744085
6963.42050303
6961.26270094
6958.10853985
6956.34419071
6954.26244885
6952.19121729
6950.43558722
6949.0555886
6948.05415567
6948.49988128
6949.93852287
6950.77496234
6950.6202631
6948.61191905
6947.06852301
6945.48107157
6943.27804317
6940.31177795
6936.0596119
6931.68198446
6930.07978515
6931.51814796
6937.00187217
6943.39702275
6946.97780553
6947.47353867
6946.8305778
6946.4906242
6948.87233454
6951.31630513
6954.32647939
6957.48758926
6960.38553758
6961.99204415
6963.04818219
6961.01802997
6958.12617317
6952.92260958
6943.95929552
6935.66961593
6929.4999418
6920.51784441
6914.02746696
6910.65587246
6910.13457449
6910.14901569
6911.08781203
6914.86157855
6918.05943263
6922.61553989
6930.41847027
6936.73742819
6941.6077012
6945.19080489
6945.42983738
6944.84742221
6944.62308879
6944.31127183
6944.31599728
6943.8156293
6944.22148829
6943.8264602
6943.71896667
6943.9093089
6944.7342902
6946.6041256
6949.78306394
6952.31368171
6954.13873685
6956.16391968
6959.09829159
6961.24308126
6962.61091778
6962.94954016
6960.1094124
6955.96702593
6953.65374401
6953.26048622
6951.82739947
6949.53379297
6945.19294459
6938.9534481
6932.868386
6928.11702984
6922.54635178
6918.00279693
6913.8567235
6907.66174242
6902.10159556
6899.75265669
6903.86473895
6910.53963197
6918.06116808
6925.65704988
6930.99514939
6933.40557486
6936.05819009
6938.00409965
6936.94480435
6935.14730039
6932.2103009
6929.63668711
6926.91250711
6925.78685339
6925.58694874
6925.67580532
6923.60475496
6921.12616593
6915.83495849
6908.97391899
6902.98168619
6899.70700522
6900.94978459
6903.91839859
6908.33098599
6915.90882327
6922.53963997
6928.89511907
6939.02669954
6947.82727832
6954.54267221
6960.31084341
6964.00108517
6967.72066236
6973.07452034
6977.40181268
6979.07328374
6978.76050496
6977.31384125
6974.96832451
6969.86193931
6964.60032518
6957.30783399
6948.83607822
6942.81536727
6939.03069317
6935.48811823
6932.73341099
6930.46763446
6929.8364454
6929.16784304
6928.85228335
6928.97601626
6929.27444444
6930.715163
6932.4515846
6934.74999321
6937.79721835
6942.45722278
6946.26610957
6947.91032217
6947.44013295
6946.53523718
6945.72499678
6944.49502074
6943.15019118
6943.8264602
6943.8264602
6943.68107943
6943.2895571
6942.35402258
6940.83086652
6938.56326394
6935.35900472
6931.00267666
6927.47690564
6925.68271925
6925.44906736
6925.67196502
6927.01899003
6929.01751379
6931.39120899
6932.66337954
6934.9874157
6937.60550308
6941.90085333
6945.31539507
6947.75078597
6948.44541315
6946.29456682
6944.38993872
6940.06181699
6933.53742745
6926.96160858
6922.08118073
6919.43428762
6918.03002751
6919.35976769
6923.28772467
6926.65087192
6928.94720356
6930.5925104
6931.28667758
6931.99952354
6932.62864958
6933.34240159
6933.72602727
6930.07834243
6926.65037707
6923.03766614
6918.75658284
6915.13167495
6911.98455325
6908.00150087
6903.92653919
6900.506582
6897.62223852
6895.16499068
6895.78178733
6898.46432344
6901.62670179
6905.36259502
6909.21656178
6916.56007807
6924.75752078
6933.20098658
6945.02020082
6955.10235225
6963.68640367
6971.01970937
6974.50576709
6971.50439555
6963.36965914
6955.55198786
6947.81887287
6939.1105937
6930.61589371
6925.93197627
6921.83591734
6919.90740412
6919.02550136
6916.27589593
6912.92864655
6910.86464952
6911.20204524
6913.31200738
6917.35769636
6920.24549681
6921.70552141
6922.0744968
6925.40739558
6929.73967822
6935.80532973
6942.01353231
6947.04220547
6948.94053993
6949.31926592
6948.00890147
6943.99879972
6935.92900688
6927.61596489
6918.68443958
6910.6197834
6903.3781361
6898.2437676
6897.56629282
6898.36249627
6901.67324538
6903.58537983
6904.64349726
6902.72967614
6899.78179697
6898.26028576
6900.57425072
6904.37760358
6907.07167453
6907.21068499
6907.75232051
6909.94061499
6913.72565848
6918.73844074
6922.86179995
6924.235721
6922.74581734
6919.79039696
6917.25331828
6915.25475271
6914.84230736
6915.00500084
6913.87811348
6914.29920821
6915.01059053
6915.99767287
6917.91380793
6919.64079953
6922.49320789
6927.44722173
6931.24499187
6934.1820959
6937.97330756
6940.28151556
6939.00758168
6935.74965585
6932.03353563
6930.16672507
6930.3931006
6932.58809992
6935.83156365
6939.75714396
6942.38777679
6941.59873818
6940.3201834
6939.13347519
6940.10650664
6942.39631466
6944.50710618
6944.596137
6943.82459929
6942.00491081
6940.32796854
6937.291184
6934.2974373
6934.12709808
6933.61679828
6933.56847742
6933.10277668
6932.99791769
6932.00038778
6933.11362151
6932.59582931
6932.54037845
6931.33632269
6930.31163886
6929.92010956
6930.97191244
6932.1933088
6933.99549639
6934.97808329
6935.33373263
6936.06850523
6938.60344421
6941.63058966
6945.94038111
6949.77711879
6953.16241571
6956.10461458
6958.40194289
6961.20380706
6964.5933764
6965.60336115
6964.01846061
6959.91933501
6953.71367637
6946.22440295
6937.19505107
6929.57015445
6924.00000608
6917.27610917
6911.60011212
6908.12000651
6905.76384008
6905.62029234
6907.05946363
6908.18035705
6908.83433701
6908.46360526
6907.21359135
6907.47160231
6907.75232051
6908.59968148
6909.85253902
6910.02809854
6909.37244586
6908.94414447
6909.7942515
6913.29255497
6919.25009962
6925.76356068
6931.20493009
6933.5077087
6932.20880242
6927.50102773
6922.63963411
6919.62201622
6915.61201902
6911.8097813
6908.87187576
6904.52761222
6901.08040355
6899.61937531
6898.35486446
6897.59315401
6898.18672765
6900.68333334
6903.67604853
6906.21392175
6908.50385522
6910.03662944
6909.65435588
6908.90945633
6906.92671891
6906.44997818
6908.7703901
6911.10208595
6913.55347229
6916.73132335
6918.98294443
6919.67723707
6921.09429353
6920.44942297
6918.28996907
6914.03031757
6909.9004417
6907.64208093
6905.84560848
6906.00400165
6905.3152778
6904.07877116
6903.57514136
6903.18540326
6902.31667322
6900.03141642
6897.77307655
6894.62397546
6892.8250218
6893.41529879
6894.95158574
6896.46417574
6898.71916318
6903.0419531
6908.56065122
6914.53233737
6919.92699591
6924.90851911
6928.13068347
6930.48433384
6933.17919236
6934.73798444
6932.93331563
6929.28139323
6924.0773557
6915.35720018
6907.68018422
6902.31520262
6897.18308532
6892.81221151
6889.64956831
6884.79898468
6882.56848176
6882.87630509
6887.3175867
6893.78734781
6901.00181332
6909.8822299
6917.70257056
6922.85181935
6926.42399457
6928.10965591
6929.84830084
6930.55389832
6930.15440963
6927.4287172
6923.67930974
6920.15714902
6916.87140018
6914.10764628
6912.15572187
6909.93356166
6908.63102418
6908.24749608
6907.19311441
6905.44300434
6903.54129654
6903.09845638
6904.76844289
6907.38582633
6910.91811401
6916.14201515
6921.76583014
6925.56153028
6927.14689081
6925.43597131
6920.54722166
6916.21232539
6911.94541147
6908.51690248
6906.00442681
6903.42017727
6899.87424991
6897.18015108
6896.44593606
6896.41982063
6896.86201261
6896.70585671
6896.42298487
6896.91634832
6898.44552618
6902.71434979
6907.35429546
6912.24096118
6916.66951614
6920.42062421
6921.87622306
6923.78478903
6924.45720381
6924.76842138
6925.27905571
6925.99806287
6923.77689934
6917.91823368
6912.52676028
6909.70158947
6910.63508187
6912.71931191
6914.59939973
6916.24513172
6917.41415085
6918.59576421
6921.07732931
6924.22847949
6928.05426082
6931.30810938
6933.19570355
6935.25559543
6938.34419265
6941.37620992
6945.77418188
6951.40297323
6955.69502681
6956.88262017
6953.42603029
6948.51179945
6943.63592281
6937.39047421
6932.80646031
6929.75945123
6927.49099835
6927.27819977
6924.26505642
6919.90773169
6915.21575032
6910.54628105
6908.74428861
6908.24941274
6909.13712822
6909.91568441
6912.16462216
6913.94108463
6915.39464136
6917.36712635
6918.50733279
6920.09809483
6921.11429654
6921.49433283
6921.70552141
6921.70552141
6920.5197332
6918.34668143
6915.39009712
6911.98865143
6909.8492772
6907.7917829
6904.88153308
6901.20421312
6897.45120233
6892.18745547
6889.20118028
6888.89044362
6893.8889868
6900.37703637
6906.92017438
6914.90309003
6922.45060218
6931.03354541
6939.46654274
6943.84965532
6945.77525522
6946.90203803
6947.07476089
6944.85770947
6941.58581638
6937.23260376
6930.01900249
6923.15881329
6914.61499789
6905.34015262
6897.31316762
6890.82288775
6884.3336812
6879.34527195
6877.85812132
6877.25682525
6877.4636508
6877.76258081
6879.44061731
6881.0244933
6882.4068198
6884.56635037
6886.14729212
6887.63983032
6891.3150315
6894.73713535
6897.96675727
6902.31605989
6906.48102815
6910.3800191
6912.12904886
6910.17274052
6908.27639241
6906.67808219
6905.22521546
6903.79176629
6904.0602039
6905.11986163
6908.1687804
6911.4566062
6915.58510904
6922.58752871
6928.23951518
6931.90686848
6935.35980624
6938.2326567
6939.70464129
6941.11058109
6942.23437391
6943.01639404
6944.04942058
6944.84742221
6945.39709378
6946.69313551
6947.02495548
6947.91302641
6948.57056788
6947.200285
6943.61530647
6939.27462535
6936.20042752
6934.63776029
6934.53855373
6933.27647529
6933.40320516
6933.58353195
6933.36763187
6934.13936473
6934.97808329
6934.7851553
6933.62518979
6932.25248147
6930.21357532
6932.14833339
6935.31704719
6937.87338312
6939.88440353
6939.63795529
6936.02766981
6932.58738901
6929.80283058
6927.20812651
6922.64666653
6920.03618308
6916.80854055
6912.68805982
6909.21775359
6905.51447851
6904.16120168
6906.33607253
6910.55327862
6914.99104752
6918.96906081
6922.42219372
6925.63347142
6929.75994608
6934.39306842
6938.43105589
6940.7421354
6941.3026309
6940.85033984
6938.96206961
6937.35511697
6935.43336435
6931.41203443
6927.7204963
6924.06894329
6920.61312008
6918.61990722
6918.21786762
6918.71861197
6919.97134405
6919.66359042
6921.49246495
6924.97189451
6930.0161031
6934.96075664
6937.9903624
6937.28901643
6934.66885208
6932.25550631
6932.1469046
6933.49160174
6936.06078978
6939.18305757
6942.15372066
6943.78425175
6946.03994313
6948.19513158
6947.55697283
6949.83417964
6952.13987158
6954.05070967
6955.18625338
6955.63243203
6957.91598126
6959.67628101
6960.55089347
6960.63928308
6960.16192204
6960.21947774
6961.25603792
6964.88252793
6967.97935635
6967.53498285
6963.82330929
6958.66635899
6954.30934789
6951.61741665
6950.56441497
6948.15272102
6946.00294802
6943.91547011
6944.29622427
6944.62704758
6946.29584227
6949.99740281
6953.02390706
6954.9545321
6953.60424527
6951.99419112
6952.21187545
6953.53636049
6954.85265614
6955.16770007
6954.67841389
6952.66887105
6947.27752311
6941.52168129
6936.69100309
6931.97795235
6929.22594237
6930.17444748
6933.35993036
6935.96707533
6938.92950024
6944.65027058
6950.65579458
6955.32603748
6960.26375618
6964.24578402
6963.91000526
6963.231722
6963.90546103
6963.43345968
6962.39396526
6958.83409852
6956.38717279
6955.67987471
6955.7680831
6958.81508521
6960.78527718
6963.46308783
6964.79162226
6964.17715348
6961.34554965
6958.90265936
6956.67055341
6954.27516854
6953.35460491
6952.74551673
6951.14526197
6947.42523175
6943.45038966
6938.7664095
6934.50072225
6932.3205614
6929.13653519
6926.77092483
6926.66177948
6929.16743182
6932.6105005
6935.1543816
6936.33937526
6936.64528192
6939.03440802
6941.10711716
6942.67812013
6943.83749322
6944.59887609
6947.35086516
6952.54520087
6957.38499543
6961.83468249
6969.10399249
6974.91880486
6976.10749943
6974.53814827
6970.52746107
6966.70753428
6962.89710719
6960.50223807
6961.28500395
6962.90107294
6963.88002863
6960.17022294
6955.53073728
6950.9208728
6946.69379763
6945.15539887
6944.29942336
6940.96651063
6937.63717335
6933.88269893
6929.72539036
6927.26508979
6926.12971335
6928.27097636
6932.17643518
6939.32451439
6946.01630892
6951.79218162
6960.23669288
6968.88276756
6976.85716626
6981.82215038
6984.96686754
6984.66510784
6984.12785626
6983.2528535
6982.54871269
6978.09795229
6972.28305628
6964.5467422
6956.01110225
6948.8570988
6942.59233719
6938.36204202
6938.28971058
6940.69391909
6943.85484077
6948.70502017
6957.03249638
6964.55841643
6970.08202818
6975.64538807
6979.29093322
6981.69780414
6985.35911472
6989.29923381
6990.69330424
6991.6450851
6987.02311427
6980.42443481
6974.3728551
6969.1302055
6964.93011697
6961.94031511
6959.96359254
6960.16632689
6961.57923638
6964.53387616
6970.06247123
6975.75257494
6982.33420654
6987.84660405
6991.10768019
6992.5213215
6993.17316176
6992.81607666
6990.12052117
6986.6972952
6979.96953011
6968.43678407
6957.10969964
6948.57333484
6943.70340335
6942.12484523
6941.89357698
6941.39026081
6939.05002709
6932.82272059
6927.56612464
6924.22967828
6922.46555216
6922.08996254
6923.0815473
6926.41538003
6929.13949731
6931.5284631
6936.92045225
6942.1404434
6946.71288064
6950.35535215
6951.81570433
6950.96651033
6948.43152256
6945.97568956
6942.4329125
6940.71700967
6939.91795562
6937.19808288
6934.37792328
6929.70370068
6925.77897067
6923.79830325
6922.72649039
6922.8061191
6924.75767411
6930.47482718
6937.36583635
6944.93626484
6954.42411778
6962.37110468
6966.20191115
6968.751368
6969.22236571
6967.87971069
6966.20422509
6962.57898266
6959.09702311
6954.48296984
6950.86507346
6944.97549026
6938.64364538
6934.67831692
6931.0279139
6929.08014343
6928.72719833
6930.05217821
6931.44286137
6934.12037233
6937.83087498
6940.91208432
6944.71287234
6948.82501732
6952.17696427
6958.97746504
6965.12448072
6969.56324628
6975.63013839
6980.4930305
6981.26548124
6980.49415262
6975.8908745
6971.59744091
6967.36715272
6962.15371308
6952.83792088
6945.2361497
6939.58327808
6935.5861051
6933.50033476
6930.25987497
6924.57623217
6919.09810462
6916.58853531
6916.03118314
6918.46050344
6922.14643794
6926.11440094
6929.22988025
6931.41937351
6933.22459292
6932.9361523
6935.05648533
6938.63644569
6942.13402431
6944.14207564
6943.72361545
6944.2603931
6943.85732198
6944.0757451
6942.11546403
6938.88092151
6934.94524908
6929.7938815
6924.20688739
6920.36263639
6917.61452247
6917.28133644
6916.91781832
6916.15440726
6914.10472598
6911.96589539
6912.57069721
6916.6330786
6925.37237289
6934.2845155
6941.26026216
6945.88630329
6948.0570899
6949.18831938
6950.45413357
6953.01933494
6955.3187681
6957.35735363
6956.26990775
6953.01074828
6949.32449318
6945.3413502
6941.61354877
6938.91880874
6937.9083849
6937.06141423
6937.86997494
6936.98118613
6934.36392117
6931.96576933
6930.69202363
6929.92886349
6930.42855541
6931.61111665
6933.15943329
6938.49119735
6944.70100993
6948.41360349
6949.95226013
6949.72252521
6947.43014538
6943.50305264
6938.52090914
6932.99241164
6927.60065248
6922.29487839
6918.1495786
6915.92004447
6916.59004774
6922.0634359
6928.2523185
6932.34349168
6935.6509511
6937.86652494
6939.1509273
6940.79957262
6941.92550513
6941.64177602
6939.96347467
6937.87244918
6937.99582663
6939.1402567
6939.54917538
6938.38297897
6937.19146865
6935.47502218
6932.03450441
6929.94483802
6931.51567372
6934.00037517
6934.80849679
6935.06260472
6934.43359019
6932.25110844
6928.50420309
6925.3910656
6925.76417402
6927.16294201
6929.65865558
6935.1072874
6939.9598574
6943.1538642
6944.68318146
6945.44132343
6944.05120482
6941.29769636
6939.78093151
6938.71383713
6939.38402858
6938.3057339
6938.28336119
6938.69404321
6938.47060889
6937.8068644
6936.10655276
6934.12934929
6932.79676547
6932.6592047
6932.71036222
6932.23468088
6931.41801442
6929.78592212
6927.64151577
6925.8813136
6926.92499679
6928.52368338
6931.28293486
6934.91254032
6938.10159168
6939.85786992
6940.02097461
6938.64000023
6936.87655018
6934.04371968
6931.63027633
6931.70233596
6933.42743181
6936.74841243
6939.09751159
6939.44534791
6934.30602396
6928.93678387
6924.16994106
6920.34114883
6918.60109603
6918.40072441
6917.95687364
6916.64439041
6912.92378867
6908.04624628
6904.87936551
6905.43777707
6907.6318076
6910.84937893
6916.25668049
6922.2226515
6926.77610331
6932.52828604
6936.72528002
6939.74480761
6942.44050946
6941.38604415
6938.34487568
6934.94542332
6931.10733352
6927.59978824
6923.50595961
6919.17851393
6912.75208339
6906.78501118
6902.59044264
6899.18415302
6898.30788178
6897.67098453
6896.05895796
6894.86640219
6894.27632035
6894.36181754
6892.58826143
6890.03534762
6888.16798646
6886.31202771
6886.45116363
6888.37216353
6890.55417135
6892.58093629
6893.35620279
6892.55792934
6891.43116744
6889.02716106
6886.96493433
6886.87711624
6891.06654811
6895.62295507
6900.62570097
6904.80800285
6907.07167453
6906.75022545
6906.76760786
6907.89503885
6908.07763776
6907.29902581
6904.58881307
6898.84107003
6894.64728907
6893.65813673
6895.79629823
6898.65283961
6902.05803499
6905.04702837
6905.94268929
6907.71242601
6909.70289977
6913.27825317
6919.30896562
6924.85006432
6930.13443449
6934.52162435
6937.90513703
6938.60531208
6938.34489659
6937.53358982
6935.11747012
6931.51991129
6927.15016657
6920.47348234
6915.05528018
6910.10435392
6904.99986448
6902.19896213
6900.00155129
6898.98642291
6900.7301836
6905.21406396
6909.34499225
6913.98571852
6919.26405991
6923.39391487
6924.99734084
6925.37677077
6923.34194886
6919.29241958
6914.12361384
6909.23802145
6902.67770316
6897.04401213
6894.58745428
6894.82176132
6898.60512511
6904.50102982
6910.83431046
6916.97505341
6925.94130172
6934.7604826
6941.59135031
6949.07237859
6955.40642589
6959.24869053
6960.78943111
6958.74723528
6955.9569617
6953.15741147
6950.66268063
6945.86302452
6940.31672643
6933.77731721
6923.15428299
6914.26373946
6908.94932295
6905.98938621
6905.02973657
6906.3079359
6908.43295953
6908.92595358
6913.843042
6920.28419253
6929.202573
6938.45719223
6942.88886962
6946.99120127
6949.70126765
6950.99689818
6952.25823086
6952.67483014
6953.09090669
6954.45967714
6955.25923998
6954.57279521
6951.49893192
6948.09315805
6943.0086298
6936.47644815
6931.57780851
6927.83184407
6924.53750858
6922.75136521
6921.35410267
6920.26983496
6919.64223529
6918.90167088
6918.05119446
6921.0485654
6925.92350113
6930.18434444
6935.93875051
6940.06915607
6943.61843586
6948.01113874
6950.86087771
6953.42610696
6954.82615738
6955.45191706
6954.0417118
6953.12645908
6952.50827545
6949.94329014
6945.14213555
6939.83951176
6934.75646108
6930.95058519
6926.35563585
6923.27103227
6922.68961376
6924.5203492
6926.25681261
6926.13087032
6924.7083078
6922.66869772
6921.61355635
6922.32100776
6925.14435948
6928.54364457
6932.6867977
6935.9392802
6940.18895808
6943.78618236
6949.16845576
6954.83008828
6956.33193799
6953.75887481
6949.38370767
6944.72745293
6939.20725633
6933.14873481
6927.96033727
6924.73783838
6923.51204415
6921.12243017
6918.10495168
6915.60927993
6913.87811348
6914.03613029
6915.21700487
6916.06265826
6916.12012336
6915.932799
6916.70728489
6918.7301956
6921.54337854
6924.25835158
6925.25034756
6923.94086826
6922.35831651
6918.56082516
6914.10998809
6909.66773072
6906.0027959
6901.98657476
6898.25661971
6895.98933773
6895.36877047
6897.36640211
6902.66121985
6908.17844736
6912.32985957
6914.68348904
6916.68599249
6917.06910938
6917.36601817
6917.96198242
6916.17029816
6913.04789794
6909.13983246
6905.64766928
6902.62775836
6897.3146661
6891.7115511
6886.34792858
6877.2268068
6869.29629624
6865.02337445
6864.2782449
6865.57188906
6870.51054169
6874.9555521
6878.91575783
6883.7757157
6888.48742129
6893.55168168
6903.41085879
6913.10647819
6925.16947825
6935.09995529
6940.00479099
6945.73928465
6950.52614441
6952.95495592
6953.82955444
6953.66141066
6950.48135021
6944.33227151
6938.54703851
6933.30369193
6929.55621507
6930.30797281
6933.38527912
6936.563862
6938.24286729
6938.02604721
6936.95626252
6936.33926374
6935.65872927
6935.49790368
6934.97808329
6935.15840311
6937.34630728
6942.30419626
6948.01610813
6954.48743044
6959.83848661
6962.35143622
6962.76418126
6962.65268016
6963.72664666
6961.12776774
6957.294954
6953.03295372
6946.85354293
6941.65928388
6935.3700935
6929.38877524
6926.47573058
6924.94073999
6923.80259658
6921.50897615
6919.37764495
6917.00155217
6917.72679024
6918.60718754
6917.51516257
6918.67176171
6919.55494689
6923.29178103
6934.85136038
6947.5594401
6956.85822626
6963.38867245
6965.87510239
6964.89078004
6963.61613525
6964.42273748
6965.44842494
6966.43073305
6967.51442227
6968.55152608
6969.55140477
6970.83441319
6971.73286896
6971.5651364
6970.79768989
6970.12300299
6967.14306324
6961.35258903
6956.05014646
6949.5177836
6945.75766372
6941.43308956
6933.56718803
6925.25566543
6919.73375429
6915.93031082
6913.9348816
6915.30832174
6917.65222849
6920.07917213
6920.22278956
6919.91385805
6918.79996916
6918.16967222
6918.06619323
6918.74851891
6919.41124582
6920.00391341
6922.26051085
6926.7426697
6931.8000301
6939.59790745
6945.18168157
6947.74529385
6949.07212768
6948.79749401
6944.91006578
6940.88264435
6935.74120161
6926.65829464
6919.09195039
6914.03166272
6909.3469368
6906.86080656
6908.89927361
6911.93248967
6914.540241
6917.36072818
6918.92835782
6920.72895632
6921.10560534
6922.78863214
6923.74312422
6925.172524
6927.13311871
6930.30153281
6934.30142396
6937.6988342
6940.76842507
6942.74534976
6940.68306031
6936.85721626
6930.30871159
6923.52019868
6918.83768912
6917.81319348
6918.84539063
6919.72227521
6919.00938047
6916.90722439
6915.26727027
6914.71269901
6915.47443037
6914.9389003
6914.16118047
6911.20621312
6909.57424627
6909.12879944
6910.33776187
6912.29983415
6912.51682848
6911.66325751
6909.18352544
6909.06235738
6912.89430689
6918.02384539
6921.30691787
6924.88830004
6927.77230898
6931.450305
6939.10731098
6946.74460667
6954.61707365
6962.25701086
6964.40277629
6962.07455134
6956.48085239
6949.68128555
6941.85353611
6935.50231549
6929.01308107
6923.62695343
6919.20462936
6915.85085635
6914.44340412
6913.05069976
6911.97326235
6912.23828481
6912.40407283
6912.24642541
6914.20564012
6917.76646171
6922.66559621
6928.64062084
6936.13321183
6942.23599785
6945.19832519
6947.21169439
6947.14254809
6948.80743976
6950.24758681
6949.85053751
6948.49029099
6946.88936016
6947.12324205
6947.50136167
6946.11127791
6942.50142455
6938.12956104
6933.17243176
6927.31219792
6923.02892615
6919.62630955
6918.30230542
6918.75852739
6922.39658708
6926.56523534
6931.01373755
6935.69933469
6939.14645275
6943.38164761
6946.24374384
6946.73988122
6947.77331201
6948.59096816
6949.71041189
6952.08711103
6954.4581229
6954.46392865
6953.9096292
6952.91506838
6952.95324137
6953.62148131
6955.76243765
6957.86800888
6959.75189518
6962.17471276
6963.17493297
6962.14793521
6960.35942912
6960.23526409
6963.03979765
6967.99602784
6972.13936916
6974.92237334
6976.09898247
6975.48474369
6974.78463833
6974.21388344
6971.67339659
6968.37996716
6965.68912318
6963.55034835
6962.21073908
6960.95901064
6961.13657743
6960.41411331
6957.27986462
6952.05474379
6946.14045303
6940.74853358
6938.60828117
6936.77501573
6936.26870957
6935.94670292
6936.81618569
6937.14430476
6938.04117841
6938.73912316
6939.06195223
6937.38813239
6934.49492347
6933.40882273
6931.79919374
6929.84999448
6925.97878471
6920.98129395
6916.15443514
6910.49438474
6905.91213417
6902.09926071
6898.85868244
6897.88298159
6898.52219974
6900.13963479
6904.59683518
6911.12216563
6918.50589703
6926.91498135
6934.43112989
6940.09338969
6944.69680023
6947.99071058
6950.73861541
6952.38244467
6953.43943998
6953.56741742
6953.26043743
6952.05006015
6949.92110562
6948.71029622
6946.81776751
6944.67654632
6942.38121831
6938.7861616
6936.02513285
6934.29501185
6933.57638802
6933.28305468
6936.2527908
6939.96952436
6946.24494263
6953.08931063
6958.86496031
6965.27501905
6970.34981761
6973.44855573
6976.94421071
6979.83238055
6981.15714438
6981.54700793
6980.92156886
6979.71810552
6976.98607067
6967.5228765
6956.34635131
6944.97579693
6932.52593028
6922.97475771
6919.61156865
6917.95925031
6917.65783212
6918.7374371
6918.22717216
6917.13187841
6915.09047014
6914.01194547
6915.73058041
6918.31094086
6923.20687627
6928.38865957
6933.52029596
6938.45884405
6942.93194927
6945.86538028
6946.63144678
6946.20871418
6945.89079177
6945.17860793
6944.12017687
6941.8111813
6939.9598783
6938.76097314
6938.74108164
6940.02439673
6941.70202202
6942.74116795
6942.12484523
6942.53324119
6943.27278105
6943.59639073
6943.1225912
6942.98365043
6944.8093677
6947.05888393
6947.35813454
6946.13756061
6944.42358142
6941.59618031
6936.86483413
6931.94415632
6927.42719781
6922.70487041
6917.97212332
6913.66490369
6911.97334599
6911.63686329
6912.4902879
6916.83975779
6920.73911116
6924.67134056
6927.23399103
6928.98716079
6930.23971166
6931.63341269
6932.62795261
6933.7520033
6934.01945122
6935.21312214
6937.18031018
6939.66957678
6940.42323724
6940.2510371
6938.51219006
6936.49671601
6932.08363376
6926.28628046
6920.44568024
6917.17312503
6916.89820561
6915.49808549
6915.49431489
6916.01647013
6918.70713986
6923.40713637
6923.56348743
6922.96175924
6920.80518382
6919.01541622
6919.01180592
6920.30338705
6923.33279766
6926.97015342
6928.47181494
6928.63198539
6927.90318582
6928.0506784
6927.65041607
6926.22747022
6925.22297062
6922.99239103
6920.53093349
6918.71965742
6916.06900765
6916.53987991
6918.16196374
6919.80608573
6921.54468187
6923.68867003
6925.24371938
6926.72801942
6930.62020098
6936.24554232
6939.98448828
6943.40935213
6944.97284178
6947.36849847
6951.2250231
6955.83118668
6963.5727559
6970.02283461
6973.66426763
6974.60938547
6970.99557333
6964.25855946
6957.44172173
6949.27769868
6942.11413282
6935.95256443
6931.0783187
6928.11271561
6928.61976055
6930.31780704
6932.71014616
6936.56539534
6939.41167734
6942.22650513
6944.68892449
6948.00993298
6951.2528461
6954.60844517
6956.07396189
6956.73868213
6956.06688765
6954.00074396
6952.04414289
6949.73592792
6947.74795627
6944.30674153
6939.53715964
6935.7068968
6933.96009734
6933.31834222
6933.86855743
6933.086607
6932.01894109
6928.74886709
6924.42809838
6924.24973705
6923.48143327
6922.76651732
6920.79762868
6919.7101828
6920.34423641
6919.27553202
6917.37693271
6915.11740103
6912.80732515
6912.72304069
6914.75568805
6915.83029577
6917.74778294
6919.51128875
6922.25970934
6926.04623737
6929.66151315
6931.72655563
6934.72517415
6935.94009566
6937.49711046
6939.18496726
6942.16260701
6944.23004707
6944.56118401
6941.76619892
6937.97071484
6933.31139344
6929.83486328
6925.69262318
6920.69908423
6915.83736303
6911.92748543
6907.64005972
6906.83047446
6908.61100723
6911.32637754
6916.00927044
6921.59432
6926.80129874
6933.15196875
6939.93263379
6948.25974061
6955.75017797
6958.01660964
6957.77177837
6956.86375322
6954.44135382
6951.36828508
6948.97791838
6947.5959334
6948.75352921
6949.91071381
6951.12694562
6952.21021666
6952.75470975
6954.71676809
6954.97641692
6955.12235526
6953.58529468
6953.28258013
6952.16874701
6953.59820255
6955.41005013
6957.09902207
6957.00598368
6955.19569034
6951.28393789
6947.13122235
6944.1477629
6942.0401635
6940.26243952
6935.18191187
6930.29450736
6926.65026555
6924.42809838
6925.00751659
6928.40611865
6931.86882094
6937.79740653
6944.92928121
6952.46986549
6960.01206674
6966.05348464
6969.74575458
6973.60695587
6975.51607245
6977.19550289
6978.87963787
6978.62778115
6977.71871752
6971.82654159
6965.11999224
6958.92954843
6952.22942513
6947.51715499
6946.57448351
6945.28449843
6947.91754974
6950.34559459
6950.97322214
6949.28845989
6945.84615787
6945.07900409
6943.96016673
6944.04202574
6942.10135041
6939.37407586
6939.1554785
6941.44592076
6945.11020043
6949.10974309
6952.13028129
6953.45271724
6953.83458655
6954.25078856
6956.87879381
6960.44054237
6963.04837734
6964.81086558
6965.37922289
6963.96424339
6962.92978109
6962.80747
6961.85695065
6961.36267417
6959.18818665
6956.11444882
6953.72974847
6952.33450714
6952.50339667
6953.40549062
6954.65099513
6960.00316644
6964.90756305
6971.00525423
6978.6916723
6987.64682486
6998.55216638
7009.04581528
7016.837859
7023.72056727
7029.57684929
7031.89099546
7033.90175103
7036.34316374
7036.38323946
7034.4533323
7025.86876512
7015.68346925
7005.84030849
6997.07839058
6992.34167077
6992.30811868
6993.62104798
6999.07400798
7004.88530762
7014.25154644
7024.29612427
7032.72812493
7039.66101497
7045.35106988
7048.30315178
7050.88841889
7053.69100791
7056.22615598
7058.49430219
7058.17466524
7055.64424959
7050.90737645
7042.68439679
7033.06239126
7024.2258698
7014.54504008
7007.1374584
7002.98184346
7000.14803024
6998.71577985
6999.51468754
7000.46409174
7001.48810647
7002.44343491
7002.22993937
7000.31015917
6996.90355591
6993.78316994
6992.39834132
6991.70633474
6991.45300045
6990.54501014
6988.35708506
6985.81417972
6984.5557325
6984.35851118
6985.26508664
6986.28954743
6986.64832616
6986.14052152
6985.59000661
6984.50685406
6984.87081127
6984.72933354
6986.87260382
6990.76008084
6994.90276003
7000.76064508
7006.39800914
7011.99204264
7015.51961184
7017.63463396
7018.21653338
7017.4943341
7013.41023516
7009.28891807
7007.49628592
7006.78604663
7006.62699133
7005.34433141
7004.01335758
7003.40055456
7002.70217768
7002.70217768
7003.74301028
7005.76093069
7008.46886434
7010.63316218
7012.76512065
7016.40476247
7020.58225526
7024.9429812
7025.89984994
7026.61814619
7028.09139926
7030.53309076
7035.24578605
7039.73482398
7042.57051206
7044.09764083
7044.97456723
7045.36452139
7045.58274238
7045.27712147
7044.55394644
7042.73569371
7038.39824653
7032.6725765
7022.07711437
7012.0714971
7006.04502222
7002.43583098
7000.1591678
6998.96963687
6998.31305722
6999.30673987
7002.5621357
7006.58032926
7009.96323557
7012.40569374
7014.97987904
7016.24473838
7016.59043501
7016.78370451
7017.83584891
7019.28198989
7018.20970309
7016.08157794
7009.67441162
7003.90115952
6998.77693191
6993.78201297
6989.96026709
6985.68158137
6983.16842267
6982.90888536
6984.37293844
6987.35112879
6991.2146719
6994.45040624
6997.41145813
7000.74825297
7003.29902012
7006.91430287
7010.13496874
7012.11115464
7013.18560205
7011.78169739
7007.45110142
7001.94732541
6995.14329797
6987.93860396
6981.83098098
6975.04648958
6968.59841118
6965.24876423
6964.83982464
6967.65921758
6971.44851954
6974.67658722
6974.00082699
6970.74908327
6963.81785899
6958.11173197
6957.2816628
6958.90724542
6963.08690578
6968.74947921
6974.22523707
6977.93198306
6981.79730344
6984.43565171
6985.22736667
6985.72600618
6986.27813805
6984.56395673
6981.97645932
6980.12215935
6979.24737962
6979.93289742
6982.0100811
6983.97858641
6986.64870949
6989.26118628
6991.47388164
6995.39854196
6999.55792749
7005.11672224
7008.99242745
7010.90170433
7012.58251477
7015.31059083
7020.56197346
7025.93170142
7028.46079283
7028.09683562
7022.64876834
7015.0459517
7007.46838625
6998.94551477
6992.26115691
6987.02210367
6982.39995162
6979.60242957
6977.28939158
6975.34962231
6973.40733698
6971.19685101
6969.08909827
6968.10679016
6968.42735408
6969.83277813
6972.98851437
6976.45536363
6982.02919896
6988.40024835
6994.72345081
7000.4240439
7004.48009681
7004.49471922
7004.10967173
7003.98349246
7002.9833768
6999.76416062
6995.37849016
6992.67487771
6992.35772197
6993.61273314
6995.38246985
6993.69109336
6991.16554255
6986.37074432
6982.91481656
6982.73930583
6985.60195963
6988.19768128
6988.98305383
6989.33430529
6987.54529042
6983.41429243
6980.22952046
6977.55111041
6975.13609192
6974.83474343
6974.82048344
6976.04447949
6976.58875652
6976.20292146
6977.02165791
6978.23142185
6979.15369305
6976.96205312
6975.00343781
6972.19521031
6971.73286896
6971.55986034
6969.07848343
6965.1802243
6958.91640359
6953.49779719
6950.05777427
6947.56999918
6947.96113818
6950.5509565
6952.23700118
6951.12077048
6949.52609844
6948.33692993
6951.5294034
6954.69616569
6958.11050531
6960.50617594
6962.43451492
6965.22676789
6969.00002563
6972.74386431
6976.52691447
6977.02374882
6973.28621074
6969.36693102
6966.327958
6963.56513803
6963.30189981
6962.41175191
6962.20385303
6961.7463347
6960.84256106
6960.74971782
6960.23046197
6959.55419295
6957.15714929
6954.57812005
6953.45327481
6954.67103299
6956.7339985
6959.63095015
6960.07964485
6955.1494813
6950.59942373
6946.94026678
6942.44610612
6937.9358873
6934.99672024
6934.28443186
6934.21002345
6935.75889766
6937.30225884
6940.5091526
6944.21019042
6944.84742221
6942.7067098
6938.89760694
6934.59093095
6930.43340632
6928.812814
6928.10605258
6928.5814412
6929.09277948
6929.83780449
6932.85534571
6936.83209749
6940.80117565
6943.11921787
6944.89319913
6944.76836501
6943.77673146
6941.13239622
6938.16398434
6936.78587451
6938.89401755
6942.24811814
6945.46645613
6951.81789978
6958.22057065
6962.54806511
6963.95838885
6964.67877601
6964.51896102
6963.77187298
6962.03982138
6959.68221222
6958.26442394
6958.61626783
6960.55344438
6964.94289241
6968.16065889
6968.62964236
6966.94014769
6964.60893972
6962.04300652
6959.22884085
6956.26879957
6952.92810867
6950.63198612
6949.74276519
6950.47272173
6955.15573311
6959.67131859
6962.56789388
6963.56513803
6963.69482305
6964.71473961
6965.63965232
6965.94739201
6966.91671559
6968.54439608
6971.66252388
6976.18541359
6980.50858685
6984.3445718
6987.51553681
6989.97106314
6991.42257078
6990.91733098
6990.39978968
6988.66798899
6985.56536179
6982.22612058
6978.00204238
6973.25447077
6969.71871915
6964.82044193
6960.88220466
6957.6528894
6956.82225568
6958.40001926
6963.88263529
6969.11211218
6974.9869057
6980.80832534
6987.74822688
6994.21693556
6998.48240675
7000.44578933
7000.56257346
6999.23125812
6997.57193524
6996.57963259
6994.38369237
6991.98128901
6985.50894912
6977.10990115
6969.49338907
6959.94679559
6952.71236889
6948.66596202
6946.17658391
6945.57945572
6943.18696326
6940.33438763
6938.23488003
6937.5660407
6940.48992323
6943.86553228
6949.0350559
6954.68465873
6960.21903168
6963.94099948
6967.02383276
6968.83986215
6971.67866568
6973.89043407
6974.56814582
6974.77167471
6974.45544593
6974.99533903
6976.20977963
6979.03587044
6981.36300114
6982.57484205
6982.74747431
6981.14144864
6975.9931756
6971.77341861
6967.83571104
6963.52358474
6960.28422616
6957.57014524
6955.97536865
6956.04865494
6957.45535445
6958.03862689
6958.2742512
6957.02337306
6952.78220518
6947.98953967
6944.38450237
6942.0592256
6940.22214774
6937.50239349
6933.81456324
6932.00470899
6930.83370349
6931.53173885
6935.1898155
6940.14441479
6942.90974384
6943.15336935
6943.40494728
6945.32424658
6949.19697573
6951.83956855
6954.4495223
6955.91320599
6955.4905152
6953.60779981
6949.58534777
6945.1877452
6940.7863093
6938.5147549
6937.70066026
6938.6599196
6940.68838515
6943.90502951
6948.09885926
6950.67277274
6950.37306213
6947.0548206
6941.71346625
6936.95779585
6934.48067045
6933.19473477
6934.00371366
6938.33165418
6943.37630883
6947.60447127
6952.95372925
6958.94167569
6965.21759577
6970.74267116
6975.02895384
6975.6700329
6974.17260197
6972.36715256
6970.93148703
6968.91552511
6966.26799078
6961.87284851
6954.68431722
6947.31987791
6938.46739586
6931.06495084
6926.30334226
6922.03068533
6917.27824887
6915.24275787
6914.76907683
6918.71225561
6925.61140538
6932.67972346
6942.17391185
6952.17537518
6962.87734115
6975.80019186
6985.96892775
6994.0926172
7000.40300241
7004.20510073
7006.10071701
7005.36781229
7002.03181896
6998.15899223
6993.49644386
6988.82204702
6981.6665869
6970.78812748
6959.99667766
6950.96561124
6943.9840658
6941.8771076
6942.39653072
6942.8726163
6943.14581421
6943.07405428
6943.35369218
6949.58935534
6957.03881789
6966.96896039
6974.52181829
6978.95618598
6982.98027589
6983.64413886
6982.74448431
6980.77607658
6976.87583806
6974.05659148
6972.38593588
6969.04031044
6966.47000028
6963.55167956
6962.23380876
6962.44916521
6963.16659025
6965.00715992
6967.23232406
6968.36943596
6967.45568172
6964.57296915
6961.24206369
6957.37951028
6954.03336908
6949.63815711
6944.38686509
6941.35944781
6942.40946646
6944.96859027
6949.37072314
6953.93784948
6958.19649037
6964.42513505
6970.27265617
6976.7115067
6981.94657329
6985.88577238
6989.46270789
6991.25083065
6990.81990169
6991.55944852
6992.67148347
6993.83987533
6992.445094
6988.19047462
6984.79330135
6982.21865605
6978.99892411
6974.60878608
6970.17496203
6965.23759182
6962.75861945
6961.18288405
6961.84481642
6965.62356628
6969.08834554
6971.55599913
6973.17287661
6973.06801762
6971.38712354
6969.87624112
6970.35656427
6972.36689469
6976.25668564
6980.98870788
6983.13229877
6985.1877649
6986.08438067
6986.81833781
6987.85202647
6989.79704392
6991.874137
6993.64650825
6993.24619714
6991.32972754
6988.73076499
6981.00671756
6973.6762555
6966.71849761
6960.93131309
6953.74171543
6946.0596813
6939.28129535
6931.92876725
6927.10602055
6924.10982052
6921.9823784
6920.84562893
6920.61205371
6921.72748987
6927.57069675
6933.25880713
6936.91840316
6940.32163309
6943.8679647
6949.84972902
6956.20619782
6961.02652603
6964.62493516
6967.60914035
6970.58337889
6972.28229659
6973.32524797
6973.07636034
6972.05313318
6967.2481592
6962.33165624
6957.74867385
6953.63735826
6953.20441506
6953.97042581
6954.93627151
6957.8236468
6959.18077787
6959.38000646
6959.14505821
6960.2115532
6962.65797015
6964.73507717
6965.82218153
6966.28771501
6966.20220388
6966.3407195
6966.96836099
6968.10308228
6970.39756696
6970.15620659
6967.44667688
6965.20203943
6965.35227806
6968.89032968
6971.60591605
6976.58516713
6980.73250905
6980.39028333
6978.36489838
6973.76169693
6970.70095059
6970.45495539
6970.58221496
6970.14642115
6967.89201916
6965.49298217
6963.54284896
6961.46732407
6959.36550254
6954.14650806
6947.30092733
6940.32196764
6931.94421905
6924.30076215
6920.87292921
6920.13612843
6923.62456282
6929.63759317
6935.51640123
6944.27663944
6953.24689532
6962.19585183
6971.04489086
6978.18189523
6986.42807699
6992.12551978
6993.04942188
6991.75119863
6986.48428754
6977.78285957
6968.47989857
6959.7709991
6951.71377958
6944.77500713
6939.03342529
6936.28365956
6933.32843433
6930.45152751
6929.98179131
6930.32856824
6933.28958528
6938.88084484
6945.71517649
6956.00794498
6965.74191858
6972.08445497
6976.43726334
6978.94872144
6979.70068129
6980.58124587
6980.98372455
6981.94333935
6982.20560879
6980.56085952
6977.56393464
6970.99119636
6964.81769587
6961.77878558
6959.45575305
6957.25412556
6952.11285009
6946.53125052
6941.38571658
6937.63680396
6934.91075608
6934.99490812
6935.80543428
6937.21867832
6939.38726251
6942.01178292
6943.42856756
6944.93061939
6948.73505953
6951.43877652
6955.47542582
6957.79794259
6959.14077185
6955.19632458
6950.39758847
6946.68294582
6945.32270628
6946.05521372
6951.43950137
6957.89354583
6962.84614481
6966.52510962
6967.80818076
6965.08078076
6963.29158467
6961.73321774
6962.19421395
6961.86353004
6962.50969
6963.45393663
6962.1046604
6960.23603773
6955.60550811
6951.0707281
6947.18049108
6944.47086379
6942.36384984
6941.2491455
6941.18150466
6941.9318127
6942.71164434
6942.92288868
6940.40057877
6937.9563294
6933.90043679
6930.41606573
6928.67616626
6932.30462172
6938.48604675
6946.71321519
6955.39588075
6963.29713254
6971.03431087
6977.1691714
6980.62958764
6981.74130895
6981.35587812
6978.72774742
6977.90298915
6978.19898491
6978.25659637
6980.33580823
6977.11500297
6971.94461511
6960.29164191
6948.14289376
6939.91720289
6932.44032855
6927.03982244
6924.99151418
6924.9688836
6927.39448905
6932.1938385
6937.97672968
6944.03235878
6948.81475793
6951.9649463
6955.83540334
6960.38585818
6967.61165641
6975.79241368
6983.81605324
6989.99252282
6993.44442209
6994.05960178
6993.26599803
6987.72774993
6981.52688643
6976.48454572
6967.781222
6958.2949233
6945.2065773
6933.21843868
6926.40305762
6921.6404245
6919.66359042
6920.05312639
6920.91243341
6923.84397563
6927.686073
6931.13145562
6937.00358672
6943.26503076
6950.64706853
6956.25477656
6961.1995904
6964.01120516
6965.45399372
6963.79924295
6961.71784958
6961.05656539
6961.57918063
6963.14070482
6964.43015323
6965.08853802
6962.9919577
6960.22729773
6956.34926464
6952.05080591
6947.9654803
6944.20163164
6941.82453523
6942.22643543
6942.47858488
6943.7474727
6943.2323917
6942.65061077
6942.76542247
6945.04450413
6949.3814704
6953.24782926
6956.11225336
6957.08384209
6955.58093299
6953.3630452
6949.02270561
6944.68026813
6942.0699868
6940.67602789
6940.49878868
6941.46860013
6942.95639198
6945.92433689
6948.96939445
6953.8996277
6956.53143143
6958.30142602
6958.93543084
6959.07490828
6959.15565214
6959.96528618
6961.77711285
6963.92719252
6964.85036978
6963.46142905
6961.474928
6960.22085774
6958.09194502
6956.92646649
6953.55947198
6950.15439508
6945.16720552
6939.4023728
6934.71540961
6930.05907821
6926.88085775
6928.60638572
6931.52544522
6935.46390553
6939.80484452
6944.45173896
6950.12841905
6955.02160839
6960.33725853
6964.51864738
6969.56776961
6973.54942108
6975.62139143
6974.08886115
6972.43751158
6969.00070866
6963.66315278
6957.09610874
6947.59111734
6938.48684826
6930.37112517
6924.56984794
6919.31858379
6915.57254269
6912.61615353
6912.29839839
6914.05354754
6916.86943473
6922.21590484
6927.18493835
6932.92389261
6938.94194114
6945.5013464
6951.75878287
6956.57013412
6959.79720513
6962.65611621
6963.00096951
6962.54417602
6962.36046196
6958.74320679
6953.15275572
6945.06261138
6935.78367491
6925.11146255
6916.18885844
6907.48430805
6902.82388544
6900.21262836
6900.14452054
6900.6664179
6902.6111705
6908.45479557
6913.71991545
6917.57249524
6920.86437043
6922.48541578
6922.86725025
6923.29788648
6924.59086155
6926.10333307
6931.93279573
6936.64031253
6942.6526041
6944.03367605
6943.44482088
6940.14699357
6936.74727637
6934.49368983
6935.39811862
6935.9232081
6935.65872927
6935.65872927
6934.47483682
6931.71893776
6927.22098559
6924.12277717
6921.85727944
6921.14140167
6921.49891192
6922.72649039
6921.46830104
6918.68079443
6913.36607126
6909.88948535
6908.54059245
6908.77328252
6909.03539165
6911.78577072
6915.4052771
6918.20586582
6919.35741891
6919.56532476
6920.16435568
6921.28881061
6921.65214752
6922.87697993
6923.63904584
6923.44352512
6924.26463824
6925.97012139
6928.09020351
6928.83919427
6927.84655708
6922.02338806
6914.54254796
6907.99318603
6905.11692739
6905.10787376
6909.0590886
6912.66427924
6914.989326
6914.70034175
6914.146342
6914.16504168
6912.17650548
6912.27802599
6912.52187453
6913.09871395
6915.8023264
6919.20514512
6922.13519583
6925.81465548
6926.12971335
6925.58342208
6925.04977382
6926.3728022
6926.76700786
6925.63661475
6923.78910326
6924.94111635
6925.08059379
6926.24899262
6926.81035236
6926.87123958
6927.77934836
6930.73309602
6934.7751747
6939.56428567
6942.90223051
6943.37872034
6943.09531881
6941.77387952
6937.16790413
6930.60721645
6921.64110056
6912.00543444
6906.65300525
6904.00411184
6903.2491132
6902.73312614
6902.52361029
6904.11286688
6905.10174044
6906.23508173
6908.63803569
6912.40454677
6919.80306786
6927.54499951
6934.88751913
6940.17906809
6943.90269467
6948.43141802
6952.35597379
6954.15123351
6954.02809999
6949.46940001
6942.22613574
6935.01599143
6929.07226768
6924.46712168
6921.53173916
6918.92483116
6917.78327957
6917.54992041
6918.09523593
6919.95410801
6922.89760325
6929.65942224
6936.39391308
6939.80883118
6942.00623505
6943.88540983
6947.33782487
6950.37596153
6952.07020953
6953.48479175
6952.67483014
6952.67483014
6952.90996657
6954.0565433
6953.24621926
6950.36345093
6946.59887742
6942.78143185
6939.0371262
6937.59157067
6936.67969825
6936.67969825
6936.83822385
6936.21225508
6933.69537457
6927.988223
6922.42510008
6917.80625167
6913.25528804
6909.51033421
6907.82249135
6906.50740842
6904.81930769
6904.36205421
6905.0314302
6905.12848314
6903.29535012
6899.6480765
6895.67020956
6894.04087028
6894.36136451
6895.54862332
6897.62108852
6899.06232981
6899.26290355
6897.72336872
6894.95168331
6892.77985821
6891.96524085
6893.98844428
6896.22420234
6897.35370334
6899.2866911
6901.11003867
6903.69384912
6905.9752935
6912.34770198
6919.77401122
6925.7425401
6933.78560418
6940.31737461
6945.7464704
6950.02100915
6952.77159731
6953.75811511
6954.35560573
6954.16515895
6955.46531977
6955.7377301
6955.61433174
6953.37867125
6950.16408992
6943.69593184
6935.55268544
6929.57780717
6928.17164434
6928.23255943
6929.0448071
6930.36699214
6931.57486033
6932.57304539
6934.6948769
6938.7535086
6942.56038116
6944.43447504
6946.26176746
6947.77695018
6946.03681374
6943.62817252
6941.9208424
6941.42395927
6940.42323724
6939.13059671
6936.78858572
6934.86364098
6933.30547617
6933.90287618
6934.63776029
6934.26801127
6932.68796861
6932.54637935
6935.37322986
6937.75337203
6939.42854399
6943.31555404
6946.60286409
6949.08125797
6950.86411164
6954.19468255
6957.80153895
6959.30298442
6960.33668005
6961.18288405
6958.92213268
6954.15228593
6950.2322047
6943.51258718
6938.76852131
6936.71106186
6935.26512997
6937.98480755
6940.20114109
6942.72901281
6944.82020557
6947.34644637
6951.04797904
6954.71971627
6958.85443608
6962.21402181
6962.88449205
6964.2995273
6967.19613743
6971.4993704
6974.59497215
6975.5886548
6973.14918663
6971.73286896
6971.11432291
6969.74387973
6967.66755332
6966.89979318
6965.07846682
6961.4286632
6957.59559158
6953.73687847
6950.47863203
6948.56203001
6946.87794381
6945.88370359
6944.71847597
6944.56450158
6944.28064004
6943.08821669
6941.98875506
6939.93315651
6938.86985364
6941.26559397
6945.33913383
6954.17868712
6962.82187635
6968.89493664
6974.2916164
6977.0446091
6976.85554232
6977.59859491
6978.4037335
6978.81743339
6975.24964211
6968.9090642
6962.22147938
6953.66408702
6945.74603131
6940.71756027
6940.29972039
6941.48241406
6942.80549122
6942.85645359
6945.76741432
6951.67164084
6958.91009602
6970.26073103
6981.40954473
6989.92104865
6994.66174118
6994.51718284
6992.0452638
6987.56946827
6980.9717576
6975.72928223
6971.22776158
6966.12062366
6964.48792499
6965.0880153
6966.5980753
6968.15523647
6968.9570784
6969.00198411
6969.83374692
6972.00964929
6975.61722356
6980.46545144
6983.72079151
6985.77570006
6986.7881242
6987.7007842
6986.78932299
6984.44061413
6981.68970536
6978.12146802
6972.82338847
6964.35706906
6956.36993674
6949.10090553
6941.35474327
6934.53495737
6930.57450769
6927.17712533
6927.86644161
6930.2268247
6932.83548907
6937.68844936
6943.17197843
6950.8812292
6958.382832
6964.79328105
6973.26229773
6981.83534401
6988.52944549
6994.12285869
6997.75576081
7001.37567143
7004.35848966
7008.88593059
7011.26789185
7011.21004342
7010.29617767
7006.75569363
7000.4599169
6994.24633372
6988.42523469
6984.17615621
6982.97883316
6982.41852585
6985.65020383
6990.83046774
6994.80433407
6995.65592564
6995.09172226
6992.85477935
6989.76079456
6989.59631685
6990.37103274
6991.15156136
6993.52373717
6995.13310131
6997.69485269
6998.21753065
6998.31075723
6996.12219093
6993.82725323
6990.15914023
6986.5237081
6982.88385023
6978.13230589
6974.70570659
6969.66528254
6965.85875847
6965.68690682
6966.71975215
6969.86764052
6972.94151775
6973.39672214
6969.27570475
6964.22813676
6959.68754403
6956.06742432
6954.95523604
6957.78310412
6962.12784856
6971.23345582
6980.35722609
6987.19279834
6994.84864039
7000.61189099
6999.95157559
6996.34230768
6989.39889341
6981.715312
6976.19204177
6968.8008528
6962.43004038
6956.28207683
6950.53637591
6946.20801721
6943.8264602
6944.40343901
6947.50661682
6949.73017096
6949.14747003
6946.63991496
6944.16678319
6945.28288844
6947.42277145
6951.91091029
6957.09099299
6962.16018095
6964.97109178
6965.97261532
6967.9190755
6969.42041642
6969.93383863
6970.45982023
6971.15719347
6971.35338328
6970.37157698
6971.82401159
6974.30468457
6975.13609192
6974.99140115
6972.07525498
6967.96908999
6965.30782538
6962.45586308
6961.29550727
6962.20171334
6962.96837227
6963.24133321
6959.72664399
6956.95099283
6955.67294683
6954.17948166
6951.4999007
6948.11463864
6945.06139169
6941.59339243
6939.87840263
6941.62579452
6944.33052909
6950.08712363
6955.16420825
6959.13534246
6965.24799756
6972.53429967
6978.7137244
6983.78226418
6985.00543084
6984.99414691
6981.59674364
6975.01036568
6969.08284645
6963.70514517
6958.84469245
6954.45446381
6947.72171539
6940.92976643
6937.07898482
6933.61679828
6934.04891906
6934.97808329
6934.79888559
6932.95092804
6930.48627838
6927.0469594
6923.45101754
6921.67697356
6922.38616739
6922.47100246
6922.85796662
6923.25400531
6925.48841823
6928.49278674
6932.83087513
6936.71302034
6940.40308786
6942.08572436
6943.25939228
6944.50521043
6946.04222222
6948.10154259
6948.86846637
6949.27161414
6950.52238077
6952.9299417
6955.79914701
6958.88881756
6959.97927435
6958.80201704
6957.42889053
6954.98194389
6953.01515313
6952.59264355
6951.66862993
6951.55961004
6949.49525059
6947.99081512
6947.71817479
6949.73762853
6955.49206944
6960.5456662
6963.77986024
6969.20754118
6971.97137872
6974.58855307
6977.74569022
6980.48727354
6983.20471385
6985.08323348
6984.45801744
6982.58411174
6979.68951585
6977.98833997
6979.93532287
6980.50907473
6978.80427461
6969.97093829
6960.55059377
6950.39905908
6940.96884548
6938.6319363
6938.65085204
6939.33529651
6941.26760124
6943.14948724
6946.36333675
6948.32568085
6951.06278963
6955.73204284
6960.05322276
6962.30910232
6961.93823814
6964.35975936
6968.72725287
6973.13274513
6979.21300511
6983.40905819
6980.2223835
6975.74493616
6969.68849858
6959.68719555
6951.5904788
6944.74404079
6938.91555389
6934.33305939
6929.92597107
6925.62450143
6922.30570929
6920.31691522
6918.11433985
6916.50169298
6915.48588157
6914.55875946
6915.46519553
6921.34868025
6927.65575485
6934.68771206
6939.24225811
6941.37514356
6943.54796532
6945.37212835
6949.42286339
6953.95034613
6957.13375901
6958.41950651
6955.23311061
6948.49763704
6944.00816698
6934.9370806
6926.8299581
6918.05720233
6909.35343952
6905.00648568
6903.33371129
6903.99471669
6905.9357893
6907.70850904
6910.60736342
6913.47201055
6912.3660462
6911.15448408
6910.97302123
6912.90044718
6915.40821134
6916.0344589
6915.52103668
6914.80302619
6913.86278016
6912.85715147
6913.99206094
6916.29453288
6918.85834032
6920.00391341
6920.19214383
6923.30470284
6927.8190756
6931.58502213
6934.11005022
6935.41658133
6936.33937526
6936.43171668
6937.91005066
6940.32066431
6944.80940952
6948.97996747
6949.27161414
6949.18926029
6947.4566302
6946.48000239
6946.95980979
6947.47407534
6947.86371586
6947.03546577
6945.88658904
6946.03009496
6944.85454523
6943.55094138
6941.25323671
6938.61327147
6934.60042366
6932.33671017
6934.66234239
6939.89443292
6945.79418489
6951.89991909
6956.51343569
6961.05620994
6964.67480329
6967.5883428
6973.03949068
6977.57849432
6978.74052286
6977.56036616
6973.90943345
6970.32998884
6968.65630143
6964.23272979
6959.37544828
6949.57481657
6939.02780075
6927.3013043
6917.39193148
6910.88351647
6906.76283362
6905.086435
6909.1219552
6914.08631903
6920.56822133
6926.66172372
6932.44892915
6939.99176464
6947.40472692
6955.56754421
6961.82181644
6963.69630063
6963.15272754
6960.38930818
6953.49615931
6947.10464692
6941.54220006
6937.22936982
6935.60275569
6933.86245895
6931.29867242
6926.04821676
6920.13844237
6914.45400502
6907.23576891
6900.14008085
6896.9505695
6899.6348759
6906.28865773
6913.09208578
6921.49966464
6928.30158724
6932.41596252
6935.1791449
6938.92590388
6943.00475465
6947.24729556
6951.79376374
6958.32627994
6965.85111969
6970.87264891
6973.09416093
6970.07852243
6964.5746349
6956.85485989
6948.75863799
6938.25586577
6929.79417423
6923.72844605
6919.36337799
6916.78864905
6914.99791963
6912.25331844
6906.30181651
6900.24682165
6895.35973078
6892.43753492
6891.44158713
6891.80447798
6894.77910682
6900.28928101
6905.50421215
6911.78067588
6916.63650072
6919.06481738
6919.19322695
6919.04466801
6920.8427853
6924.12940535
6929.29277473
6934.39085903
6937.53043255
6938.56962727
6939.40226826
6939.64100802
6939.99732645
6937.93344791
6934.39768932
6928.38305594
6920.67183274
6912.76537459
6905.26117209
6899.34645619
6898.09890259
6898.67298202
6900.63336763
6902.1739967
6902.98780558
6905.10908649
6909.03665317
6911.14202924
6912.57276024
6913.19747446
6912.36100712
6910.76455083
6909.7093328
6910.59797524
6916.06475614
6922.76345762
6928.72234045
6935.04186989
6939.12640793
6941.96713509
6942.29909445
6938.66660354
6935.51089518
6928.70074835
6921.21055493
6916.83497658
6915.09405256
6916.19499874
6917.03825456
6916.31804164
6912.08093709
6906.49178238
6901.88276123
6896.02755254
6890.94093338
6886.13662152
6882.90880475
6882.01403595
6880.21573744
6881.30112727
6883.25337228
6885.16842007
6887.76524292
6889.15464366
6890.75903145
6893.00103435
6896.14033606
6899.3056835
6902.05291227
6905.27592693
6907.2627904
6910.41481876
6912.31069292
6912.24078693
6910.05739912
6908.50133219
6905.1674437
6900.48583323
6894.9337503
6889.71821976
6883.19711295
6877.23892012
6873.87704833
6869.44361458
6866.15406726
6865.6360799
6865.62771627
6870.25306044
6876.04467767
6883.53705261
6889.10412734
6891.58699577
6892.49456092
6893.11846666
6895.16157553
6899.39889614
6903.92566798
6906.6916243
6905.59552206
6902.57666357
6899.19110877
6894.52683192
6890.65215125
6888.01914873
6887.2154459
6884.13151141
6879.48753029
6874.62090243
6870.34040459
6867.22921164
6863.80360901
6860.29325494
6857.54831223
6853.93167039
6852.10052374
6849.91120472
6848.94499659
6848.24537911
6846.21022963
6844.23634373
6843.77174419
6844.0503924
6845.20554882
6846.11620851
6848.4367668
6851.02482179
6855.11519345
6859.17273788
6865.447271
6871.07855749
6877.00197854
6882.69816678
6885.95117201
6885.43512222
6881.42200957
6876.25572686
6871.79625435
6867.05768757
6862.98118559
6858.44022346
6855.15756917
6853.5381617
6853.9562734
6856.46835877
6862.71577979
6870.64187853
6878.81023673
6886.33410769
6892.19733849
6898.04694355
6902.57195206
6905.71061255
6908.06900929
6906.89440046
6902.57254448
6897.60964429
6892.3694759
6887.09634087
6884.98306116
6883.38208155
6880.24740771
6879.09232796
6878.71255652
6879.75843517
6880.07352789
6877.4579705
6873.1448336
6870.00266038
6867.56710221
6865.98310077
6865.99954924
6867.31877216
6867.9518291
6868.52841065
6866.66731523
6863.75844542
6861.06570568
6856.57039503
6854.10326416
6854.54451524
6857.07318846
6861.20440252
6865.61119811
6867.49343259
6870.67285183
6873.78198176
6876.37509674
6878.73070559
6881.2507852
6884.36600663
6889.84197357
6895.01703113
6900.37338426
6903.85475835
6905.85008302
6905.77875521
6904.39318781
6901.11642291
6897.83189377
6896.82389538
6895.28579631
6894.0905363
6891.62900906
6889.42204278
6887.55262556
6886.90732287
6890.14879327
6892.8301724
6894.56523491
6895.08552924
6895.29841842
6893.63344312
6891.91095393
6890.09028969
6888.58225089
6886.25094535
6883.58234862
6882.64421441
6884.80341043
6888.35128931
6891.42064321
6894.34183544
6898.3734805
6903.79310447
6910.79260384
6917.92428337
6923.18443387
6924.86949582
6923.98410125
6919.1118837
6914.7597932
6912.06076681
6910.67865637
6910.40080271
6908.13062135
6904.03613059
6897.90283127
6892.24761784
6889.60864926
6887.71860873
6891.88889486
6901.11991472
6911.03071633
6918.81743521
6926.94491617
6937.65347546
6949.35234406
6958.47398858
6965.80796337
6969.98341404
6970.17978505
6968.29580815
6964.383756
6960.19567625
6954.45870835
6947.83573255
6939.31977501
6926.08252158
6914.37652298
6905.44598736
6898.09994804
6893.03659371
6888.94711417
6886.79416996
6886.37623946
6888.88534877
6896.07652855
6903.83541049
6912.23144058
6920.42682723
6927.20692075
6933.30115496
6935.33278475
6933.12618787
6930.98191395
6927.39078118
6922.13796976
6915.34070989
6909.24474023
6904.38248934
6899.59191473
6896.15846423
6893.70096547
6891.33306905
6887.24666314
6883.40777183
6881.15718226
6880.1971911
6881.77824437
6884.63113363
6886.50197964
6887.33298972
6887.37527483
6888.93365569
6891.91768665
6895.2703236
6897.87998463
6900.14401176
6901.44440258
6902.09280678
6900.72161088
6900.17193931
6898.16488465
6895.43383253
6889.58463171
6883.35817551
6879.03690499
6879.31692622
6881.08374961
6883.62570706
6886.10614307
6889.17199121
6893.19021265
6896.2113363
6895.78847126
6891.79196041
6884.05555572
6878.5000228
6873.24413775
6867.91530793
6866.1643824
6862.27459841
6858.98246534
6852.93068352
6847.18340745
6839.97828132
6833.54651199
6827.10547298
6819.98530737
6812.65451773
6807.0906839
6801.69167627
6795.0976665
6791.05621509
6793.06515853
6797.23589073
6801.65195601
6807.75384991
6812.72581069
6818.20531824
6824.20886284
6830.45928781
6837.29439309
6842.10389737
6844.749522
6847.02066518
6846.36697796
6846.15405393
6846.96093494
6848.64711204
6849.55721416
6849.46277486
6846.05633888
6841.10214383
6836.20510024
6831.3902293
6827.87102373
6826.52469568
6826.86007019
6828.97272263
6833.82522989
6838.04035901
6842.8159906
6849.56230204
6858.28138423
6866.39953974
6871.0378545
6872.75544399
6874.41164446
6877.16818473
6880.05742093
6880.62089249
6879.7809403
6873.93464585
6866.10339762
6857.04342789
6847.50241016
6839.85164205
6832.45937974
6825.95777413
6820.80933382
6817.82713589
6818.05589506
6820.08678606
6823.63177251
6827.95591455
6832.85874298
6839.46538183
6844.96823087
6852.40154465
6862.35572561
6872.53070634
6883.2878374
6890.42450026
6895.74452737
6899.40440916
6903.27687347
6906.43269335
6906.83604325
6907.03685396
6906.3011753
6904.82891192
6902.2573054
6897.83903073
6894.55083553
6893.00611526
6892.99987739
6895.7516016
6897.2196065
6898.80368461
6904.67086026
6911.93690845
6916.67396977
6919.23388115
6919.38870585
6920.98287607
6920.80431261
6924.10385446
6927.83028983
6931.85520217
6934.69440296
6934.40750961
6933.2067296
6930.78707627
6926.39415036
6923.15169723
6921.23260006
6921.02488239
6920.66132245
6919.81332027
6918.10033774
6917.03905607
6918.11396348
6917.89894855
6918.22427974
6916.81042236
6914.66044027
6912.72527796
6911.11696624
6911.02086815
6911.46763922
6911.16698073
6911.50390252
6910.47489749
6909.73421459
6908.48479311
6908.77328252
6908.74366831
6907.84894133
6906.38728582
6906.29604561
6909.55024962
6914.30715365
6918.57331484
6919.94954983
6915.15868947
6910.25064771
6905.99751984
6904.28290641
6905.21759062
6909.59790139
6914.2765149
6915.57415966
6914.04050028
6911.50666949
6909.02732075
6905.35922169
6900.30855917
6897.0643915
6896.27748562
6895.69254045
6894.38130479
6893.53998654
6895.05459079
6896.52261659
6896.7016749
6894.24006402
6890.76449568
6887.37066089
6883.29509285
6879.94665862
6877.04926091
6875.85268362
6878.55696516
6882.89756961
6887.67825422
6892.42778432
6897.66102485
6901.5630267
6904.1092287
6904.33918665
6903.32472736
6899.55782598
6896.5877135
6895.25696967
6894.67237996
6893.68955609
6893.45878965
6892.69266042
6890.73806662
6891.3366445
6890.29977766
6888.59688724
6885.47247976
6883.20683566
6881.96195842
6879.82705874
6879.68728161
6882.09744223
6885.2493312
6885.80876033
6884.7822156
6883.36009915
6882.29803688
6883.81470415
6886.09499853
6890.82707653
6895.78037945
6900.61313462
6905.52479365
6909.70153371
6911.92364513
6913.56505591
6913.30240314
6911.8296031
6909.33032106
6904.5281698
6900.63193188
6899.36241678
6899.6271744
6899.18716393
6897.42737993
6894.86319613
6891.75191954
6889.56544415
6889.1605888
6889.37492768
6889.60317806
6890.16151295
6891.48013648
6892.51314909
6894.82008163
6895.22000244
6895.91024569
6895.20302427
6893.3088089
6893.09805941
6894.61902001
6896.27769471
6896.51335387
6894.75593957
6890.47070234
6884.49032499
6875.23777575
6866.5602608
6860.22035198
6856.68372219
6856.2719529
6856.57178897
6857.30890338
6855.9054169
6853.52108596
6849.4214446
6845.55682119
6842.51545757
6840.36851426
6840.54282621
6845.47311522
6853.97376732
6868.08662291
6882.58191932
6891.80000343
6899.26454142
6904.45342684
6908.12193711
6910.71278695
6912.51682848
6912.3857983
6910.75651478
6908.58910846
6906.98150765
6906.05070555
6906.70746641
6908.98715443
6910.02912308
6909.40424159
6906.76818635
6905.25317089
6905.15154584
6907.19747046
6909.8814005
6912.21677635
6914.76279017
6915.35714442
6914.55875946
6914.50263952
6915.35838503
6917.7633602
6919.48830272
6920.66153851
6919.65752679
6916.90366985
6913.9373419
6911.62638785
6909.19543665
6906.64018102
6904.16683319
6900.44552752
6895.78458218
6892.02222503
6889.5530172
6887.60700308
6888.05611597
6889.42209854
6890.79888413
6893.44516391
6899.05909587
6907.02506821
6913.73154787
6918.27874786
6920.96268488
6919.50579664
6917.23887709
6917.78449927
6919.74252216
6920.6587367
6917.3336579
6913.27103257
6909.38135313
6906.04221647
6902.27370508
6898.18544523
6896.85711989
6894.4508623
6893.26887954
6890.812482
6889.73666853
6892.69419375
6896.2046663
6902.5188012
6908.15174648
6913.03357523
6915.92004447
6916.00526984
6915.99463409
6915.78604521
6916.72281336
6916.74074637
6914.36748329
6911.69321324
6908.97163293
6906.02863254
6903.9267901
6903.66845157
6903.473126
6902.64748956
6902.46390792
6901.28619758
6901.35766479
6902.68326498
6906.16576119
6910.66084185
6916.2392493
6921.85357156
6931.1450953
6939.43296974
6946.71389125
6951.74977803
6953.81163536
6955.60458811
6956.41837609
6956.41837609
6956.18629238
6953.90454133
6951.38883172
6946.60351924
6940.17516506
6933.39904426
6927.57752008
6923.57992893
6921.45635499
6921.24280369
6923.85530138
6927.28363613
6933.97775853
6939.80197301
6942.64139684
6946.12009457
6948.12526741
6951.64066753
6954.49435832
6958.76055435
6962.41215616
6966.83247295
6972.46130611
6976.30636559
6978.87963787
6978.41451561
6973.84278927
6968.58164908
6964.42528142
6961.07865931
6957.72233539
6952.32279109
6947.78584351
6944.01944394
6942.44324855
6945.0154684
6947.45236475
6948.61088056
6947.88777523
6948.22316368
6952.02669078
6955.36977926
6957.95782728
6960.50223807
6960.97121457
6961.82191402
6961.41821563
6961.14439045
6960.59358282
6960.1575869
6958.83687943
6954.35360543
6947.65182334
6940.02078643
6933.64539492
6929.78728817
6926.47002937
6926.11170367
6925.78793369
6927.0326576
6929.59051292
6933.04845491
6936.34807343
6938.56426061
6939.26764172
6937.26541706
6934.53830979
6931.52457401
6928.70772501
6928.54506639
6929.41072279
6929.3096135
6926.74181243
6924.52176405
6920.65178792
6919.74999367
6920.27138224
6920.82567471
6921.73533077
6922.70199193
6928.01016359
6936.02628981
6947.56857039
6959.31279077
6967.39280814
6975.053752
6981.20755615
6986.84141445
6990.36494123
6992.58798659
6994.37571904
6997.41288691
7000.36501063
7002.70217768
7001.64597692
6999.09949613
6992.2736466
6985.7728634
6978.98370231
6971.58582244
6964.53964706
6960.14321539
6959.13162762
6964.36527238
6972.11757494
6979.63922256
6985.63528172
6988.15212739
6989.85176993
6991.46477922
6993.17930902
6993.85380774
6993.59232588
6993.43536847
6995.25557271
6996.81207176
6999.47176819
7002.20417242
7005.74165252
7009.18088787
7011.79382465
7012.18071214
7011.35619782
7009.33254833
7007.08005603
7006.89406986
7007.22725589
7008.39261593
7008.14916466
7008.66680354
7008.40725228
7008.89227301
7008.3325372
7006.32769891
7000.90467372
6995.28281025
6991.43260714
6990.4521669
6992.03420987
6996.19106541
7000.42876238
7003.67460277
7006.15119151
7008.27726756
7012.45455126
7016.52708053
7019.71961673
7020.88181253
7023.86999743
7026.69913399
7029.38490403
7030.45273024
7032.38521618
7033.98650246
7031.95832267
7027.53466043
7024.33759393
7021.869557
7020.59375525
7021.29999393
7020.93896399
7018.32344843
7014.42948262
7011.36916144
7009.15523941
7007.63003427
7007.88584977
7006.93978405
7002.69587708
6998.38231503
6992.79996274
6988.15881829
6984.37859086
6981.91539786
6979.32074955
6977.64987789
6978.39696593
6983.25236562
6988.31698146
6990.43159935
6991.78209527
6990.68789576
6988.71435137
6986.37317674
6982.73496371
6979.75809063
6977.98118907
6978.40600562
6980.34128641
6981.97476568
6981.48701284
6979.49109574
6976.48966147
6971.78198436
6967.64900698
6967.15350384
6966.72120185
6970.59404949
6973.95037341
6976.48913178
6978.90632481
6978.94340356
6975.42212799
6972.31294232
6970.71190695
6971.22546855
6976.18907965
6981.38376385
6987.79691713
6994.45511775
7000.65750761
7007.68472543
7012.95302349
7013.38186852
7011.46861892
7006.5821832
7000.57716799
6995.79911095
6991.78993617
6991.75154015
6993.87823651
6995.65720806
6993.32137222
6990.34238035
6986.85540959
6983.61060071
6979.63375136
6975.99431863
6973.92213222
6973.44880663
6974.78817196
6977.13558446
6979.63003651
6982.1176513
6983.6958679
6983.98446186
6983.95149522
6982.84340512
6980.9099016
6980.1448457
6978.47579312
6978.44325861
6983.33855977
6989.0410765
6996.61866983
7002.57328024
7009.70047826
7016.507426
7019.90194382
7017.37041302
7011.58117941
7001.97683508
6992.81839757
6987.74656809
6983.79921447
6981.8643867
6980.15908477
6977.479002
6973.06598247
6971.39254596
6972.84886966
6975.48367036
6977.69941844
6979.05922587
6978.19898491
6978.37754837
6981.4291435
6985.17613945
6989.82559874
6995.28662268
6999.18739787
7000.36208336
7001.06186114
7001.10510807
7000.52647047
6998.99475563
6997.41644145
6992.91216081
6986.996734
6982.30386748
6978.29491573
6976.9070553
6977.30110066
6977.46453989
6976.27238836
6974.38259176
6972.44317794
6969.31689561
6968.76059587
6970.51721563
6973.29710436
6977.06287666
6980.62015067
6983.47478237
6985.96911593
6988.81911278
6991.13123077
6990.83695652
6990.12822268
6990.79090778
6990.25495952
6988.77516888
6981.98018113
6973.52743868
6964.60461851
6955.20417942
6944.17400379
6933.22148444
6924.33281575
6915.18799702
6907.11577176
6898.64460144
6891.48174648
6890.88747586
6892.13484825
6896.06797674
6900.29836251
6904.66908996
6907.71483752
6907.71503267
6910.55758589
6912.65404773
6915.77679643
6919.16063668
6924.17996348
6927.42278599
6932.34590319
6935.28403874
6934.47114985
6933.16651449
6930.26305315
6924.95396846
6918.4952125
6912.4978291
6908.72715014
6905.38963045
6901.61398211
6895.77030825
6892.16341701
6894.28703974
6898.08552776
6903.98997034
6911.98210689
6919.30804562
6926.06775977
6932.08728587
6934.89729761
6935.94966504
6935.21573578
6934.36367723
6936.48925147
6940.12782692
6941.37346386
6941.03103602
6938.54455033
6933.98234459
6930.90978463
6929.29175019
6928.90291815
6929.52733965
6930.00484705
6927.25524162
6925.02288476
6923.68085004
6924.1527329
6923.98658246
6924.24790402
6923.13867785
6922.2898881
6923.09961971
6926.24184869
6928.55006365
6927.39749996
6923.85399108
6918.09437866
6912.1465846
6906.93481769
6899.49630453
6892.68148801
6887.22818649
6882.73629098
6881.42383563
6880.48351293
6880.07922213
6879.92711561
6881.83982855
6884.36369269
6888.1072247
6891.26283549
6894.36549754
6895.4152374
6895.65232534
6894.22274435
6892.57637114
6885.38151834
6876.47148755
6868.31731964
6862.65228592
6858.14136315
6850.93059158
6843.60928072
6831.2192628
6819.37468586
6809.92833046
6804.06778995
6804.55128432
6808.1248465
6813.77440055
6820.0475467
6828.17852645
6836.17561845
6845.27127299
6855.04953897
6862.72999796
6867.43398113
6870.17161264
6870.7556866
6870.10800725
6866.92366043
6862.21779544
6854.46485168
6847.53481921
6841.95070359
6838.96502778
6836.19952449
