6953.03536665
6955.29948438
6959.03944094
6963.47164803
6970.14647135
6974.78753217
6978.82059207
6982.27288165
6988.88997503
6995.51160568
7000.99253505
7003.74080927
7005.108597
7005.04587676
7004.64910624
7004.64910624
7004.44731978
7003.33208574
6998.85161356
6994.17039339
6991.26387933
6987.43883679
6981.53627602
6976.34254667
6970.20411766
6965.37471491
6962.17327145
6960.83401763
6961.56559812
6964.08151681
6967.34641233
6970.53615369
6973.40475961
6974.27947661
6973.03291271
6970.95722054
6970.68494263
6970.2978112
6971.18481577
6970.80279312
6972.02462857
6973.77057076
6974.38737438
6974.62985687
6974.67291561
6975.12135941
6974.39906952
6973.88598883
6972.91488798
6972.31536221
6971.22288422
6970.5771285
6969.29094191
6967.41088894
6965.69589217
6962.34710249
6958.87885232
6956.96514969
6955.75077878
6956.51583468
6957.34433567
6957.15818222
6957.84616729
6957.34433567
6957.20265581
6957.00401268
6957.27510574
6958.56901475
6958.91758985
6959.45377508
6960.74493803
6963.79089468
6966.41940872
6968.37920888
6969.57203647
6968.85510628
6968.19026755
6967.33765143
6968.28441412
6969.22182349
6968.76255577
6967.90897783
6966.0092564
6964.13181706
6960.50101979
6956.43433809
6952.86187015
6948.30618107
6944.54487635
6941.39355889
6938.23686781
6935.41063063
6931.2519351
6928.46391273
6928.41209309
6926.81384559
6925.83448566
6926.07267482
6927.30693025
6931.08476708
6935.47698208
6937.75468374
6937.86289515
6937.26533484
6937.03875022
6936.30935822
6935.91711104
6936.42862356
6937.94585537
6940.64723055
6945.31040619
6949.25045558
6949.85725073
6948.97139616
6944.82897485
6941.25426267
6936.68704572
6933.01068061
6930.18425525
6929.67960091
6930.558437
6931.25098722
6930.350106
6928.91112289
6927.05567293
6927.16601009
6928.5716502
6932.13674421
6937.86341788
6942.58523649
6945.57305896
6949.03341944
6951.79611395
6954.29475478
6956.77098806
6957.71100409
6958.70562764
6958.13044004
6957.28544179
6956.51636438
6956.19678318
6956.66369665
6956.65872029
6954.7500916
6953.50950072
6952.89900466
6952.38313609
6952.69664668
6954.30917507
6956.07042967
6957.26969726
6957.68006564
6956.55663525
6955.79967115
6955.18151541
6954.38628772
6953.44905957
6951.52692361
6949.87457738
6948.2426175
6946.79764743
6947.18960885
6947.56774242
6947.81531974
6946.94683364
6945.67587582
6944.75241978
6944.97037592
6948.66206041
6953.67808358
6958.48544817
6963.49053589
6967.30237783
6970.13169561
6971.19015455
6970.43376894
6971.0681571
6971.0252029
6970.55035095
6968.08943705
6964.7832252
6961.60709565
6960.00888997
6958.88531322
6957.84854395
6958.70612249
6959.38626666
6959.40302179
6959.79151231
6960.16741557
6960.02317087
6958.03736679
6956.45984716
6957.43035558
6959.08569181
6965.28997045
6970.60527211
6975.88036562
6979.96029669
6982.63411371
6984.19429973
6984.67377955
6985.34150373
6985.95259221
6988.05124254
6990.04656721
6990.12858652
6988.79020392
6985.88199622
6983.11006687
6978.94821407
6977.23840972
6974.41747648
6972.16060025
6970.53677399
6969.68992878
6968.34569164
6967.35242718
6967.49793339
6966.33324941
6965.71622972
6964.89851084
6961.12704431
6958.84895932
6957.77370342
6958.74059458
6962.2119602
6965.46898694
6969.17199021
6971.94667258
6973.20517557
6973.02953938
6974.3604435
6974.64890503
6975.63115041
6975.91450316
6975.76256392
6975.89621469
6975.72531093
6975.287245
6973.55461491
6970.54288641
6964.22476485
6957.63582901
6950.32415724
6944.54526665
6938.27522898
6932.60275859
6924.46655855
6917.7614798
6913.15730955
6910.83827763
6910.65312085
6911.07470345
6911.65527863
6913.56235309
6916.6364882
6921.99987374
6926.66042878
6929.12114056
6931.49549788
6932.01777857
6932.02704129
6934.87636208
6938.89541291
6948.29934381
6957.56892696
6966.56504736
6974.7604828
6980.76764467
6987.1220365
6991.9856883
6994.10315679
6995.5890947
6997.33146841
6998.55062749
6998.71686854
6997.64534143
6995.00727892
6992.69767698
6990.67934537
6988.70321522
6987.34432082
6984.0443817
6980.72481593
6977.24977728
6975.13671363
6974.58605237
6975.46346664
6976.54919101
6976.97537361
6974.9993968
6972.24054259
6968.95594376
6967.84673153
6969.45856992
6976.31749761
6984.16088007
6992.26074712
6999.02089339
7001.53029542
7001.6334329
6997.69877804
6993.14739623
6986.70268419
6982.03910431
6977.20388884
6974.10509497
6972.27592771
6969.38755575
6966.194915
6963.08386145
6959.34930639
6957.88129453
6957.88334362
6960.58300425
6965.13704848
6970.49280222
6973.29013609
6971.72644432
6968.23481084
6963.774035
6956.6097861
6951.37069104
6947.38719957
6943.92258061
6941.15419186
6938.39483583
6936.0926148
6933.74197533
6930.62529027
6928.23057448
6925.62365951
6925.56587381
6928.02802832
6931.22800815
6936.78432168
6942.65365097
6948.6818613
6954.87342723
6958.7966727
6959.29918735
6958.8092042
6956.65194576
6954.09297528
6951.62559351
6948.52272934
6943.99628508
6940.16941648
6936.72846659
6934.7822852
6930.60078484
6923.51587889
6917.27751149
6913.37898054
6911.52383028
6914.37820409
6918.4350864
6923.63279544
6928.45041244
6935.89884348
6942.00549768
6946.5783531
6950.48767313
6954.46276613
6957.41065924
6959.2618786
6958.10870854
6954.99918832
6949.07819969
6944.64025656
6941.39487616
6938.92009258
6935.86408563
6933.29707214
6931.4798579
6931.59386809
6933.9112691
6937.13758739
6940.20156766
6941.64713712
6942.65057733
6941.9705865
6939.58723131
6939.79831534
6940.62749239
6942.38491366
6945.92034467
6949.64237519
6953.34463967
6959.01756309
6963.5990679
6968.27761171
6971.52368907
6974.17320975
6975.31390406
6973.79612164
6971.21400483
6968.67859888
6966.11438023
6961.70869979
6954.60391629
6946.8509795
6937.12948164
6930.02060693
6926.2304686
6922.00761707
6918.94761649
6917.11354257
6916.18321441
6915.14439605
6915.56187351
6916.30558125
6918.77662212
6921.46205761
6925.83629081
6930.92492421
6936.53746223
6942.09450062
6945.77309603
6948.07596524
6948.5868714
6946.86307888
6945.9924252
6945.192486
6944.33607838
6943.5676143
6942.47781963
6941.34919682
6941.45041065
6943.07330297
6945.38038885
6949.76037901
6953.38675054
6957.44251072
6960.38652869
6964.33291353
6972.00963676
6979.32758823
6985.79677782
6991.72976128
6997.41193348
7001.14903944
7003.03117635
7002.47559448
6996.95556515
6990.92428815
6984.96022684
6980.0875005
6973.41899869
6967.6857526
6962.02343705
6956.52868679
6953.06032511
6950.53922793
6951.67966436
6950.16095497
6948.92833045
6946.43012871
6943.64398119
6943.1369223
6944.33356929
6948.96452405
6953.3003682
6957.46788736
6959.26813041
6958.90307199
6957.49851915
6953.60264365
6950.04575297
6944.8637327
6939.59710736
6935.3251683
6932.01845463
6930.67334628
6931.20357242
6932.72428211
6937.30637237
6942.24380532
6950.38327415
6957.01735266
6961.18673971
6966.30327974
6971.75628853
6975.76887846
6981.80479727
6984.76138159
6987.66613929
6990.42867349
6993.50593102
6995.65838039
6996.39651238
6995.16705906
6992.82511776
6991.01228049
6989.163389
6987.34176295
6986.79588288
6985.67380461
6985.70077731
6984.96960804
6984.51638304
6983.81564344
6983.76620743
6986.52909012
6990.16442467
6994.40143861
6998.07411676
7001.2620669
7004.77012097
7007.67936715
7012.05212975
7016.0030658
7021.25117964
7025.11461123
7028.73185943
7031.8868987
7033.55133037
7034.9378108
7034.55371119
7032.34968612
7027.49887945
7022.78934841
7017.92754357
7014.36902895
7011.42435583
7009.71209118
7005.6595022
7001.3031811
6998.48652725
6997.09863895
6996.32836275
6997.76750616
6998.52331328
6998.52331328
6998.41771551
6997.34261294
6996.36919816
6994.07186985
6992.011971
6990.8812991
6988.67562919
6985.97169613
6982.81366687
6980.52100825
6978.82799388
6978.48741998
6979.57641313
6980.09516019
6979.62301248
6979.24681649
6980.63133844
6982.30618283
6982.87694468
6981.03910016
6975.66597098
6969.89314403
6964.69588802
6961.00675443
6959.38626666
6959.40078452
6959.85648376
6960.71280079
6961.68828557
6962.10884363
6962.10884363
6961.73147674
6959.6295646
6954.5845057
6949.92119764
6944.99628226
6942.47434872
6945.02761799
6949.66209941
6955.52634779
6961.06531377
6966.28768854
6970.15321104
6974.5742945
6979.46581809
6985.70337004
6990.7578868
6994.39425983
6995.70330004
6994.57358996
6989.33839095
6983.88874852
6978.72866186
6974.15176401
6968.97939676
6965.47721814
6961.6335735
6958.24440144
6954.70454467
6951.84787086
6951.07264618
6950.32213603
6950.12688016
6950.53789672
6950.47429133
6949.99566878
6949.2582477
6949.29140251
6949.96472335
6950.72487956
6951.83678906
6954.53904241
6956.83623133
6958.62468863
6960.87781517
6962.90784192
6964.52281667
6964.98609894
6965.2894756
6964.6940062
6964.49110458
6964.49110458
6964.80483124
6964.71864405
6963.44517018
6961.81357272
6959.91944794
6958.70562764
6958.10695218
6956.95231849
6953.63059908
6949.30466583
6943.98610236
6940.59181454
6939.98791181
6939.64296792
6938.96694284
6938.94001195
6938.62661984
6938.84396962
6941.60963322
6945.22236506
6948.48063241
6950.4692383
6952.41978969
6953.2677152
6956.42003629
6962.40072728
6970.04745994
6979.98641212
6987.42877952
6988.66335556
6989.19897624
6985.15563604
6980.41302684
6975.70981033
6970.96366054
6964.34961291
6958.33924498
6951.76761488
6944.5151088
6938.06539252
6933.51155738
6932.99537517
6932.26028197
6932.62933402
6934.50330245
6936.95213091
6939.43036449
6941.40670373
6943.29746214
6943.81811192
6942.20016112
6943.17949317
6946.77311412
6950.88229698
6955.05305008
6958.01815833
6959.25517376
6960.08660202
6960.33845177
6960.2765888
6961.54218693
6962.78948962
6962.61036859
6961.1802788
6959.09077968
6956.22458527
6953.74109655
6952.21644898
6951.2185427
6951.80129939
6952.54005866
6952.23950471
6951.89195415
6951.07746921
6950.99267596
6952.46513449
6953.80891163
6955.37077037
6956.06603877
6957.88436119
6959.63419247
6965.04712554
6970.3376848
6976.81396953
6983.24811552
6987.31611449
6991.016072
6992.73783634
6992.64863127
6992.1568151
6991.57224629
6991.45098762
6992.79143325
6995.69271308
6998.08193675
6999.88459828
7000.47247769
7003.25747521
7007.08283836
7010.83099127
7012.26591802
7012.7149403
7012.08606517
7011.45306399
7010.83057309
7010.83012006
7009.59456827
7007.25046637
7005.19178025
7004.13301464
7003.8668143
7005.315548
7006.65557545
7006.67193331
7007.93910659
7008.53191357
7008.73297519
7008.44396305
7007.37168322
7006.29523551
7004.67423198
7005.77556148
7008.52095025
7011.73005341
7016.42180477
7019.62327612
7019.24599286
7017.88887573
7016.94540274
7016.47046018
7015.3562716
7012.64844946
7006.99046208
7001.78108578
6996.14668384
6989.90685977
6982.24073744
6976.09436298
6971.33209926
6968.70088795
6967.16038434
6965.51206659
6965.89287652
6968.56251172
6972.51026263
6979.74992357
6986.40811024
6992.01550463
6997.32523054
7004.55691815
7010.29422757
7015.05984371
7020.5058619
7025.91429255
7028.36636889
7026.33016002
7021.55176843
7013.99438023
7005.88897925
6998.72896095
6992.93403311
6986.84797435
6982.42489059
6979.48524262
6977.49554946
6974.63371111
6972.31320858
6969.37431334
6968.5194948
6969.38046757
6973.0059888
6978.06979616
6983.77430621
6990.34716994
6997.99021563
7003.39681325
7004.95720836
7007.37400412
7009.17115263
7010.98272143
7014.15839098
7017.31945903
7019.48395201
7020.1996416
7017.46326464
7013.89995487
7004.99802983
6996.76007231
6988.48093787
6982.78716114
6978.24434507
6976.74269748
6976.79062804
6977.53016791
6979.02584944
6979.89996705
6980.33274995
6979.2897916
6979.92084824
6980.5679282
6981.50270303
6985.92581466
6989.51957501
6994.50983123
6998.18298332
6998.18298332
6997.14682738
6992.14685541
6987.92547448
6984.49963488
6981.84645511
6979.25818406
6976.56505402
6975.2403808
6976.76565564
6978.61601773
6982.62470463
6986.05254454
6987.28792209
6988.19718785
6988.96470405
6990.50714523
6992.28725285
6993.74356957
6996.76713261
6999.38146333
7002.54260805
7003.83825251
7004.97222107
7006.00220883
7005.4879154
7004.25349967
7002.51987989
7000.19058161
6999.01959702
7000.06965749
7000.19626888
7001.30568322
7003.75668623
7004.73479858
7004.87167632
7003.5074292
7001.92652927
7001.61215443
7000.6775887
7000.21363038
6999.20395229
6999.41721784
7000.54493459
7003.52299252
7007.09978167
7009.26229527
7010.09426019
7009.44772387
7006.26642978
7003.02638817
6998.56258051
6993.87553368
6988.0165753
6982.93437493
6980.99125323
6980.00839452
6980.5648476
6982.85394471
6986.15691565
6988.31574924
6990.25245185
6992.05719035
6992.3515343
6993.41847535
6993.5539731
6993.804178
6995.04290797
6996.34643515
6998.26186627
7000.57255547
7001.4184319
7002.55672167
7002.90937404
7001.07201043
6999.25099073
6996.41947053
6991.35754499
6983.85109128
6978.5463975
6976.49251349
6975.7217285
6975.15641695
6974.21163365
6972.04851369
6969.16139628
6967.55399758
6967.59263754
6968.44098821
6969.5704195
6971.86863993
6974.47456521
6979.6116031
6983.43130686
6988.82933873
6993.7895068
6997.08371684
6998.98749463
7001.21074908
7001.47710972
6999.06632183
6995.28322288
6993.28573761
6992.25439773
6992.05719035
6992.13661694
6992.73672816
6993.41847535
6993.37023116
6992.44892178
6990.8384146
6988.05771041
6985.45621786
6981.92937351
6980.31698452
6979.38560393
6979.81483926
6981.39371798
6982.52817443
6982.15087026
6980.31476815
6978.44629881
6976.67187846
6977.9073745
6980.52717643
6983.38127842
6988.20924541
6992.8927377
7001.00475989
7007.70170501
7011.72693795
7014.50275639
7016.42881628
7017.18118735
7016.28942248
7016.03302153
7012.99554002
7010.0189736
7006.75442656
7003.16958742
6999.9585676
6995.87430138
6993.14951502
6991.24754237
6989.27063859
6986.0519312
6982.9135704
6977.8201558
6973.7281602
6967.12222529
6961.13623733
6958.05624072
6955.63985616
6954.68194197
6954.36201926
6955.30240468
6955.95765312
6958.02436135
6958.99559462
6957.95787748
6957.47710826
6957.13578861
6957.38662078
6960.26191063
6963.67224964
6967.76274677
6974.26566269
6978.80424118
6980.9187824
6980.92120785
6980.33951055
6979.88767252
6977.67365292
6975.10300124
6969.22675803
6964.18367156
6960.63221723
6957.68538351
6955.47278572
6953.18627437
6952.16671327
6951.79113062
6952.91063707
6955.06636916
6958.2630593
6963.6503927
6971.66724377
6978.81561571
6981.74890036
6985.15353119
6986.86544736
6987.14281314
6986.80125652
6985.74849878
6985.86196533
6987.09868804
6987.62935326
6990.78357708
6994.01888627
6997.65523142
7000.39150383
7002.08450426
7002.49434991
7001.29497778
6999.64263155
6995.9031559
6993.43550928
6992.19803385
6991.20461605
6986.57380765
6982.21708231
6976.11586447
6971.25329994
6966.91535095
6963.32532636
6961.47573093
6960.10763654
6959.92806248
6961.36188105
6962.72006454
6965.71268912
6968.5303466
6971.64271743
6976.34828273
6985.03149192
6993.20898738
6998.84929962
7005.32208557
7014.00252083
7020.89157849
7024.55701512
7026.86232373
7027.24999879
7026.26166887
7021.7617861
7016.06635755
7006.41253539
6997.74839527
6990.89208818
6985.58360289
6980.40712352
6974.56727602
6970.59623939
6968.39030462
6967.64830446
6968.82993176
6971.39552344
6975.31352073
6979.5278344
6985.34463312
6990.10292412
6994.48501914
6997.50697914
7000.82358977
7003.7903568
7006.11754326
7008.3689901
7010.16284891
7010.6844396
7008.73243852
7006.22024164
7002.43521209
7000.54799428
6999.51591562
6997.2447585
6994.77152218
6991.71486706
6989.96087487
6989.29729766
6988.56302688
6990.1803992
6992.23500108
6995.90563711
6998.00605774
6999.83429106
7000.1856401
6999.96803941
6999.99249605
6998.12788792
6996.04743545
6994.57699813
6992.73783634
6992.18522356
6991.42191008
6992.05719035
6992.27166862
6993.41054385
6994.4671837
6995.12009032
6995.42736304
6996.27193614
6996.48572441
6996.7632714
6996.38396693
6996.14105233
6997.79284795
7000.29546151
7003.25318188
7005.97390492
7008.74127609
7010.3146627
7011.79587516
7012.27175862
7012.58192377
7011.68609557
7010.69341656
7010.09012717
7008.71090218
7007.6263766
7006.53971132
7005.67917067
7005.26360987
7005.73078819
7006.55162949
7005.79854752
7003.99380205
7001.82321755
6998.99056827
7000.2531067
7005.82582689
7012.16961084
7017.7547789
7021.17256154
7023.87206884
7026.22428346
7028.13135094
7027.76544222
7025.29985165
7017.99467563
7011.01773018
7004.4615937
6999.71973026
6994.34522806
6989.43876145
6983.27287883
6976.72031084
6967.76919373
6961.51382029
6958.40367976
6957.34433567
6958.1667103
6959.48802413
6961.29722323
6962.42709362
6965.26930532
6968.69481038
6972.74407482
6977.38324684
6984.78489732
6991.76408701
6997.46303525
7003.8206401
7008.47262939
7010.954306
7012.32234463
7010.71620048
7007.50051794
7000.91418877
6994.44661614
6988.87722747
6983.67884237
6977.54837971
6973.45094078
6968.33718165
6966.07005997
6965.59577257
6966.44071506
6969.69088363
6973.21398525
6977.80823763
6982.13011452
6986.58120946
6990.39696837
6995.71700245
6999.23578984
7000.08486535
7001.52846239
7003.47563348
7004.29256478
7003.68936599
7003.37029358
7001.53999723
6998.47845635
6994.79486367
6990.04060813
6984.47764551
6976.20506257
6969.93036914
6967.8033243
6967.92047782
6967.55021304
6966.1063163
6965.684894
6965.9554016
6965.79946176
6966.19271258
6966.35601939
6966.75822626
6967.94160992
6970.14626923
6972.8563844
6975.36967552
6977.01871115
6977.35421111
6975.68397369
6972.35281036
6967.17522281
6961.25476388
6957.01683691
6953.55386976
6950.84215854
6949.1937014
6949.91877916
6950.49765373
6951.34771894
6951.55885873
6951.22155361
6949.22898197
6947.73957315
6945.40716639
6943.86898369
6941.8822875
6939.27851586
6937.89122694
6937.14981223
6938.71443794
6939.20656775
6939.93681005
6940.44568802
6941.59995232
6942.48684538
6941.28900657
6939.00772249
6935.37172582
6931.253796
6926.94218547
6924.468984
6926.18457319
6927.70664894
6931.83372997
6935.11419578
6939.61382067
6944.56516512
6950.49593918
6955.82996143
6961.12208886
6966.85515373
6972.7040897
6977.13839466
6980.01628421
6982.52817443
6982.01183888
6981.15528489
6976.57764825
6968.11080612
6958.10358582
6944.40593558
6933.90328184
6927.02538266
6921.2095109
6915.60698832
6912.96254854
6912.25959257
6913.60799062
6918.05409526
6922.53019048
6927.90984329
6933.13185564
6939.3959621
6944.0940768
6948.43845882
6953.96092057
6958.63728983
6961.52058786
6962.37151034
6962.33323977
6963.06690419
6963.57134247
6965.19999175
6966.42380659
6964.55600634
6961.87126084
6957.04805415
6951.56000873
6944.06051774
6938.1750606
6935.36653341
6933.92322909
6929.86574042
6925.56333684
6919.32584066
6914.14186887
6911.09400253
6910.03729995
6909.58444434
6908.72707489
6907.74350527
6908.52077904
6910.465678
6913.79633255
6918.25179749
6925.57827986
6931.62804048
6935.54253202
6939.38726393
6943.25581127
6946.17493351
6949.18700352
6951.39638131
6955.48321935
6958.4259061
6961.59720566
6962.46098025
6963.41548627
6963.77485742
6963.38888993
6962.55526622
6961.28730536
6960.99498263
6960.06691264
6960.06691264
6960.4839092
6961.08788162
6960.64101995
6957.94698386
6953.31393122
6949.85725073
6949.78615989
6950.16106649
6952.36892489
6953.63429302
6954.2814357
6954.2814357
6955.07987642
6956.381933
6958.28170322
6959.89778615
6962.52995927
6964.85829573
6966.43592688
6968.05246981
6969.77194809
6970.60978846
6969.08401181
6967.36141111
6963.6463921
6958.37864464
6954.85508301
6954.18703125
6954.19116428
6954.6217587
6954.47220309
6952.77518812
6949.67707031
6946.24152889
6943.50088648
6941.76318246
6940.76710225
6939.74585448
6938.96694284
6939.05303245
6939.18850928
6939.54262529
6940.51991522
6942.86331318
6946.13260658
6949.6082725
6952.71700515
6954.34324291
6955.75710726
6955.13971121
6953.85017916
6953.07502418
6953.7130087
6955.0514819
6956.74237748
6957.90816268
6958.81563723
6958.22304631
6956.93792608
6955.69651974
6954.72952404
6954.42046708
6953.58307276
6952.84905986
6950.69068626
6946.70918812
6942.26074863
6939.45087629
6938.10994278
6936.66106969
6936.22570103
6935.31315255
6934.00011871
6934.56414087
6936.31034792
6941.44399157
6946.67583816
6952.0809373
6954.6224696
6954.90548781
6954.42838465
6954.19482336
6955.82472719
6957.82556489
6960.40723564
6960.40723564
6959.06646243
6957.19350461
6956.13928324
6954.77965005
6953.85070886
6954.5745948
6954.46097492
6955.44831514
6957.34670536
6958.70562764
6958.70562764
6958.70562764
6956.38989238
6952.89671163
6948.83804509
6943.69122175
6939.82631258
6937.30242056
6938.10031764
6940.80755433
6944.75269159
6947.23523245
6948.07565161
6947.24461365
6945.83296567
6945.49313752
6946.19106834
6947.01529691
6947.87784483
6947.3426284
6945.9978058
6946.90459035
6947.5466591
6948.17846847
6947.99055169
6945.35571614
6941.015272
6936.66024726
6932.16050388
6932.90458799
6937.36237383
6941.84039966
6945.62634921
6948.54455841
6952.71744424
6956.75306202
6959.89774433
6963.13004261
6968.78793938
6974.1203098
6979.70129604
6984.98974348
6990.35082903
6994.79804185
6997.11284317
6998.62120257
6998.22473176
6996.40617934
6995.34983221
6994.87548905
6994.61530355
6993.15939804
6991.97804255
6988.36416768
6983.16735773
6976.13602082
6970.85848094
6970.45933377
6971.57115962
6975.16053604
6978.67549707
6980.59136727
6982.45317359
6983.69499114
6983.67425631
6982.01410403
6980.91041877
6978.93883983
6977.60393511
6976.31787397
6976.17969986
6976.83172133
6977.60713419
6979.20715896
6979.92889824
6981.96058378
6983.64969512
6985.0500313
6987.29687814
6990.05768387
6992.2082305
6994.06923531
6995.34477918
6996.07881997
6996.45437474
6996.21624134
6996.37075937
6994.48957034
6991.86879963
6988.97039132
6986.98039846
6983.81972071
6981.12647916
6979.85324922
6976.56745857
6972.67878276
6969.57914556
6969.39142393
6969.93625156
6971.80378697
6974.82040819
6978.28713897
6981.51959756
6985.07791703
6986.98154149
6988.22554752
6990.04560539
6994.06925622
6997.93058993
7003.39544719
7008.82733085
7016.77776775
7022.7188012
7026.95328515
7029.98243091
7031.45003853
7030.96724811
7029.3306255
7025.71164185
7021.50762242
7014.88682813
7009.27323768
7005.4631521
7000.63897662
6993.66657541
6987.90588965
6984.57178511
6981.59982566
6979.98236273
6978.34733618
6977.67281655
6976.56609251
6974.01228658
6972.52048716
6971.54875207
6971.66097802
6973.92377848
6976.36687089
6978.70603825
6979.22582379
6980.66723235
6983.3725454
6985.08217551
6987.44001467
6986.69533117
6983.05159117
6977.37315473
6969.75852447
6961.23584117
6954.94675534
6951.81771998
6951.55885873
6951.41747857
6950.98769263
6948.43829155
6946.45104474
6944.53160606
6943.85215189
6945.79100116
6949.61711703
6957.30924328
6964.50592214
6969.70802906
6975.12250244
6979.48374414
6981.55638358
6982.04067946
6981.06952982
6980.00907755
6979.8710289
6980.89816606
6981.27482204
6981.50720545
6981.43127067
6980.07632112
6980.12519956
6981.36466832
6982.28449315
6984.70362377
6987.03209962
6988.50672572
6989.32124551
6989.38883756
6991.45053459
6994.24883725
6997.23611608
6999.67159758
7000.12280138
6998.96680859
6997.43254285
6993.63594362
6988.50558269
6980.61857694
6973.58843882
6966.77673078
6961.44245763
6954.89508903
6950.85889276
6947.46799221
6945.38240309
6944.41209678
6945.77354906
6948.09052492
6952.18285507
6955.38217975
6958.76942121
6961.80620575
6964.66540259
6968.38099312
6972.75167875
6975.19713388
6975.68789763
6975.07457885
6973.78828771
6971.04676712
6969.41158027
6967.43350558
6964.09222226
6962.98546336
6962.19953324
6962.81646232
6964.20519396
6965.35656584
6967.15808434
6970.25035458
6975.28880621
6979.22734318
6982.62726948
6984.00975628
6984.08451317
6983.6779154
6982.62015342
6983.88945943
6985.04479706
6986.65235606
6987.2074152
6988.09145068
6990.03719298
6992.51291747
6993.25111916
6992.50361293
6988.77196424
6983.60769577
6977.12520801
6970.90797271
6963.03650937
6957.3011445
6953.45465623
6952.01432797
6954.07731439
6956.72992265
6957.6636102
6958.70562764
6958.4243658
6958.11900974
6959.28158888
6959.84025136
6960.50533402
6962.22704957
6963.93444241
6965.84916262
6967.64607416
6969.45102871
6971.71395463
6972.20096869
6972.79720476
6973.20783102
6976.24520101
6979.31847885
6982.81130414
6984.15708855
6982.91497828
6981.29994777
6979.05060578
6977.33391538
6976.0620515
6975.5194681
6974.49658246
6974.74205494
6975.73593273
6977.72807923
6980.07298264
6981.41357463
6979.24817558
6975.48413177
6967.80412582
6961.25847873
6957.68345988
6956.00636428
6954.49880639
6953.18447619
6951.55885873
6951.55885873
6953.42382232
6956.5216474
6962.15183268
6966.31240307
6971.43104098
6975.43842455
6977.66237596
6980.45416892
6981.6935889
6982.57601438
6984.16669976
6983.58438216
6981.82096695
6980.09331322
6977.51654216
6975.59655287
6971.98721527
6969.19921381
6965.12680304
6961.07023437
6957.83285518
6955.3102874
6956.10133328
6957.4547495
6961.70284525
6965.5201584
6966.9892436
6967.45600374
6966.57356432
6965.51235932
6966.02260336
6967.26137515
6968.61666622
6968.95370648
6968.40839794
6967.45778101
6967.72030135
6969.32701005
6970.1136929
6968.77902514
6966.79770955
6963.8635537
6961.50250848
6959.78336475
6958.92059379
6958.70562764
6958.80983845
6959.19884472
6959.08009515
6959.87549011
6960.32191269
6962.23304351
6963.71854233
6963.25992278
6961.80864514
6959.51372835
6957.0356481
6952.04525945
6947.37373413
6943.6545333
6938.69718098
6932.41723938
6928.61256228
6927.64542719
6928.37734918
6932.4748369
6935.94177677
6938.7377167
6940.84337156
6946.04278121
6951.66742559
6958.45725577
6964.93110808
6971.65717954
6977.31093631
6978.87369414
6978.51853268
6974.64597079
6970.73272683
6968.81332996
6966.94990667
6963.51832404
6959.92268885
6955.9600716
6952.85717955
6948.11347611
6943.93517484
6939.62054642
6934.78386732
6927.8495485
6922.54522411
6918.87395384
6916.60683913
6917.75939586
6920.32850026
6924.17533005
6928.26493505
6934.03173322
6938.35690678
6942.03569037
6945.85397231
6953.79445649
6960.75617317
6966.62007306
6969.27082738
6969.36024153
6968.33595498
6965.42930849
6960.33698116
6953.40979233
6947.90672723
6942.37850851
6938.24766386
6934.37934651
6931.55020995
6929.10198088
6927.3720411
6926.03470395
6926.37679027
6930.34959024
6935.84222869
6944.82950455
6953.63175605
6960.96447629
6967.60475783
6973.95499573
6978.39911401
6981.15766852
6983.11999868
6984.19786124
6983.17248742
6982.53899835
6980.92614239
6979.0942221
6977.9609296
6976.33286577
6973.41713081
6965.87349381
6958.84244963
6949.42159632
6941.53337087
6935.2792241
6932.53578684
6933.41003688
6935.68529218
6937.57655938
6939.03573368
6940.05249993
6941.57970537
6942.31282616
6942.60851525
6941.85090298
6942.14009633
6941.97216165
6942.43733967
6943.13120716
6943.62076515
6944.07177379
6944.10504012
6944.65242563
6946.00605095
6948.82684479
6951.41621008
6953.74011382
6956.78991774
6961.2762584
6963.4701356
6963.54984098
6964.38193833
6965.79362813
6966.45177596
6969.4720493
6971.98254558
6973.19876345
6972.99915153
6972.12477604
6968.34256225
6963.29725941
6958.28750897
6952.93097463
6946.89865218
6940.49632979
6935.74314757
6933.80548315
6932.84313623
6933.80312042
6933.97706298
6931.6613765
6930.79719767
6931.38461708
6933.503598
6937.61788964
6942.49246992
6948.80935087
6953.95531694
6958.0597395
6960.74976802
6961.28747961
6960.82852552
6957.40982985
6953.13867139
6948.20300875
6944.08604075
6940.21131129
6936.46186201
6931.9483744
6928.56053354
6926.71534994
6926.25742736
6926.34076395
6928.03386892
6931.920412
6936.82459952
6943.11619444
6949.02928641
6954.9044772
6959.63178096
6965.89555288
6970.51180159
6973.38308387
6976.75639292
6979.77397597
6981.16688245
6981.32833532
6981.50220121
6981.10945918
6981.404521
6980.40531837
6979.33882337
6974.22376091
6968.66776101
6961.92784775
6955.27166835
6949.34775942
6945.59873529
6944.07177379
6944.53431727
6945.57496168
6945.91418346
6946.97131816
6946.45402777
6946.59603521
6946.93654638
6948.48336453
6949.98117182
6953.01106334
6956.30689034
6960.03283086
6964.17645096
6968.47067909
6971.85684025
6974.42330314
6977.44186194
6979.35499305
6979.88686404
6976.85154313
6972.38484305
6966.11385054
6961.5809384
6959.90021857
6958.91775713
6957.30968934
6956.01849851
6952.76306086
6948.55391173
6941.56464387
6935.85821019
6932.25217622
6929.98799575
6927.94939628
6926.41423145
6926.79990621
6927.7639398
6931.25424206
6934.48095065
6937.34952869
6939.4108633
6937.95877718
6936.26174827
6933.60572486
6932.24752046
6931.86107206
6933.12890746
6936.16872382
6939.91997128
6944.14811978
6947.85161092
6950.97025447
6952.8371626
6955.10062519
6956.8343286
6957.76380646
6956.88403643
6955.93708556
6955.17941056
6957.10191591
6958.48572695
6958.85129416
6958.60323593
6955.0247392
6951.68870405
6944.74692069
6938.80977633
6934.58498722
6930.97017144
6926.36225847
6921.92175746
6919.56858102
6919.69053666
6924.16818612
6930.15521256
6932.95258824
6934.32490627
6932.92231888
6930.46229013
6928.23467266
6927.61324116
6929.1690293
6931.8735966
6934.66182108
6936.64584788
6939.72467359
6942.18049265
6943.23613584
6943.48299529
6938.5910326
6931.76417943
6924.20023275
6918.37690343
6913.2057489
6910.35380751
6907.96110596
6906.22419649
6903.28923912
6900.81741765
6898.42900943
6897.32165115
6898.00783804
6899.42182087
6901.61684806
6904.58643085
6909.30691825
6913.82462252
6918.78192605
6924.24048271
6930.34215358
6933.57803428
6935.95297706
6938.33103529
6940.67639173
6943.10855566
6943.09678386
6940.3152224
6936.88752885
6931.80754484
6928.93100045
6924.61521507
6922.25653955
6919.14926356
6916.58779794
6912.68028306
6908.65444375
6906.95073788
6905.77803178
6909.19233655
6912.84548562
6917.25256697
6921.40137252
6924.22921272
6925.65767857
6924.33309595
6924.64000625
6926.01228943
6927.10996681
6929.07996363
6930.76841285
6932.67069216
6934.6429611
6937.98809169
6942.56945014
6950.10312746
6956.46511625
6960.06091174
6961.63799229
6961.70791919
6961.05607893
6960.27108274
6958.9860113
6955.06062614
6951.36515013
6947.19176946
6943.15203956
6937.35150112
6933.64981512
6929.55425104
6926.96548514
6925.35577251
6924.39655498
6926.00014823
6929.17719081
6931.07222164
6931.3649068
6929.26662587
6926.84813647
6924.8706333
6923.65244997
6923.87576581
6925.44747272
6928.02217378
6929.35787305
6928.03807861
6925.9342986
6922.38924244
6919.36816062
6916.72336538
6914.8065473
6912.30796919
6909.6992421
6909.6992421
6909.35817335
6908.95924921
6909.35892608
6909.27891404
6909.24810801
6909.13384691
6908.3379571
6908.09353704
6907.08528775
6905.92532921
6904.67799864
6902.13788118
6900.14896862
6898.66588829
6898.54594689
6899.48688989
6901.69160496
6905.35304796
6907.60250147
6910.21452522
6912.81412202
6915.96270735
6917.78394311
6919.83075985
6920.70990958
6921.51276908
6922.20127687
6921.43263158
6922.02366826
6925.31255346
6927.47918614
6929.93761883
6929.31523249
6926.73675385
6923.40674749
6921.6748771
6921.79677697
6924.49976912
6926.18828107
6926.86870402
6925.37519006
6922.60701041
6921.48306426
6922.53652593
6922.92169191
6923.39183932
6922.35504217
6920.64044965
6919.78165141
6919.57023981
6922.863725
6926.28187704
6929.66235093
6932.85047532
6933.92145182
6934.0035478
6933.78085226
6934.23273908
6935.90404287
6936.20690378
6936.92501185
6936.8891737
6935.4368994
6934.26841693
6931.65465772
6929.79005656
6929.98789121
6929.12617268
6926.02358032
6922.11582847
6917.73616588
6914.87669026
6911.28679809
6908.98368494
6908.3379571
6908.44481639
6911.24764237
6915.46706482
6922.08647911
6929.90280523
6940.679089
6950.38644535
6958.92954984
6965.33628404
6972.28105043
6977.05229808
6981.27820234
6982.86849045
6980.37253991
6976.20037197
6968.73209125
6961.44054794
6953.00955091
6946.26181069
6939.58203889
6932.14018027
6919.5232641
6908.64194013
6900.91164786
6896.07221573
6894.86726784
6895.25034989
6896.93353002
6898.03430892
6901.58694809
6905.45197574
6910.72427441
6916.3491
6922.26507045
6926.63069608
6928.50427421
6928.51651298
6927.20177157
6926.12547022
6926.44723293
6925.8162878
6926.18170865
6926.32685244
6925.94330343
6926.06470149
6927.1599604
6927.63447083
6926.40190207
6924.17342733
6921.51899301
6919.01350097
6917.19908157
6915.35819129
6915.59640136
6916.56069979
6918.93763589
6920.42142017
6921.27019599
6921.2109118
6921.22855209
6922.72927271
6924.04861412
6926.59101067
6926.13633597
6925.32442981
6923.67451601
6924.78808429
6927.44171709
6928.96463617
6928.68232888
6926.78457987
6925.27111865
6925.14034636
6926.45044596
6928.01827075
6929.20543199
6929.57402405
6929.84639953
6930.9456451
6932.13900239
6934.89839327
6937.05746384
6938.62661984
6938.7384764
6937.43571588
6934.95183685
6931.61051171
6928.52583146
6923.78259499
6920.41984502
6918.31956379
6915.23160778
6908.77708242
6902.67012156
6897.6253066
6895.85075383
6894.83039121
6894.12667555
6894.63866201
6895.34275404
6900.01499724
6904.7185692
6911.2855784
6917.11729226
6924.50224336
6929.046997
6930.89074485
6931.38686829
6932.26553014
6932.73759422
6931.87812689
6930.38572111
6924.89774539
6918.7949524
6913.16075955
6904.93639293
6898.10829915
6893.85618885
6890.7266238
6889.02090369
6888.62647499
6890.58240001
6894.68643924
6901.73264946
6908.1619097
6912.9590149
6914.61773143
6917.43972406
6918.97102071
6920.93477966
6922.29116497
6921.61406655
6920.54665853
6919.83646106
6919.34982336
6919.71213573
6921.00855382
6921.79918849
6920.82260249
6917.67993443
6914.18599398
6910.6887499
6907.42270438
6904.4853355
6902.92833463
6903.15066774
6902.77590054
6901.97955073
6901.27148599
6902.0434837
6902.67191974
6903.90924183
6905.27505713
6905.09674458
6904.59441812
6906.80199773
6910.04408145
6912.54381653
6914.65458715
6916.76202625
6917.47281615
6917.28211846
6916.76476534
6915.48471904
6915.54299262
6915.72601668
6916.0026855
6916.85336404
6916.99820117
6915.75623726
6915.46417937
6916.53292557
6917.38755593
6919.05130457
6922.00577707
6923.71139961
6925.38651581
6929.0547682
6931.82421634
6932.81559202
6931.97206438
6929.33580701
6926.2033356
6923.89854275
6922.65301733
6921.15081217
6918.68941039
6916.28284613
6914.04453715
6912.5260717
6912.3699367
6912.80504051
6913.19044346
6913.44278806
6914.32285081
6915.87284714
6919.2196644
6923.93890423
6930.52655067
6935.19075782
6939.77943445
6945.00219953
6948.85015841
6950.99706687
6951.85893873
6952.57982771
6952.52962503
6950.61908664
6948.47686181
6943.44532411
6939.16714021
6935.46355846
6929.73735873
6922.21363413
6915.06242553
6908.87248354
6905.06224462
6904.06929379
6905.27505713
6905.59578833
6906.75177414
6907.11893044
6907.31698812
6907.57221817
6909.1719293
6914.05852532
6919.13799357
6924.85976755
6932.20567444
6940.93533662
6947.99410623
6951.4458452
6953.04647633
6953.26047369
6953.08586902
6951.54485662
6947.25945909
6942.95847036
6938.81091239
6934.1854358
6931.15350913
6930.17218375
6931.1395349
6931.68072436
6934.20895153
6936.27052311
6936.88980097
6938.39640401
6939.8678589
6940.70274413
6940.68096385
6939.0630688
6936.7978847
6935.01344891
6933.0837369
6931.45679519
6929.33157641
6927.09914985
6925.0750543
6925.08452611
6927.87510635
6930.11910956
6932.11515908
6932.06549307
6930.73353652
6927.9490687
6926.56818493
6922.40895273
6918.72661459
6915.4013267
6912.48101962
6906.9580003
6902.51106626
6896.97050423
6891.88923779
6886.0989657
6880.78597102
6877.71484681
6875.97890613
6874.79064368
6875.25524321
6877.74628012
6880.48780768
6882.53389957
6883.60054093
6885.03678495
6890.67663719
6896.48582501
6902.44714723
6907.65152627
6912.54350986
6916.59483036
6918.95926981
6920.8037913
6921.27019599
6921.27019599
6921.49808394
6922.62884645
6923.17184105
6922.86620621
6921.28690233
6918.99258493
6917.68136321
6916.55036374
6916.84601102
6915.24800049
6909.45523326
6905.13243637
6902.45622874
6902.85146592
6903.90827305
6903.69781629
6904.15158492
6904.97471228
6906.79164077
6910.82579492
6916.55549343
6923.82300525
6930.4875901
6935.63791222
6940.33625692
6943.22055161
6944.60640477
6946.11371175
6946.23363224
6948.20677935
6950.83026127
6953.41497081
6955.26686623
6952.8188602
6950.30543665
6948.87783505
6948.67738676
6949.46836991
6948.02167136
6946.7324878
6943.19688254
6940.18273556
6937.98480897
6936.25116131
6932.92020009
6929.97624486
6928.67383979
6928.41695793
6929.28602252
6930.41261018
6930.30074665
6930.67513052
6929.86155164
6928.7596088
6926.95727484
6927.36340565
6928.47943423
6930.39303929
6930.32925268
6930.79921191
6930.9621772
6933.555564
6935.55502867
6937.06501201
6936.98253967
6933.37605964
6928.00346713
6920.61569331
6914.77152461
6912.05608459
6911.18492213
6912.44831087
6914.12638919
6916.02322517
6915.594185
6914.09907498
6913.24115492
6912.31538494
6911.40263434
6910.3541769
6909.58002556
6907.88428604
6909.63290459
6912.99567547
6918.89496048
6925.13171091
6933.63246756
6940.19746948
6944.1424813
6948.26154718
6951.91390868
6953.9662942
6955.94838343
6955.33991555
6953.08158963
6949.14481599
6945.57844653
6941.24470722
6937.47939493
6935.75898968
6933.73607201
6930.11113624
6925.57786865
6919.08006151
6914.83793181
6911.91082232
6910.26745305
6910.48744434
6914.63020717
6918.38734402
6924.52337546
6930.93022117
6938.55574506
6945.49591146
6951.05179984
6955.08388399
6958.62176136
6960.56941335
6961.9431741
6963.42129899
6964.87668177
6964.49110458
6964.29817659
6963.04038452
6961.71701463
6958.88248353
6954.04282837
6947.57793907
6941.73821703
6937.41457681
6935.45069241
6936.35151787
6938.21673934
6940.93102936
6943.55476219
6946.56172342
6948.85966506
6951.06943316
6952.70888546
6954.651352
6956.17579744
6957.10853015
6956.80619894
6955.79293843
6952.58007862
6949.74599357
6948.83628175
6948.75875789
6947.89712997
6947.01393085
6946.35325999
6945.98329491
6948.09503431
6951.43518158
6952.92873736
6953.52128646
6954.6217587
6956.24343132
6958.98571857
6963.29453427
6967.67295625
6972.45977419
6975.08187611
6974.94278201
6972.46035267
6965.98363582
6959.58469373
6954.03114716
6948.5463775
6944.67980955
6942.3720267
6940.36579447
6936.78072532
6933.405179
6932.16050388
6932.2764168
6933.21768737
6934.33623898
6935.40451125
6936.27635674
6938.87122111
6941.76079186
6944.03357989
6943.82986282
6942.40594121
6942.90728496
6942.81100566
6944.56561815
6945.66854371
6944.50131579
6943.4933871
6942.17573932
6940.80740796
6938.60610804
6933.35837056
6929.03390095
6925.32659738
6921.13775097
6917.33279508
6915.35660917
6913.78311105
6913.78311105
6913.9253206
6914.08113499
6913.33799877
6911.46628852
6909.18802928
6907.48503432
6906.83608648
6907.84194517
6908.72880338
6910.1978607
6912.96082005
6917.44270709
6921.68936011
6926.2759528
6930.64718903
6936.29658975
6940.03901358
6940.23286157
6937.55809667
6933.37718873
6927.41810378
6923.40100446
6919.63788762
6918.12229368
6917.18632704
6917.30217723
6918.67435585
6920.47676648
6921.58514931
6918.46586455
6914.79416216
6912.67526488
6910.61763815
6909.97979303
6909.47116597
6911.28608718
6912.53315291
6913.30154729
6913.10246506
6912.8383626
6911.71420736
6908.83141812
6905.49880509
6902.63433917
6899.61558522
6897.10732621
6897.53844335
6900.47543587
6906.30164368
6910.9038415
6912.84808532
6914.00298386
6914.37140167
6915.30586983
6916.65277636
6919.68075818
6922.85000865
6928.56123748
6931.11074312
6932.08678547
6931.44623611
6930.89017334
6929.88084374
6929.29203736
6929.09760392
6928.81029936
6926.79318046
6924.6083778
6922.36205368
6921.05554347
6922.09747728
6924.68029803
6929.38444848
6934.81852759
6940.60413696
6945.74164182
6951.03353925
6957.64186477
6962.19302355
6965.30455801
6965.95906766
6965.2362899
6963.59562487
6961.10346585
6959.47931202
6954.741491
6949.16396173
6943.39063993
6933.86616127
6925.16014725
6917.14501769
6911.16132973
6905.60628468
6902.30364829
6899.74837175
6899.60745159
6902.00818919
6905.58909743
6911.16770003
6922.09894092
6932.74875269
6941.3410144
6946.61653306
6952.06188913
6956.48774683
6958.43916942
6960.08308232
6962.35387702
6964.9092581
6967.7934831
6969.90138917
6970.97088113
6970.81062705
6969.02440702
6970.50299887
6972.56908681
6975.29581075
6978.64925618
6982.98054215
6985.02112102
6984.79993094
6979.72706298
6974.32119021
6966.17338563
6959.41629905
6954.01694294
6951.17841123
6950.87821971
6950.63255905
6951.09264919
6952.53662957
6954.85800331
6959.26807466
6962.97788034
6965.51206659
6965.74067939
6965.33675101
6964.06039168
6963.74540351
6963.61199667
6962.0977688
6961.29978808
6960.53689278
6959.52358349
6958.58610443
6957.10139319
6955.85265474
6954.81683335
6954.36601289
6952.44018997
6949.28600797
6946.07302967
6944.95323049
6944.41209678
6945.24609686
6946.49132258
6946.96680877
6947.35339657
6946.8380786
6946.33814274
6944.96567835
6942.25515197
6940.9408845
6940.14008803
6940.6685578
6941.66673589
6943.05081178
6943.41920172
6944.03408171
6943.3839769
6943.05081178
6943.15723895
6944.34827533
6945.83832536
6946.7859035
6947.93455023
6947.5694709
6946.63107184
6944.59145479
6937.89657269
6931.57626265
6926.14612141
6919.4759399
6910.19992372
6902.50413142
6896.99594359
6896.36973089
6897.48713947
6901.08448223
6904.31028476
6907.17906493
6909.29730008
6912.65534551
6916.12404871
6923.46564137
6930.17201648
6937.4735613
6945.6593019
6952.8031993
6957.32505054
6960.62588875
6963.58058428
6964.99788468
6963.53786008
6962.16342327
6961.0938198
6961.29842202
6960.85372792
6961.22460603
6961.42820462
6961.2611063
6960.74755863
6961.04177015
6961.37204285
6960.58816879
6957.53777942
6954.33159656
6949.43529176
6945.99313611
6943.98292418
6943.6281112
6945.74903666
6949.13128085
6951.94557198
6953.12259232
6951.70623979
6946.65892272
6941.68201345
6938.26579202
6934.5230894
6931.47563427
6930.30395271
6931.55588328
6935.07018916
6939.41773541
6944.72539829
6947.62431539
6950.78552283
6953.02956089
6953.79891012
6953.75548199
6952.87695953
6952.01195131
6951.2185427
6949.7879511
6947.33673204
6943.56437339
6938.27976625
6933.06148965
6929.69705301
6927.41486287
6926.17470411
6926.58121825
6927.8077443
6926.05929302
6924.33853231
6925.06316401
6928.1000531
6936.9007852
6946.13436294
6954.11631678
6962.39728425
6972.41123727
6979.66509547
6983.11495263
6985.38532217
6985.50335387
6983.91908061
6980.42548168
6974.83659878
6969.90316644
6962.99382002
6955.28764985
6948.62029106
6945.30685165
6942.68838093
6940.37983142
6939.98791181
6940.08481838
6940.32823481
6940.28997121
6939.49863261
6939.08054181
6941.16167034
6944.2086585
6948.64538194
6955.78542511
6961.22350482
6964.65311503
6967.87310484
6971.46422367
6973.01676394
6976.30516125
6980.05208054
6982.18785143
6981.83992451
6979.715563
6974.32231233
6968.15316789
6961.42833007
6953.54058553
6946.33574516
6941.55497691
6939.21205986
6937.86875666
6937.3867329
6938.55475537
6939.93071157
6941.00888079
6940.87566214
6940.22019067
6940.95799509
6942.48830901
6944.18968004
6948.44144185
6951.95535045
6955.75457726
6960.2304843
6963.75794198
6965.1717436
6964.99467863
6965.11145578
6966.18651652
6965.78630299
6964.9732538
6962.84133714
6961.07434649
6958.18770998
6956.31685003
6953.89241549
6951.55885873
6951.45063338
6951.2185427
6951.46055822
6953.70857597
6957.83606124
6962.84972168
6965.44309454
6966.96951938
6966.35934393
6963.94043635
6961.44939247
6957.44630223
6955.24635443
6952.90414829
6949.31369158
6944.66285229
6940.13371773
6935.93583162
6932.92934433
6930.81375069
6931.64340864
6934.64385322
6942.8866477
6952.26667257
6961.17320457
6972.45553662
6980.69223262
6984.75404947
6987.52655731
6991.05791802
6993.52128525
6993.70889537
6990.77231406
6987.23297305
6980.43925379
6974.20290063
6968.53267448
6964.21845728
6959.98055819
6953.20931617
6946.30024853
6939.69531726
6933.52900949
6926.82372164
6922.72987907
6921.5063709
6923.17405045
6926.49183198
6931.92713775
6940.79002556
6948.95421588
6958.38493827
6965.87824017
6973.90151032
6980.56341184
6984.00386689
6985.75579605
6986.54585223
6984.69614529
6982.99278093
6979.46213113
6976.59556036
6972.81624596
6966.97690028
6960.71273109
6953.90768608
6947.31318146
6940.53243278
6935.73906334
6932.57414105
6931.40744979
6931.88242022
6933.17129015
6935.10229155
6934.8767942
6933.39419477
6933.26798762
6936.82621649
6941.15433125
6946.19695773
6953.47202469
6959.20271987
6963.55922915
6966.29502763
6970.42599774
6972.99915153
6972.99915153
6971.16632518
6967.93721902
6962.87739135
6957.16943827
6950.61132937
6945.47542057
6942.61834252
6936.45040384
6931.79605879
6927.61776449
6922.96805429
6920.59878484
6921.20663241
6922.62329857
6925.00703013
6927.53966214
6928.7996427
6930.68847748
6932.25340288
6933.52178889
6933.0513139
6930.54913247
6928.06169889
6925.85654473
6923.99328872
6922.64036734
6919.11660359
6915.4765436
6913.05981056
6911.53033997
6910.27367001
6908.50667239
6907.21701489
6906.44174142
6905.56174836
6904.90815174
6904.83775787
6906.33236608
6909.72902359
6912.7983287
6915.6336892
6920.55539852
6924.20192639
6925.78605329
6923.99880174
6920.50160645
6918.43751185
6916.38514027
6914.18174944
6912.19683748
6910.653316
6910.64262449
6912.3239019
6915.33181799
6919.84725711
6923.35110845
6924.88319965
6925.69438793
6925.97858401
6926.32423881
6926.42678386
6928.45233608
6930.08966262
6930.35885993
6931.67650073
6930.77361921
6928.08728462
6926.06245725
6923.83300676
6922.35144581
6919.54178256
6913.85508007
6908.67434919
6902.89202952
6896.80265318
6891.78271305
6889.02737156
6888.66676677
6891.96522135
6894.99881377
6900.17674284
6905.85435686
6910.87403911
6913.57293308
6915.85149201
6918.36232283
6920.21731977
6922.35178733
6926.20132833
6930.03649086
6934.75860219
6937.78422826
6940.39224444
6941.2711572
6939.9498364
6935.15491968
6931.10976039
6928.69596856
6925.53607142
6923.35535996
6923.83860342
6925.49088692
6927.39599592
6927.47476736
6927.26332787
6924.7540025
6922.44290209
6921.50363878
6920.15919255
6918.45769607
6917.48942492
6915.98710824
6915.04496645
6913.70250658
6913.32318121
6913.11015263
6914.98635833
6917.72992801
6920.85192398
6924.08634105
6927.19910218
6930.38824414
6933.84169766
6938.01769197
6941.42496432
6943.39113477
6943.25286309
6941.93015533
6938.61925985
6935.82015568
6933.02098878
6929.27330283
6924.9676235
6921.17160972
6917.78424281
6914.03370625
6911.71056918
6910.49506222
6910.42970743
6909.92119885
6909.46345052
6909.6992421
6909.86911436
6911.33934258
6915.55852806
6921.65131257
6927.83824366
6934.46947157
6940.0253739
6945.27396865
6950.04241449
6954.41533739
6957.05498202
6956.65216182
6953.7631138
6951.89918172
6952.07353549
6955.19776176
6959.86067255
6963.60791244
6966.99488208
6966.1474305
6963.14670017
6959.11705541
6955.20726841
6952.31062343
6949.8742289
6946.33131941
6943.25190825
6941.02415835
6939.21064502
6939.67410849
6941.16206761
6943.9533727
6947.49693734
6950.14021318
6951.6619265
6952.17201721
6952.53841381
6952.23950471
6951.85343268
6951.29235869
6952.5639159
6954.08275772
6954.99207226
6957.14496769
6959.49245686
6961.54997904
6963.07457085
6962.68732093
6961.49834061
6959.90498584
6957.78553099
6953.50444072
6950.44076015
6948.36655253
6943.72476687
6939.91062492
6935.14309908
6931.0403144
6926.03638364
6922.06600216
6919.79685928
6916.23043406
6914.59229903
6913.19587285
6915.25556261
6918.42389308
6921.67690528
6925.2130681
6927.37533079
6926.21220104
6923.42049171
6921.03142138
6920.72778683
6924.23864968
6930.93337844
6937.28637633
6942.84823077
6948.41067066
6952.84094017
6955.64994827
6956.53882072
6956.23709587
6954.00945052
6950.25440458
6947.13194164
6944.76517431
6943.17179863
6939.5953719
6934.47297036
6928.63395226
6921.48803365
6916.81937983
6914.30851416
6916.0945948
6918.42261762
6921.59494172
6923.8970373
6924.34490261
6925.33144132
6928.77253757
6935.46279179
6942.74945633
6949.0888215
6953.560714
6955.21625234
6956.56412766
6957.26318757
6958.78259393
6959.84199378
6959.42232783
6956.38633087
6951.52326452
6943.97079692
6938.14438699
6932.84408411
6928.29298805
6923.51078405
6918.35168709
6913.27718822
6908.19224179
6904.33471353
6902.89280315
6904.7829552
6908.34577012
6915.57322714
6927.86527909
6939.25074164
6947.97068807
6957.54898668
6964.6748744
6968.95340679
6971.33129077
6973.34345422
6974.3604435
6974.24970907
6973.02144757
6971.06948134
6967.19477279
6961.9399541
6957.12589862
6952.53501957
6947.33988234
6943.3555336
6942.69295305
6941.94381592
6942.4182706
6943.21418828
6945.31170952
6948.29480654
6953.12131686
6957.71250257
6962.89672527
6965.93321011
6964.28270388
6961.99376708
6960.68679687
6962.52263413
6964.84414726
6966.78050835
6966.19271258
6965.66208917
6964.6132484
6962.33873886
6959.29975887
6956.19410682
6953.95763784
6950.67284386
6948.58407655
6950.91614876
6953.76553228
6956.68050058
6959.45272962
6963.79284619
6968.97697131
6972.79739991
6975.99813247
6978.5228957
6979.22787985
6980.10731533
6980.14950286
6978.82601449
6976.45898231
6974.93547778
6973.64622452
6972.63247614
6968.59118503
6964.90836598
6960.52644521
6955.12129729
6950.44000742
6948.08020281
6948.40216764
6949.52387652
6950.19757373
6950.31018301
6950.2492261
6949.73422176
6949.28429343
6950.07987657
6950.93247178
6952.03971855
6957.09301562
6962.60863313
6969.16173779
6974.31829082
6977.38441775
6977.08302048
6975.65852039
6972.93958159
6967.70050047
6960.25659973
6953.21977767
6946.92215397
6941.27415416
6936.09264965
6931.67031862
6926.8751022
6923.3073388
6923.25051492
6924.9007563
6927.77659675
6930.500951
6932.92610342
6936.67454907
6939.7051724
6940.51367735
6942.10658606
6942.71048879
6943.1140199
6944.88739479
6946.2486798
6948.00371046
6951.39238071
6953.29893941
6953.60079669
6953.34160088
6953.01535667
6953.94111968
6954.19386852
6954.47250278
6952.41367727
6952.6380525
6954.01267052
6955.77346512
6958.42343186
6960.56892548
6966.3243282
6971.47184154
6975.72884456
6976.88679582
6978.67124555
6978.44430548
6978.63770741
6980.01589391
6981.73813915
6982.46853479
6981.65375712
6977.3969841
6972.7249012
6970.67645355
6968.97952919
6968.37476918
6966.9128558
6964.97191562
6962.8136605
6960.35978599
6958.4534085
6956.72155205
6953.96600147
6949.75224538
6945.66699644
6944.30021235
6943.95113543
6945.5554117
6947.66609171
6952.09236759
6955.61116892
6959.97383243
6963.62868908
6967.08235169
6970.5189734
6972.02849674
6973.32336757
6972.84374138
6971.36142074
6969.66412699
6971.86167721
6976.65359697
6984.33665565
6990.60516695
6996.06014817
6999.89637009
7002.20080748
7003.62761454
7004.30878325
7004.37436803
7004.31541143
7002.33359401
7000.0012221
6997.28392815
6996.10976539
6994.76108856
6992.75627117
6990.22437097
6987.0050851
6982.73004453
6978.19099907
6975.16370027
6974.22737121
6974.14724765
6973.18387619
6972.31850554
6971.90707777
6971.24812843
6970.65646448
6970.20811129
6970.66397084
6970.85861337
6970.61689755
6970.5722079
6970.76208316
6975.05298675
6980.27325668
6984.98274591
6989.98022273
6992.17834447
6993.17234772
6993.02347514
6992.09040789
6988.83880357
6982.82047625
6976.30338398
6971.09972282
6963.10656173
6956.75973201
6953.53498887
6948.34305073
6944.55291937
6942.08385093
6941.09864343
6942.65671066
6946.58533673
6953.30599274
6959.29064251
6962.73438028
6967.54692335
6971.19251728
6974.11520799
6977.40802409
6980.85496095
6981.33970986
6982.85735985
6984.45985189
6982.95124855
6980.80367797
6978.3102644
6976.40126631
6976.76212201
6979.3079128
6981.50720545
6979.87899526
6976.85144556
6973.17310105
6968.49024301
6964.50109215
6959.73083419
6956.30978973
6953.86531733
6952.75112178
6951.9895786
6951.53346815
6950.96492266
6951.07272982
6952.73291695
6955.46855512
6960.02760359
6963.65148694
6966.61681822
6969.9180537
6971.61147928
6971.72408856
6973.87842671
6975.5161575
6977.34023689
6979.23723317
6981.25021207
6982.44670572
6984.21956486
6985.93139042
6985.8444505
6984.57658723
6982.71926242
6980.55329882
6977.12898558
6974.17444339
6971.5217027
6968.87166626
6968.33184286
6969.79239019
6973.22778524
6976.53820678
6977.85416092
6978.36282283
6979.03369731
6982.08322245
6987.30577844
6991.9789277
6994.19199246
6995.75096575
6998.11810944
7001.16694457
7005.47816481
7008.43412882
7008.54171296
7005.65536221
7001.22801997
6994.83084121
6986.26557311
6978.95972799
6975.1295697
6972.05495369
6969.20950805
6965.87009957
6961.28486597
6957.61830721
6955.5064772
6957.91297177
6961.60190323
6967.54247668
6973.39979022
6977.81625277
6979.91123007
6980.14592044
6980.08703353
6980.34344146
6981.93299078
6982.52817443
6982.63773795
6983.72877322
6984.97507228
6985.2507514
6984.09199862
6981.9875983
6978.32835075
6975.37012158
6973.52569767
6971.29060869
6970.59410666
6969.6696191
6970.4079323
6971.37210528
6973.57006672
6975.92216982
6978.83655963
6980.12568743
6981.28927021
6981.44051248
6980.48623647
6978.8653793
6975.79113965
6972.3127207
6969.77394839
6967.11775074
6965.11577699
6959.91102159
6956.1385793
6953.78435044
6949.97929697
6947.26609423
6945.19551085
6942.39144426
6940.28154485
6939.98791181
6942.16959903
6946.10265782
6951.50366575
6960.29800666
6968.39987401
6974.25197422
6980.86910942
6985.55665806
6987.2807921
6987.39908865
6986.0184976
6981.51886574
6977.40584258
6973.92322788
6969.10025816
6965.45536816
6963.24416432
6961.13662764
6958.47326515
6952.58132619
6944.11063678
6936.52348104
6930.63223208
6928.34269588
6927.36001141
6930.81515856
6934.27124662
6938.65834587
6942.71783484
6947.94439143
6952.16177873
6954.7243595
6958.96427981
6963.00136819
6967.31771812
6973.12082141
6978.04619679
6979.78487656
6978.36271132
6974.50483457
6969.17726626
6962.28806224
6955.97408765
6948.45384092
6941.60489383
6937.05181142
6930.41298654
6923.89307852
6921.30937958
6919.84288014
6921.15631125
6924.85065816
6929.55248073
6933.38208145
6935.95309555
6940.29894817
6944.65090624
6950.18750252
6956.82850194
6961.86677236
6962.44916663
6961.20506999
6959.27299526
6958.49198573
6957.74115497
6957.47202039
6957.35438596
6955.96798917
6952.56607651
6950.2861097
6948.43507852
6946.71677812
6945.48418147
6943.62029818
6941.77749821
6941.38640102
6942.18955325
6944.36462623
6948.7197346
6953.20824284
6955.59202318
6956.05406484
6955.8923053
6957.34433567
6959.42735995
6962.91625434
6965.82094234
6967.92876478
6968.5162051
6964.82612364
6960.6540463
6955.09207338
6950.11329623
6946.68522633
6944.83409757
6945.58962591
6946.65774484
6949.99017666
6956.87885098
6963.2630243
6968.02024196
6973.63892028
6978.40367916
6983.51553556
6989.9422658
6995.18946661
6997.48733856
6997.89639663
6997.29999329
6994.30558447
6989.9435761
6986.53378769
6981.36263317
6976.464342
6971.31125988
6966.34578091
6962.96415702
6961.33663683
6960.82522886
6960.36306174
6960.85779125
6965.6567016
6970.97230992
6977.88406786
6984.2804451
6989.42577692
6994.76223855
6998.88879685
7001.15393913
7003.88214762
7005.06463219
7006.76258807
7010.05161963
7013.56060764
7014.45025372
7014.41406012
7012.80841778
7009.34965336
7002.46125086
6995.15482725
6988.63516317
6983.60495668
6980.36890871
6978.33097832
6978.09649007
6977.91421177
6979.76606537
6982.27612256
6983.97241965
6984.99740317
6984.42777737
6982.74156542
6980.04543145
6977.66751959
6976.57420523
6974.13231161
6972.07962639
6970.08018263
6965.63489344
6961.19013395
6955.46006604
6951.18658668
6950.05272963
6947.13072194
6944.47620399
6940.87574577
6937.71108136
6936.15579504
6935.56372684
6936.66116029
6938.57107141
6941.17383245
6945.73661667
6948.70171098
6951.25307752
6954.66232926
6956.35801999
6960.43094652
6963.64556967
6966.22876679
6970.84116126
6975.17210572
6976.26025554
6976.60565944
6976.1175372
6973.72906625
6967.04883445
6959.43171601
6951.49039546
6946.02273639
6944.15235735
6944.53622696
6945.06739401
6948.52031086
6949.91146795
6950.58432182
6950.77724284
6948.04521497
6944.23196515
6943.06072965
6942.37482852
6943.6320212
6947.43527649
6950.74377439
6954.53074848
6957.33701053
6958.97183495
6957.7009538
6954.10340891
6950.90618211
6949.07173182
6947.70589561
6945.7847842
6943.72741535
6942.34770945
6941.61113868
6941.84014875
6942.85720773
6945.04164797
6946.79435077
6946.84000223
6947.33600719
6949.8909004
6953.343413
6956.29745338
6958.36530465
6957.99533259
6956.06468665
6954.96208169
6955.30740892
6956.96521938
6958.06594252
6957.77920251
6952.91506283
6947.07755715
6942.09321819
6938.30050108
6936.85399071
6936.82041074
6937.32484205
6938.45439183
6939.34752276
6940.02609875
6940.61614573
6942.56600015
6944.46680188
6944.96619411
6943.71727445
6941.07065316
6940.33891934
6941.15630368
6944.39709801
6948.34944891
6951.63389441
6952.33509401
6952.98483639
6953.71002567
6955.13684667
6960.43710076
6966.22199922
6973.91447395
6981.00142898
6984.14152524
6984.02194626
6982.13843633
6978.15850637
6972.59863132
6967.33012417
6962.32752463
6957.68263745
6954.72624132
6951.98603103
6950.78777404
6949.3447067
6948.19379482
6946.79595379
6943.32360545
6939.70637816
6938.28630382
6939.17117566
6941.02651411
6942.33213917
6944.24005696
6945.9701431
6948.51467238
6951.87696932
6956.12068811
6959.55893376
6961.7285425
6963.26024339
6964.03900867
6964.53276242
6966.15798958
6970.23247036
6973.78684498
6974.79547761
6974.77185036
6974.3604435
6974.2530824
6973.73292746
6973.26765187
6972.16722145
6970.42808168
6966.76284716
6960.62464815
6955.89362954
6955.50394024
6959.31797764
6964.91058932
6971.96813923
6979.64793609
6986.00726246
6994.80018155
7002.48835598
7008.97922828
7017.33053387
7023.98351418
7027.0257769
7030.52153643
7033.33380635
7036.01574306
7037.92258055
7036.09206116
7029.39676786
7021.78039517
7014.36930774
7004.19417367
6994.66861471
6987.35920111
6982.04772581
6978.79812179
6975.09244913
6972.07474761
6969.6867506
6967.41067985
6966.07099391
6965.28872288
6964.84122696
6965.32893102
6967.83200458
6971.88394537
6978.97055192
6988.73676034
6996.7000354
6999.43586176
6999.21044805
6999.66089911
6999.10558209
6999.60275796
6999.95195337
6997.48375614
6994.21235092
6989.66278123
6985.47102845
6983.96059208
6984.46714218
6985.0839249
6987.82218368
6991.16104155
6994.38791741
6996.55475222
6998.20776753
6999.27241556
6999.31034461
6998.82047995
6998.09672643
6996.6801927
6994.41297345
6991.44532127
6988.05338223
6985.31756982
6985.59106742
6985.49308752
6983.54919916
6982.52817443
6982.8400332
6985.71945608
6990.98272203
6996.3945051
7002.4404533
7009.67553516
7015.53203324
7023.33732634
7029.66907365
7030.65200903
7028.36002647
7025.28752924
7021.52043968
7017.78852613
7014.77550824
7010.4232435
7006.67318089
7003.80165467
7002.04762066
7000.77804284
6997.23829759
6993.97538146
6991.36958861
6988.81818026
6988.0663598
6989.57798798
6995.51750204
7002.21014686
7010.89275667
7017.88656179
7022.8836971
7028.27834171
7033.09307325
7034.46610218
7034.79562913
7034.24056302
7030.74944529
7026.30380762
7019.80956896
7013.51765344
7008.46791788
7006.28213249
7004.63163323
7002.19206052
7000.58844637
6997.98868927
6995.48537177
6992.00937131
6989.33461338
6990.65565539
6993.51920131
6997.95190324
7004.42595071
7011.57527053
7016.56489251
7023.53491009
7029.31543158
7032.10309849
7033.25302764
7033.74439078
7034.76900491
7035.70872821
7036.09498843
7034.49384155
7033.03390059
7033.93013302
7034.49544458
7032.78898568
7028.89864412
7024.46445764
7021.20677575
7017.2056649
7013.45904531
7011.89126233
7011.66412711
7014.26122178
7018.53225478
7022.3705258
7024.38495439
7025.03848828
7024.55362785
7025.32329072
7026.06128332
7028.13135094
7029.25584073
7030.92333906
7031.43080219
7031.84807753
7031.4440446
7029.73521601
7027.06725352
7024.63409293
7023.72162111
7024.15311462
7021.25419752
7017.38696048
7014.99575044
7011.436044
7009.34852427
7009.07329121
7008.96550496
7007.45897162
7006.92896154
7005.41493578
7003.54358099
7002.62706675
7005.06507128
7005.45234908
7005.59818287
7004.50695942
7000.96027933
6996.6164967
6989.1929614
6981.77480669
6973.3179103
6963.04067725
6953.72029899
6945.64211464
6939.29209281
6936.84966253
6938.29956017
6941.78196578
6946.88239886
6953.96572268
6960.26044003
6969.64744155
6977.97448565
6982.38795123
6987.36817807
6989.98639788
6993.53493887
6997.5590497
7002.09698698
7006.47675411
7009.19070261
7010.19301373
7009.04787275
7006.3613918
7000.35179751
6993.73914382
6988.16135667
6981.5909393
6976.06516695
6973.15147411
6970.651746
6971.96356711
6975.02761011
6978.5790505
6979.97820879
6981.16688245
6980.80549009
6978.25891172
6975.9624616
6974.66063502
6974.22465303
6975.4183379
6977.88385877
6979.50739926
6980.32078997
6982.2671665
6984.67656743
6985.35885129
6985.54893565
6983.09310962
6977.34411203
6971.50109333
6967.21772398
6963.98623418
6962.71783424
6963.05092269
6964.31651385
6966.32805699
6967.28124573
6966.61926458
6965.28221319
6964.78613156
6964.32786747
6964.83142061
6964.9419111
6966.71725145
6969.33881671
6972.37545488
6976.48412198
6979.46527446
6979.67364728
6980.14231711
6979.12495146
6978.63301681
6978.07296737
6980.98058961
6984.82967758
6989.34269125
6993.95507876
6997.56307121
6997.62149812
6994.92229052
6992.39351274
6986.93517214
6982.07805791
6979.86784375
6977.70853621
6977.19443794
6976.88357583
6975.01415164
6974.02800323
6971.4596864
6968.22583388
6961.82214543
6956.61676276
6952.89798012
6948.5389966
6944.74841917
6941.96282923
6940.58513061
6940.4274344
6943.85566461
6947.46744858
6951.07957406
6955.33923252
6958.70815067
6961.13464824
6963.44066079
6967.85338758
6976.74041143
6985.74408
6991.5326933
6995.74973908
6994.21221153
6988.37469888
6982.43115634
6976.18804955
6970.81605644
6967.61238964
6962.33326765
6957.75136557
6951.42265008
6944.55579785
6939.14616841
6933.49287861
6929.75361902
6925.90169439
6921.89829748
6920.24923398
6922.80076779
6927.68936411
6934.01944566
6939.68634727
6942.24407016
6945.96088736
6949.58898039
6954.73378252
6960.4262838
6962.78948962
6961.42056584
6958.78704756
6956.08365117
6951.24768298
6946.95003273
6942.87539862
6938.72193732
6936.32032851
6935.16460755
6935.19700267
6931.29840202
6926.32642032
6922.01678918
6915.66768038
6910.9162824
6910.01595876
6909.65893639
6913.06958207
6920.08726535
6927.99727805
6936.58438219
6943.90343487
6948.94191438
6952.26930711
6954.77632551
6957.50681308
6959.15448962
6960.16493436
6961.102051
6962.39085123
6964.6737244
6967.16212676
6970.38009536
6974.26398299
6977.36554383
6977.36029565
6975.08998186
6971.8725569
6969.65788911
6968.82869812
6965.76364452
6962.79453567
6959.27604101
6954.83126061
6950.49858767
6945.14367029
6940.09682716
6937.78783159
6936.44442384
6936.09793267
6935.44142969
6935.14270181
6934.44192736
6935.18978207
6937.63198235
6945.1731939
6952.49329901
6959.21960046
6965.18000965
6967.47737281
6967.83685548
6968.82536661
6966.78002048
6963.38460357
6955.92500709
6947.05568626
6939.36466819
6933.55272734
6929.04485033
6926.07920542
6919.64741518
6913.50855405
6908.20289845
6904.21415183
6903.4014581
6904.30318962
6905.04460433
6906.16754685
6907.42633559
6909.96945698
6914.90656235
6920.55679943
6926.25277161
6931.71472948
6935.33590162
6937.25561212
6938.09680492
6937.03355083
6936.55563222
6936.90283429
6938.89984563
6939.37490667
6940.12301229
6941.00888079
6941.49782546
6943.26722763
6943.85480037
6941.58680749
6938.68019585
6935.46675755
6932.8384526
6932.31482676
6934.4693043
6937.6427784
6940.83310521
6942.72007211
6943.05081178
6942.79350477
6942.20940293
6939.59207524
6935.68860975
6930.94676722
6926.03794486
6922.35123672
6923.88631792
6926.48024835
6928.19915512
6931.47398942
6934.94260201
6937.29508148
6938.76541425
6940.18366253
6940.94736631
6941.93528502
6948.00182168
6955.78221905
6963.28732064
6967.58745906
6969.75586205
6970.27657456
6969.81157775
6965.58246743
6961.92722745
6957.23839638
6950.77692921
6945.11328245
6940.08892353
6936.16291109
6934.94354292
6932.70248092
6929.84523559
6925.36334856
6921.46041974
6920.14939317
6919.62714036
6919.38080363
6920.03387056
6920.20157524
6920.75949892
6922.7538339
6927.46636888
6935.59868681
6942.55298076
6949.49970564
6955.31009922
6961.01457442
6968.01656894
6973.94419271
6977.59260936
6979.69484908
6977.88836119
6973.04658724
6968.56771808
6965.1913354
6963.37319419
6962.68255366
6962.36562095
6959.89488676
6954.95451957
6948.62397106
6942.58667225
6938.79971906
6937.20703338
6939.59063948
6942.59072164
6946.6892339
6950.3620375
6952.07068488
6953.28150125
6955.2637926
6959.00574249
6962.14409632
6966.35895362
6971.18962485
6975.4203382
6979.70736664
6983.79882558
6986.62616396
6986.96884271
6983.23747281
6976.32427911
6969.09124635
6963.42963474
6957.95727112
6950.25068973
6942.74613178
6935.43825848
6928.88280504
6925.03940434
6924.70120013
6926.91468307
6929.4403663
6931.27919355
6931.70554343
6933.37332752
6935.17381451
6938.21169329
6941.00888079
6940.92204543
6938.55008568
6934.59714236
6930.53980005
6928.07663494
6928.07663494
6929.47506142
6931.10085313
6928.65248466
6926.56676311
6925.91044135
6926.37502694
6926.81536499
6930.20967371
6933.715149
6934.66043411
6934.66679744
6933.83672827
6936.25779645
6940.92707754
6945.97376037
6949.01777945
6946.94249153
6944.30058174
6942.34612733
6940.67214022
6939.78451535
6939.36519092
6937.48146493
6935.34843312
6932.46703782
6931.05681862
6931.70799676
6933.94436816
6938.17601544
6939.36685668
6940.17955738
6942.88765831
6946.78332472
6950.79339161
6953.94365665
6958.14101305
6962.89889284
6965.36402341
6968.07898251
6970.53269672
6974.18996488
6976.63899547
6977.73089498
6976.00701883
6972.43797997
6966.3600409
6960.27057396
6954.27117632
6949.86537739
6945.8766238
6942.46519055
6939.04394397
6934.17131521
6928.92906984
6925.26974562
6923.75959501
6925.62672618
6926.51053166
6926.64596667
6927.1024744
6928.72420277
6933.10693203
6938.47188575
6944.51234184
6952.14222875
6958.11006763
6962.48731871
6964.64126655
6966.45813928
6967.88270907
6966.80591287
6962.14901693
6955.72246093
6946.98262997
6938.21359601
6932.83893351
6925.93708647
6920.38670414
6917.66025202
6916.11100842
6916.38347451
6917.58005877
6918.01861257
6917.38865017
6917.03783082
6917.25329879
6919.05416214
6924.7944964
6931.04784166
6935.27805319
6938.35650254
6940.41766987
6942.15278813
6942.51359505
6941.56164691
6937.46976979
6934.68328076
6931.0191823
6927.5275767
6925.4990763
6923.35770875
6923.54619704
6923.41413536
6925.08822005
6924.87004087
6925.48998783
6925.88068774
6928.16482939
6930.44324196
6934.40458376
6939.68015121
6945.38537914
6949.92156006
6953.84536311
6958.3740307
6962.11423817
6965.21771568
6965.84185838
6963.49394407
6960.4145329
6953.31147788
6947.15480222
6941.33955077
6938.30243865
6938.80314815
6940.38049354
6942.50875808
6944.65422381
6944.82119668
6941.35080681
6937.46298828
6934.79370852
6934.54275787
6934.33303989
6932.54517501
6930.65749024
6929.02523066
6927.33428629
6925.82849173
6922.29122769
6918.72317853
6915.36296553
6912.81228899
6913.5403916
6914.63413808
6917.31334267
6920.47624375
6923.98827054
6928.00775349
6931.01488897
6933.27971064
6935.56372684
6936.04579939
6938.94275104
6942.05759611
6946.07596391
6948.7196649
6947.58191877
6946.38495117
6945.07469127
6943.38464599
6942.80232839
6940.33012359
6937.03573931
6934.42472617
6934.52776606
6939.41372784
6945.29105136
6951.16935063
6959.11278299
6966.82167134
6975.87246199
6983.62879999
6990.25835518
6994.55190725
6996.23364466
6995.51989962
6993.64911633
6990.67428537
6987.9300466
6983.56488096
6978.40841158
6972.05323217
6965.50064327
6964.32815323
6965.76034089
6969.72810177
6975.45755634
6979.70898361
6982.54587744
6984.95574533
6986.10792569
6986.47747957
6986.13059113
6983.7471523
6980.03395237
6973.46587682
6964.63713353
6955.98132218
6945.25890018
6937.60155269
6930.99280899
6924.91399174
6919.17885687
6914.91442416
6912.89737497
6912.57938286
6917.3779517
6924.19559094
6931.42766886
6935.82306204
6939.35723851
6939.42784147
6939.02098581
6940.41295836
6942.37100216
6943.47082621
6942.18320386
6939.21693168
6935.15479422
6931.05812196
6929.10497088
6925.90207772
6922.77550963
6921.54124026
6921.95084197
6922.44930026
6922.98821063
6920.7075817
6919.37463546
6916.63497577
6914.50009003
6916.16536503
6917.22099428
6918.95488588
6919.228265
6918.9905916
6916.76677261
6915.22041446
6916.16536503
6918.81103148
6923.90369335
6931.30362929
6937.26870817
6942.21388444
6945.9006762
6947.63768326
6949.61540946
6952.04234612
6954.82972728
6955.18690995
6952.07916003
6948.87453141
6943.46323622
6938.69805916
6933.49538073
6926.17461351
6920.34842661
6912.70998788
6907.55730303
6903.82791252
6900.11450351
6900.05765174
6900.72454653
6905.08711944
6911.21257786
6916.63134456
6924.82926818
6932.02136099
6939.69104484
6945.47289754
6947.92711357
6948.52719691
6943.96214057
6939.59018645
6938.03282316
6939.49326595
6941.70646313
6944.04307261
6945.66517735
6944.30195477
6942.64151674
6942.43300452
6943.47569105
6946.55898433
6950.85315671
6954.3024772
6956.26585978
6957.84324002
6961.65989802
6964.51497577
6968.47247727
6970.70531504
6972.74778269
6972.99915153
6973.22233494
6973.38969114
6972.20227899
6969.55627103
6965.19370509
6961.12215159
6957.32531539
6956.36280817
6954.48434429
6954.74705281
6956.96443181
6957.65275142
6952.90973798
6946.77793018
6942.6960685
6939.04165094
6941.60619717
6945.79594267
6949.90107614
6954.83350485
6957.41150257
6957.44156981
6956.64902546
6953.17722772
6949.87561587
6944.40095225
6938.50237118
6933.92422576
6929.25504921
6926.15514716
6924.60071811
6923.13849109
6920.55567731
6916.86105858
6912.99424669
6909.57149465
6907.84367366
6909.44715539
6910.98028506
6911.37090831
6912.7517642
6915.93726799
6920.18037344
6929.02157854
6936.29297248
6942.68750972
6949.35098639
6954.99745287
6960.59577969
6964.49110458
6964.61782749
6964.71069861
6963.32879726
6961.72428402
6961.53555178
6961.74228673
6961.1391646
6960.40129049
6959.56105254
6954.03753837
6946.67790118
6938.5155648
6931.36817559
6928.52233267
6927.43631558
6928.26134566
6929.61577946
6934.41759617
6940.34745721
6944.55219452
6948.71277885
6951.63221472
6954.24487968
6956.03757455
6956.55117101
6956.96549817
6956.97568786
6957.68465866
6957.40501379
6956.65908969
6953.72534505
6947.99208502
6942.56752651
6935.86563988
6928.57912868
6919.78401414
6914.64843988
6914.48592065
6917.04043749
6921.87940962
6927.08700865
6933.71625021
6945.05480675
6955.14088909
6966.16596291
6975.83096446
6982.45642147
6987.84038851
6989.33461338
6989.21001623
6986.28999491
6982.81594596
6978.95517679
6971.63859835
6964.75395947
6958.47936363
6954.56143603
6954.63478505
6955.30240468
6955.95622433
6957.34433567
6958.23942508
6960.48763798
6963.34097331
6968.5812114
6973.59547821
6978.42214883
6981.69457859
6986.43976657
6991.61716594
6996.92970063
7001.20750817
6998.92503924
6994.14680796
6986.8909843
6978.69493553
6971.30904352
6962.54629623
6954.13104373
6945.8206781
6938.47805393
6934.70443376
6931.96400741
6934.93578565
6939.64280761
6945.14470878
6951.00257989
6954.91625598
6959.3911315
6964.46489855
6968.90511381
6973.01307
6974.85936179
6975.7217285
6974.90127054
6973.15514016
6970.99548414
6968.85116841
6968.63714316
6969.57929889
6969.34704094
6967.10931742
6962.81742414
6959.03544731
6955.75534393
6951.6025099
6947.85788364
6945.3951855
6943.24954552
6943.46989924
6946.00991216
6948.96983495
6950.87821971
6951.43651976
6952.92671615
6954.27084177
6957.92186509
6961.43994157
6968.34091043
6974.62584233
6980.82386219
6984.93072414
6987.51606792
6988.57589292
6987.13260952
6984.99547953
6979.90891614
6974.95436564
6971.34750924
6965.98648642
6961.47679729
6958.21427147
6956.11598356
6955.17851844
6955.07910975
6954.70495588
6952.49579415
6948.97598222
6947.13467376
6948.3671798
6951.45728944
6955.81541568
6958.01758681
6957.5118452
6956.46357594
6955.48779147
6955.47931632
6956.18756228
6954.78024945
6953.02970029
6950.61442391
6947.9216354
6946.56407221
6946.75927232
6947.17440796
6948.97113829
6951.25974054
6952.23062533
6951.46211246
6948.43137064
6945.45748059
6943.76009622
6942.22012928
6938.70737764
6935.60122378
6934.32114263
6934.74446766
6936.69096269
6938.60315987
6942.17248448
6944.89260812
6946.65168818
6947.18172614
6947.97256989
6947.49188431
6950.02487875
6950.93872359
6951.48319577
6951.09016798
6951.21343392
6952.94852431
6953.60079669
6953.48361529
6953.40517143
6954.83733818
6956.13482961
6958.07878069
6959.75358326
6960.26358336
6960.77809284
6961.33677622
6961.10734797
6963.4701356
6964.54195544
6966.49914894
6966.13416718
6962.9184707
6954.55031937
6945.09044974
6937.5977542
6932.14168572
6931.02427714
6933.30223668
6939.59417312
6946.30561519
6948.25712142
6948.53887811
6950.22419794
6953.01270818
6956.60386883
6960.28318909
6963.29343305
6963.28028125
6962.29995253
6962.2802771
6963.59925608
6966.62036579
6968.57496656
6967.39324168
6964.86696603
6961.09554828
6956.66790635
6953.8507925
6952.88738619
6952.27353074
6951.46661488
6947.88593664
6941.863776
6935.25765291
6928.73826064
6924.68166409
6923.43602018
6925.06092674
6928.71339279
6933.42006626
6940.69174596
6947.70668319
6950.92395482
6952.12732755
6951.7917091
6952.19122567
6953.46201622
6957.18565674
6963.96812692
6970.49746494
6973.36952783
6975.10886972
6977.02406387
6979.46527446
6979.82801894
6980.80088312
6977.50914732
6973.83421797
6970.16662073
6965.45757059
6961.67127255
6958.41423884
6954.97671107
6948.91510198
6942.21077595
6935.07348582
6928.88513989
6927.04784597
6925.8783738
6927.82847216
6929.74671903
6934.06688137
6938.62579045
6944.15699916
6949.42800843
6955.52753264
6962.3266116
6969.0473373
6974.07258834
6977.68981563
6981.5061809
6984.97765804
6987.20087066
6988.42541732
6985.30480832
6980.72952744
6975.49821752
6971.31262594
6967.73448467
6963.15898773
6957.57453756
6952.49464416
6948.12765246
6943.93076302
6942.828402
6942.32953947
6942.56649499
6943.69740386
6943.39113477
6943.36391117
6943.64697119
6945.2342902
6949.09445301
6953.36443359
6957.9861326
6963.48659801
6965.27182835
6968.50789026
6970.18331313
6970.95722054
6971.03505804
6971.0364241
6970.4703877
6968.27690777
6965.64915343
6965.69396853
6965.08647641
6966.07100088
6966.02904335
6967.58551452
6968.86138597
6969.38428696
6971.05478923
6973.32534696
6977.09112623
6979.46527446
6979.27399132
6976.2776031
6972.76949327
6970.51399008
6970.24928125
6969.43807206
6968.08329675
6964.9854647
6962.78948962
6962.8824374
6963.1198808
6961.44609581
6957.63771083
6952.22261716
6944.34594746
6937.71718681
6933.67841873
6931.97854619
6933.55389825
6935.8286587
6940.66311447
6945.81372932
6949.89466403
6952.44492936
6955.00897376
6958.67353919
6963.39022114
6966.93456638
6968.1766906
6969.99375847
6970.86708154
6972.0857876
6972.19553233
6970.99729626
6967.32532205
6963.0997384
6959.41204754
6956.36592362
6953.08225872
6950.3830093
6947.89566633
6945.19741357
6946.63597153
6948.12574277
6953.5689452
6959.4537472
6967.54778759
6976.07159997
6982.48692083
6986.70931934
6988.2182154
6987.95773718
6985.02296102
6977.91639328
6969.65547063
6961.33384895
6954.32526808
6945.67709552
6933.01443727
6919.56486618
6910.64776115
6901.08152708
6893.73682594
6887.42683104
6881.75148217
6880.86904972
6884.01377385
6890.31118846
6896.73503325
6904.71995617
6913.41466536
6922.45505026
6930.37504355
6937.55937212
6944.85371725
6952.33334462
6958.23055266
6961.15769701
6962.84720562
6964.98674712
6966.11030993
6966.84535435
6965.75402635
6961.86408903
6958.00010683
6954.63561444
6950.96773144
6946.7217266
6943.78474105
6943.67328177
6946.78273926
6953.72105869
6961.05708953
6967.28634755
6973.13232837
6977.33941446
6980.63961844
6980.81920644
6979.41560845
6979.12495146
6979.36646516
6980.71358776
6980.34533721
6978.45558244
6976.26517614
6974.26697299
6971.80007212
6971.94578743
6974.87449996
6977.71363803
6981.50585333
6985.42232426
6988.90249957
6990.69590535
6990.4933801
6987.1515392
6982.69316093
6975.76290543
6968.71042946
6961.58897446
6954.99635165
6952.47272448
6952.27715498
6952.68658942
6952.84590259
6953.19778133
6955.77920814
6962.16941721
6968.09870673
6974.35511866
6978.21220086
6977.74856314
6974.37790258
6969.94534701
6966.29998308
6968.37651858
6971.38589829
6977.15543556
6982.24057714
6986.75430171
6989.54980256
6991.5882487
6992.05719035
6991.95120924
6991.6441944
6989.97466092
6987.4496189
6986.03775486
6986.45719777
6988.71975429
6990.43077834
6990.92929239
6990.46681164
6987.36635201
6983.98742539
6976.77230473
6970.56139094
6965.93160011
6961.9643759
6955.21381992
6948.08342978
6943.45469138
6939.86125164
6939.73558813
6941.73855158
6947.50411612
6954.87292541
6965.75386605
6976.15516656
6985.19184358
6994.07263652
7001.22137088
7007.70743409
7009.41403239
7008.48662453
7004.86320815
6999.95712488
6993.49176861
6986.48665865
6975.62678739
6966.12252083
6959.07259576
6953.31565273
6956.19113076
6961.88282356
6968.3459774
6973.34977572
6974.56197906
6973.37908327
6970.89077849
6968.85339174
6969.9161231
6972.63684613
6975.49651691
6978.49687088
6985.36038462
6996.05553423
7007.36955049
7016.37023604
7019.2437068
7018.60231411
7016.55861979
7011.9136908
7002.85724773
6994.25794663
6987.14994314
6981.75656005
6976.49447197
6971.76387852
6970.60049787
6972.04452006
6974.41303678
6976.47946623
6978.71258976
6980.31717967
6980.83720218
6982.37449276
6983.91174153
6986.08062542
6989.48170868
6994.40454012
6996.1106366
6994.42096071
6991.62111079
6990.1120126
6990.42484713
6992.16897024
6994.18005338
6994.71475406
6993.63538605
6992.19026961
6991.78639699
6993.03285634
6994.63232353
6995.9246783
6995.24836049
6992.87506953
6990.75908559
6987.19036037
6983.19947406
6978.86679415
6973.71614445
6968.04817648
6963.12115626
6957.45489586
6952.95462976
6951.80258182
6952.56381833
6953.44451533
6952.3057098
6950.33349662
6948.69196038
6949.18533777
6951.02974774
6954.17806126
6959.23794469
6964.37324713
6968.05998314
6968.57496656
6969.1790505
6970.9945502
6973.35806269
6974.32390839
6972.96698641
6971.9601659
6971.73434098
6972.04942672
6972.99915153
6972.9697952
6972.14356633
6970.81776401
6969.4896408
6969.33620307
6970.26474699
6970.86607094
6969.93860035
6969.15410598
6967.53315821
6965.12133183
6961.70374434
6958.49889967
6954.27673116
6950.82468552
6949.30148765
6950.43216652
6955.98623582
6959.83666197
6963.25855673
6966.98899966
6970.79832555
6972.82696534
6973.34974785
6974.9795541
6976.80867257
6978.32099772
6977.06473898
6976.54891222
6975.93513344
6974.15848976
6973.61535576
6974.15382007
6977.2094158
6983.00469213
6987.95051658
6989.90252463
6989.46842445
6988.08062675
6987.57529635
6986.33122759
6983.99795659
6978.90791532
6973.3215206
6966.58239492
6961.21102211
6957.24052214
6956.30378186
6958.28316685
6959.81198229
6960.06040295
6959.1840411
6957.66947868
6959.34598882
6964.70224437
6970.05578872
6976.31369215
6980.4601768
6984.22978242
6984.01134537
6983.27023035
6979.91689643
6976.42134599
6973.75797653
6971.55560328
6967.40048319
6962.73391331
6957.71055106
6953.69540326
6949.2201444
6944.79822458
6940.70448655
6937.09421501
6935.54972474
6935.33754646
6936.63459183
6937.89472573
6938.75571244
6941.6491653
6944.92531688
6948.37491615
6952.92338464
6959.76856809
6970.08690838
6980.93429693
6989.93167884
6997.46592767
7003.54065372
7007.39111471
7009.7539372
7007.93616538
7003.87479459
6997.54429486
6991.69704556
6986.57580795
6983.86710066
6979.95043458
6974.68104227
6969.30152886
6964.32291899
6959.87302284
6958.03727619
6957.24896243
6958.15387213
6961.70563313
6967.58456664
6973.55792552
6979.54178771
6983.78404287
6985.67273128
6984.93381869
6982.68448366
6979.79217383
6976.69337299
6974.76251098
6974.08337045
6976.13262658
6978.81627783
6978.80902936
6977.8126355
6973.60975213
6968.89856927
6965.82266386
6963.39123174
6958.86440415
6954.07640833
6952.75151208
6951.89918172
6952.42796513
6953.93187787
6955.97649219
6955.18697965
6953.71673051
6947.40712591
6941.07816648
6936.29999793
6931.49388091
6926.88191856
6922.03702916
6920.00592907
6918.88794201
6919.74480963
6921.89247779
6925.61162286
6928.35673981
6932.32130857
6936.5911637
6940.6685578
6940.76153346
6941.05336135
6942.89101073
6945.97737764
6947.92223479
6947.9306472
6945.09373944
6942.14907329
6939.81390653
6937.02163266
6932.78808265
6929.70427361
6929.04519882
6928.74700063
6929.7833099
6930.75256378
6932.46359479
6931.62378897
6930.98355324
6927.85704788
6924.24734786
6924.21354486
6925.5691426
6927.66482383
6930.26953638
6936.35923332
6941.55052328
6946.45168596
6949.50640351
6950.55398973
6952.28566497
6954.32033354
6954.86331421
6954.6217587
6955.04677736
6956.1614817
6959.49769806
6963.8104586
6964.05050169
6964.35854805
6962.16798842
6958.85397749
6955.41577366
6952.32400524
6950.45531286
6945.84695383
6940.44773014
6936.68985451
6934.58039419
6936.74154173
6941.2156018
6947.67255958
6954.73323192
6961.32119897
6967.38923411
6973.07776963
6979.35282548
6986.65690727
6992.40863697
6997.21881034
6998.8736099
7000.43358682
6998.6706804
6997.5023443
6999.55741315
7003.68575569
7003.24109644
7000.89764272
6991.706141
6979.74252873
6968.23146539
6960.85999367
6956.29109006
6954.96263926
6953.13763988
6952.0046401
6952.37174761
6954.61939597
6958.077331
6964.90292266
6971.22668967
6974.95418442
6977.70938652
6981.94853319
6986.30806731
6989.46367113
6992.73788512
6994.37723288
6991.64335107
6986.54914889
6981.04607682
6974.86493754
6971.34875682
6969.73385177
6971.68715618
6975.21515053
6979.13861903
6981.61484534
6982.83087503
6981.59503051
6980.11209654
6980.34251449
6981.55475267
6982.07832275
6983.18961892
6989.22161379
6995.3000059
7001.38245436
7005.43355879
7003.57120187
6998.68990281
6992.47928175
6987.77597463
6984.79530307
6983.77937317
6983.1853674
6979.27769919
6975.14190605
6972.65882854
6972.9623446
6974.81549456
6976.49422804
6977.79167068
6979.59898796
6982.79834052
6987.80225733
6993.27270429
6999.43799449
7005.11211669
7008.22326085
7009.33344186
7004.61475961
6996.69845329
6987.54732698
6979.68605333
6971.56696387
6961.80173818
6951.4724973
6941.79721546
6933.67776358
6927.83722609
6922.3565546
6922.50523899
6922.83178988
6927.34351416
6933.68340903
6940.29905272
6949.74691357
6959.31119613
6968.27144353
6976.40014419
6982.80926899
6987.78823432
6992.74776118
6998.69067644
7007.5575997
7016.22805436
7020.37025264
7020.85375398
7017.40770227
7006.43425991
6992.34616764
6978.05696496
6967.00192147
6959.72014966
6953.3427021
6946.98660966
6940.77688769
6935.88287592
6934.46694158
6932.50082688
6932.6052398
6932.75340844
6931.81986029
6931.19771788
6932.33407007
6934.00456537
6936.75158505
6940.91028059
6942.72980877
6943.39113477
6943.58411852
6947.44028073
6951.56794023
6955.30302498
6958.02498166
6956.68181088
6953.78112348
6949.68712757
6944.94377959
6941.26482872
6937.86946757
6935.78955177
6933.80894011
6932.25025955
6933.64083119
6935.16384088
6933.89956699
6931.57746144
6928.12772277
6925.86462957
6925.40690912
6928.5427678
6933.46320167
6938.26648202
6943.13833715
6946.93185578
6949.17660475
6948.18012726
6946.45402777
6946.32137366
6945.67577128
6944.42964646
6943.27237823
6939.50579745
6937.74201982
6936.68765905
6939.98463606
6945.75244484
6949.38423181
6950.79911373
6950.52661976
6949.42584783
6949.31701612
6952.85080228
6956.90919004
6959.26591405
6960.35064175
6959.21783713
6957.6138954
6957.34433567
6957.59518875
6958.37671403
6957.84758214
6955.42972698
6951.35139197
6946.9449588
6944.38237106
6941.25068025
6939.8072226
6940.89798606
6942.4898284
6944.3543529
6946.15441474
6948.09955764
6951.56656024
6955.05737129
6956.66369665
6955.2182387
6952.0915591
6949.03378186
6946.47024624
6944.34699988
6941.32365987
6938.29166351
6932.22879988
6925.65669584
6918.24726022
6911.78697789
6907.63756598
6904.57711238
6902.20254596
6899.87867707
6898.10552521
6898.39899795
6899.99485484
6901.41605826
6901.87183417
6901.87183417
6901.65419863
6899.54006166
6896.41666478
6893.34788239
6893.90582002
6896.36944513
6899.57253344
6901.45467732
6904.68063318
6908.4748906
6913.20613223
6919.09911664
6923.06104389
6928.21439086
6934.19583458
6938.98679948
6942.0298428
6942.49670052
6943.32658848
6940.77742436
6933.76468258
6923.19411618
6911.55347934
6901.47904335
6894.48047096
6888.92026137
6885.29543014
6882.44385118
6880.39810777
6880.89957696
6884.86010331
6886.84716192
6888.55321658
6888.22520903
6889.06664577
6891.54604329
6894.90357296
6897.96631959
6903.06894116
6912.88692043
6926.21669649
6939.68286939
6948.26136596
6955.36850522
6958.58986806
6958.98780251
6957.97018595
6956.07367755
6951.82920603
6947.53070548
6944.75241978
6944.55166483
6943.99223569
6943.1675053
6942.48034266
6940.00454846
6937.23890578
6934.84981453
6933.00640122
6932.57883862
6935.16630118
6938.60506956
6941.45649519
6942.3701658
6943.59447548
6946.28960582
6949.07998393
6950.00979634
6948.3531986
6944.29796811
6939.66124941
6935.01492648
6929.9290949
6927.27288332
6927.28023634
6929.40428422
6930.76667043
6928.55591961
6922.53166806
6914.50319851
6907.08461169
6900.34142964
6893.56912126
6886.60587126
6879.74637206
6879.07024243
6879.17186051
6882.81840232
6889.08066181
6898.30832228
6906.84479859
6913.86929824
6920.81588371
6926.1185075
6930.86729184
6932.9307522
6933.54301159
6932.69159426
6932.05600035
6932.70317092
6934.03532958
6934.63383777
6933.80936527
6931.14199521
6927.6299266
6926.49613228
6926.41926356
6930.8356843
6936.23263587
6943.00585031
6948.77555484
6951.57890356
6952.80723475
6955.08672065
6957.00101571
6959.16663779
6959.60243856
6958.46309637
6955.27925834
6952.8284714
6952.66098975
6955.27838016
6959.23673196
6960.75735104
6961.55977145
6961.59914323
6960.09329292
6957.97995049
6956.56764736
6956.49358743
6959.98413364
6964.74380463
6970.42219229
6975.96918735
6981.82042331
6987.15538646
6991.8545954
6994.40142467
6994.70422286
6988.88626019
6982.72282393
6977.62344327
6971.72726674
6968.53151751
6963.56711187
6958.07593706
6951.46370155
6943.23277645
6937.73057559
6932.29543011
6927.66760474
6921.96367317
6916.70120874
6912.89322103
6910.95400236
6916.33993486
6925.00669558
6937.65257082
6951.62728017
6962.49410022
6968.40786824
6971.77842427
6974.71300527
6978.30956046
6983.39574053
6987.22602427
6988.05527102
6986.8685419
6984.44955766
6980.59432242
6976.46012534
6971.88140841
6966.08765844
6958.46667879
6949.84168045
6944.04669685
6944.58240116
6949.82816622
6954.53168242
6958.13013337
6958.34614497
6957.54207971
6957.26598938
6958.4743803
6961.03354592
6966.29755763
6968.96017436
6969.02486702
6968.83382085
6971.7151813
6975.19324479
6976.75575868
6977.47267494
6978.3696601
6977.31950206
6975.70311246
6968.12830701
6957.45619222
6946.04579212
6938.53836963
6932.57194559
6929.56455224
6929.56535375
6933.23644281
6935.65012312
6938.57494656
6941.10819191
6942.43810633
6943.08273993
6942.41605423
6943.87095611
6946.5098759
6949.05119214
6951.45786792
6954.39347347
6957.06031383
6958.14628214
6960.06241022
6962.4162209
6964.436741
6965.03325586
6963.32965453
6956.59560975
6950.93434663
6947.61473207
6945.88817955
6949.03408853
6955.81556902
6963.5023286
6966.78226472
6969.28668342
6971.10319373
6974.2530127
6974.16268552
6974.67460228
6974.39879771
6976.24288707
6976.68834784
6974.58509055
6970.64080359
6964.37676682
6958.7374164
6951.16748973
6943.24015038
6937.73133528
6933.32800363
6929.49116837
6927.26686847
6926.3065358
6927.58948149
6930.29142818
6930.82035795
6930.73079047
6929.86962951
6931.50409848
6934.12282707
6939.15626749
6945.9441601
6954.00297568
6964.18604822
6972.93690523
6979.04316215
6982.93412402
6981.9297429
6979.04769245
6976.5457201
6971.59241718
6967.80151915
6962.64946158
6957.32440236
6948.58186019
6939.25297891
6932.73643725
6930.79921191
6930.88530152
6932.97105095
6936.22877466
6940.02931177
6945.32982374
6949.40601906
6956.51239862
6964.03441565
6970.07841233
6975.27593319
6982.19355264
6988.98022555
6994.2657736
6998.57490292
7002.14804693
7005.24499383
7008.32635651
7007.02491326
7003.28278216
6996.84008436
6987.94850931
6978.29993532
6970.0886508
6964.42334526
6962.8574441
6959.79400049
6956.7794423
6952.15622389
6948.35643951
6943.90313517
6940.38127415
6936.90167732
6934.78098884
6933.54715159
6934.49101489
6936.10612206
6938.81468996
6942.19341446
6945.39092702
6949.10460088
6953.8590237
6957.73090256
6959.95990002
6959.62820551
6959.91749643
6959.38626666
6958.45608486
6955.9503907
6956.29674247
6958.08400099
6962.03615674
6965.66787401
6966.20173833
6965.28602561
6961.95978984
6958.96111557
6955.11911577
6953.02655696
6950.47078557
6949.19145019
6948.82304631
6947.00779752
6947.71740954
6951.40227767
6955.13846363
6957.77007221
6957.91930025
6955.70744822
6954.2814357
6955.2232987
6957.3555499
6959.36082729
6959.06237122
6955.07923521
6950.55734912
6945.6851246
6942.42203423
6941.04545773
6942.3920785
6944.57851904
6946.72454932
6946.99704329
6949.13431964
6952.15901873
6955.20402054
6955.84339899
6950.20917129
6943.78032226
6936.44344112
6930.4042117
6927.98673988
6926.02668881
6923.92491606
6922.1430939
6919.85298619
6916.21918498
6913.56629793
6912.76037177
6912.54027593
6914.03573443
6918.35227254
6922.69155972
6927.1407589
6933.45295623
6940.15031953
6946.7042257
6951.76191368
6952.12265089
6949.33752792
6944.31893294
6937.76242707
6931.89212203
6927.35180112
6925.39586216
6923.53337978
6923.23932856
6922.9759858
6924.11495163
6925.38705945
6925.25630109
6923.86296248
6918.87430232
6912.91452737
6908.94573498
6908.50851935
6911.83564724
6916.0746127
6918.88614383
6920.378919
6920.85450277
6921.6640462
6923.24578947
6925.73066516
6929.19440594
6931.51380726
6930.37387961
6925.90304651
6923.04932784
6925.7969051
6931.07852224
6938.41175824
6945.95129009
6952.75924844
6955.30240468
6954.89851115
6950.78532768
6946.29046309
6941.99699465
6938.80103633
6936.26141372
6932.96523823
6931.51085908
6927.71853227
6921.89341173
6916.32470608
6912.41776272
6909.79547958
6906.31977882
6902.26114712
6901.19119516
6901.47086094
6902.59519042
6909.27802192
6917.87871695
6932.11872756
6946.63707274
6957.84275911
6961.43091583
6963.85923946
6965.10081306
6966.65425939
6965.82756355
6962.34724188
6959.20856744
6956.68388785
6954.00167932
6947.80315764
6939.24844164
6930.41509836
6923.64045513
6921.11912099
6920.00981816
6919.49401928
6919.2344959
6919.09318544
6917.86698
6919.21900925
6922.7230209
6930.64037965
6941.74614854
6952.37399882
6961.42129765
6968.93203772
6975.33552404
6981.69670435
6986.98575815
6987.58216149
6986.1463496
6981.02580199
6976.80982257
6973.05798965
6970.59758454
6969.65680184
6970.38503687
6970.61689755
6968.87415444
6964.29939629
6959.26096557
6956.49630561
6955.35054433
6955.2870853
6954.91466689
6956.02970577
6960.89657757
6965.0561722
6968.22305297
6971.60169384
6974.61664234
6974.2577033
6971.97818952
6971.65948651
6970.7913001
6968.70871491
6965.65907129
6962.62835736
6956.74929839
6950.62206966
6944.91702992
6940.41723078
6936.92243306
6937.42496862
6939.71994117
6940.21640613
6940.05164963
6940.45598226
6940.6685578
6940.77329133
6943.62369242
6947.80193794
6953.06355904
6957.44364678
6961.21472998
6966.02357214
6971.86435357
6976.44498718
6978.29806744
6977.73259558
6973.5402922
6967.4300068
6961.65715196
6957.01355418
6954.22094576
6949.93958368
6944.11194011
6939.38173697
6935.54931353
6933.86211188
6935.11110124
6939.20043442
6944.7830655
6949.98531879
6953.18497801
6955.13363364
6958.08670523
6960.9122524
6963.85538522
6964.38469833
6964.5447712
6963.46343076
6962.131523
6960.29385969
6958.70868037
6956.88314431
6951.34498682
6941.41727675
6929.32112884
6916.14952293
6904.25305664
6896.59605763
6890.73279895
6888.08302736
6890.72086684
6892.04290552
6894.65688775
6895.58635864
6895.11475457
6895.58059471
6894.62866748
6898.47171969
6904.77490521
6911.53346936
6918.50299906
6924.8091676
6929.93497035
6933.59265669
6933.84874401
6929.53456863
6921.94870925
6912.99841456
6905.15701149
6899.6670982
6895.36434613
6893.20045254
6889.89904281
6885.78059026
6883.45313199
6883.6820863
6886.24456253
6886.55736221
6886.4407593
6886.50097742
6889.75027478
6896.87909674
6908.04800406
6920.08446354
6929.8082823
6936.70821964
6939.36107183
6940.83890399
6941.67466043
6937.4779522
6931.50661454
6924.55142846
6920.31340391
6917.04441021
6916.52112589
6919.57893798
6928.2459775
6938.10507794
6948.60923713
6956.51028681
6961.71719584
6962.79506537
6963.22533918
6963.55240583
6963.46009228
6961.89912566
6961.08990283
6961.14722156
6960.56095912
6962.33657825
6963.40232749
6962.99921456
6962.60545495
6961.96463378
6960.07379173
6958.44176215
6958.38057524
6961.60641959
6966.02210851
6967.66513626
6968.02302984
6968.83216206
6969.97007547
6972.04243612
6973.65010664
6976.09956237
6979.04163579
6982.57855831
6986.82610346
6990.08729808
6992.39751334
6992.39751334
6991.69864162
6989.67493637
6989.78358687
6990.5029216
6995.01774739
7000.16493315
7003.88285853
7002.8392729
7002.30524131
7001.91635352
7005.18282419
7010.03439753
7015.20861174
7020.22434218
7023.02649908
7022.07800094
7018.97603586
7012.51773292
7005.58978439
7003.75435138
7005.17643996
7008.98566827
7013.95662542
7019.26609344
7024.87366905
7031.23077209
7037.54942334
7041.99371587
7046.29025097
7045.58143349
7041.9636765
7037.27509635
7031.49297182
7027.79102098
7027.4091447
7027.56187151
7030.14196711
7034.55224755
7037.44585375
7038.00064107
7038.62345257
7040.5452052
7043.96397753
7048.12704307
7050.26137124
7052.4948084
7054.1674643
7057.48357311
7062.1309624
7069.10176755
7075.01672739
7078.7914418
7084.38295924
7092.44521087
7099.25794345
7097.0866829
7092.42988452
7084.37751591
7078.20117875
7074.40772285
7074.96989804
7078.40964915
7081.59152173
7084.86218815
7087.02188599
7088.46384516
7090.67936324
7095.27581107
7102.41402121
7108.86761263
7112.16184358
7114.66939168
7116.80769954
7120.14289833
7121.75122399
7122.80656748
7123.71027142
7123.66453632
7123.37920418
7120.85867852
7117.35293839
7115.93446708
7117.17038827
7120.25420427
7123.35278906
7130.01860057
7138.27161959
7148.33271559
7157.22792185
7162.79468295
7164.73539313
7163.26514399
7158.67462737
7151.66373953
7146.66180211
7142.95379461
7139.08707332
7133.08950871
7125.23544869
7117.84010578
7111.93518229
7106.6432291
7103.66975025
7102.03480734
7099.64392489
7098.87836717
7096.04568303
7093.07980812
7090.76788528
7088.26757869
7088.53458054
7089.67008243
7088.28786745
7085.23729687
7080.71856805
7076.54455314
7072.21359474
7067.33850568
7062.69481032
7059.25666224
7058.67483252
7059.90233432
7062.19745324
7063.28611882
7064.350042
7062.15995631
7057.62714872
7051.79080001
7050.82375552
7053.08674417
7059.93620702
7068.31753803
7075.47644814
7079.7298548
7084.74690948
7089.87047496
7094.92021749
7101.21754149
7106.09025389
7110.04730236
7113.02740241
7116.63219578
7120.78577556
7124.01322991
7127.03467416
7129.6499667
7131.46425367
7132.95270764
7131.58921324
7131.40027192
7130.82394128
7129.41202845
7126.95569363
7123.64188483
7119.2598386
7116.41398175
7114.89046328
7114.63579777
7115.93446708
7115.82921779
7115.30405862
7111.75808944
7106.36904846
7101.01897503
7096.24962313
7091.78371759
7091.06033347
7093.04321027
7095.67747431
7097.45460586
7098.7241349
7099.30107886
7101.41374524
7103.73888958
7107.99689623
7113.99926295
7122.38421821
7129.26852253
7134.20431063
7136.33857607
7138.84090387
7141.15038035
7141.23667208
7140.57838486
7139.75385659
7137.45497404
7134.40184558
7129.41161724
7127.69644623
7127.11189833
7123.99050872
7119.21028411
7114.90454205
7110.86074185
7107.54031184
7103.41751717
7099.76135719
7093.43099686
7088.48845513
7086.05916271
7089.61760067
7098.32971317
7109.27513041
7119.10065088
7126.75978959
7132.72123726
7138.19558027
7143.34179725
7148.2094148
7153.15079259
7155.66287796
7155.30609953
7153.09497234
7153.82162525
7154.0505029
7154.0326605
7149.71967693
7143.2176601
7136.59743036
7131.23676299
7128.83201085
7128.49516573
7129.54117681
7133.61328789
7138.83247751
7142.44702845
7148.19228331
7155.9632716
7165.29861378
7173.12565231
7180.68881142
7185.53740869
7191.08584647
7198.14864456
7204.60063296
7210.98542657
7213.14231563
7210.01243694
7200.7438853
7190.46631073
7181.22747785
7178.21629995
7178.79932149
7178.50987723
7176.44698142
7171.57154387
7166.10911206
7162.45525207
7162.38731154
7165.11294123
7169.73412449
7174.2124291
7181.00098383
7187.74380345
7191.8308227
7191.68454284
7190.09222656
7186.78735289
7184.30620598
7181.80681939
7178.52004601
7175.69398308
7172.68753063
7171.13761794
7170.38599263
7170.38599263
7170.09814443
7168.99282129
7167.30582177
7165.62144982
7165.13231
7163.92607272
7162.81475565
7160.78650617
7157.04119688
7150.97834719
7142.55804167
7134.96694108
7126.92070579
7118.59639381
7111.33140502
7106.66658453
7102.60276738
7101.05493166
7097.12263953
7091.21088574
7078.10604945
7063.23384614
7050.7433253
7044.51604668
7041.29632869
7041.21791967
7042.68503942
7044.5943163
7045.49389419
7045.35693978
7047.52967094
7047.33417113
7046.7009051
7046.918917
7049.55115983
7051.85931206
7057.72688498
7065.84211323
7072.73450937
7077.22013913
7079.59527009
7084.87062148
7091.97698013
7099.71828451
