6926.70938105
6928.85859647
6930.5958614
6931.85920135
6931.8985104
6931.61485099
6932.79721708
6931.88503799
6932.22509614
6934.23931564
6937.43430517
6941.65231277
6945.16782441
6947.63867709
6950.51308179
6952.9510445
6955.68162268
6958.6508988
6962.87776488
6966.03090142
6969.53723398
6972.47897285
6978.17257534
6983.52906089
6988.21745984
6993.89293417
6998.01522701
7000.22008844
7002.22819553
7002.5796073
6999.94318266
6997.0511098
6990.21760754
6984.51329961
6978.38324816
6972.15667348
6965.27576339
6960.13100308
6957.21756811
6955.80798316
6956.27008755
6957.21202721
6958.609234
6959.31292875
6959.2566485
6959.6040527
6960.90843715
6962.17898376
6962.56591307
6963.28277356
6963.99596103
6964.55595472
6964.7320509
6964.83683322
6963.43223857
6961.42806239
6959.06191536
6957.73969547
6955.85327918
6953.1563646
6947.29179562
6942.73336048
6940.28606535
6938.76128536
6936.92861931
6936.34608565
6935.0211894
6933.66168864
6932.33712693
6932.56568398
6932.95788934
6934.28208166
6935.58185217
6936.27690451
6938.41648085
6940.47058789
6943.29567507
6945.01325062
6944.45713209
6945.9953357
6946.79355339
6948.15925717
6950.03761651
6951.43807814
6952.83529189
6955.21665375
6958.00372824
6959.86041184
6963.58681235
6966.41145347
6970.11838067
6974.93102828
6980.62594107
6986.37764986
6992.28446911
6997.59265471
7002.50503161
7006.96221807
7008.86410707
7009.47848525
7008.42090449
7005.04178968
7002.66359206
7000.58432444
6999.69750109
6997.61293651
6995.76102018
6993.98855831
6993.28343478
6993.13581674
6994.18719448
6995.10566023
6994.969124
6994.75180906
6995.52523556
6995.04223605
6994.44576998
6992.51202949
6989.53799307
6988.04620062
6986.91961296
6987.60395288
6988.09721875
6989.97248354
6990.79901908
6991.44141541
6990.72465249
6988.5322668
6985.27897581
6983.26771843
6982.15764893
6980.93448925
6981.35177156
6982.28869304
6984.05865279
6985.82191466
6988.36534272
6991.83624834
6994.72518485
6998.20968136
6999.31256511
6997.52846386
6993.43014675
6990.60937381
6987.77177604
6988.26874282
6987.83920083
6988.88806947
6990.81100694
6992.54645975
6995.00195124
6997.06358554
6998.04568456
6998.24780557
6997.63300921
6996.24395
6995.4907356
6994.37440035
6992.83758371
6990.29392564
6986.03477596
6981.69702212
6977.1188767
6972.31949938
6967.1939545
6962.03071754
6956.30884599
6950.69795979
6944.84967897
6941.32788764
6937.40580611
6934.22070657
6930.97506133
6926.00103751
6921.32878734
6917.66305797
6914.96725855
6914.4802654
6915.54957615
6916.12553739
6917.97290251
6920.72289825
6922.37365538
6923.40486284
6923.52925786
6922.1642162
6920.7811091
6918.39696633
6916.59611692
6915.19424741
6913.46977186
6912.15081379
6910.40675341
6908.96935242
6906.49843005
6904.26176592
6900.74927913
6898.45180446
6895.23522979
6892.03557057
6889.03569751
6886.98773774
6885.2366101
6882.58775153
6880.56901567
6877.83958052
6875.31317244
6874.05259249
6873.73050918
6875.90378397
6878.34976183
6882.63702724
6886.34174505
6888.95453547
6892.93691179
6894.694117
6896.44589283
6898.1937238
6899.64807508
6900.84491024
6902.07518598
6902.58063487
6901.1945308
6900.12672551
6896.91194206
6893.95982531
6891.55176257
6888.91582581
6888.21994408
6888.02297367
6886.001436
6883.99751073
6882.4519053
6881.67791426
6881.83302471
6881.27810496
6881.88341557
6880.08706161
6880.0671492
6881.12787329
6882.40267838
6884.39871396
6886.33086536
6887.51765024
6888.32381337
6887.39578521
6885.31125548
6884.17445025
6882.87865942
6882.87865942
6882.95070511
6883.13247462
6883.27660781
6884.79643235
6886.67307017
6889.69528109
6894.37607611
6898.65944546
6903.07583135
6910.26373537
6915.05999724
6918.22328862
6920.49286363
6921.18427778
6920.47518849
6920.28061566
6921.22238805
6921.7996805
6922.41703473
6923.46424459
6924.81045416
6929.7070935
6934.32132101
6939.37365626
6944.05507855
6948.57893009
6952.49285708
6956.10924801
6959.3523981
6963.33853805
6967.35102344
6971.5653371
6974.84987321
6978.941597
6984.60635194
6988.10599359
6990.48350121
6991.10108544
6991.23601864
6991.03884611
6988.04663971
6986.33657051
6986.09824196
6986.17226007
6988.12302054
6990.61947986
6992.70766868
6995.76102018
6997.92301801
6998.35771758
6999.65498598
7002.15215621
7004.55056593
7006.67116381
7008.6724406
7010.30592684
7011.57475891
7012.0605463
7010.96860497
7008.72513146
7002.86634034
6997.69448188
6993.83703725
6988.04512032
6982.51804463
6978.61368702
6974.28573256
6971.92717553
6971.02207764
6970.35188619
6969.89125241
6970.38031556
6971.26605164
6972.7191414
6972.35629237
6971.99628
6971.38209001
6969.60336936
6968.11281752
6967.09011309
6965.5663437
6964.38762973
6962.85266005
6960.67343314
6957.73527669
6951.2457356
6945.70468569
6941.19663444
6935.29539792
6930.44719791
6925.0135788
6920.51232997
6916.71967558
6913.90974051
6911.23751955
6909.34714447
6908.59582583
6907.62797286
6906.21507033
6905.59200095
6903.70798223
6901.0266937
6897.53454446
6893.81576182
6889.119055
6885.61370517
6881.52556381
6877.67487281
6874.54207382
6871.85268651
6870.26087901
6870.63165258
6871.72190028
6872.75823045
6873.84856179
6876.30615115
6877.36931463
6877.80041783
6877.20908843
6877.05466797
6876.1412204
6874.72164091
6872.58824668
6869.73332923
6867.46808938
6863.8760854
6860.844096
6859.05731143
6857.52888629
6856.14649009
6853.40821041
6851.65138853
6850.28883504
6849.5898518
6849.33395266
6849.68194929
6849.38141625
6848.89947613
6850.09960099
6852.02361876
6852.88330912
6853.95127471
6853.64847653
6852.25467096
6849.90214967
6846.968872
6844.67744702
6843.48207549
6842.40567656
6842.03997693
6842.06555569
6842.65379753
6844.54843806
6845.18163439
6845.72143688
6846.56950876
6847.73693184
6850.66890618
6854.90664497
6860.98337829
6867.25163172
6874.147903
6878.18257291
6880.25572114
6881.17704446
6881.03895399
6880.49640544
6880.59389747
6880.72713006
6880.9785686
6881.98819092
6883.03557502
6885.7192681
6888.57680615
6892.77622559
6896.33239142
6899.4999622
6901.83248047
6903.25820026
6904.40845001
6904.86403774
6904.76985632
6903.38919558
6902.15223591
6900.48667515
6899.89476029
6899.73624863
6899.60627785
6902.33486966
6903.39456921
6906.74480162
6910.73991156
6915.178475
6920.43784489
6926.41445861
6931.85714529
6936.12633133
6938.93727003
6940.17556788
6940.2487566
6939.59626119
6937.25436171
6936.70613984
6937.28175957
6938.78955442
6940.35532316
6941.86211438
6944.19627053
6946.03058142
6947.28552986
6948.33089973
6949.05893961
6949.26280304
6951.2148529
6954.91043345
6959.78716736
6967.10129944
6973.92644504
6980.87662688
6987.67559432
6993.27639539
6996.28590753
6998.78468079
7000.25758538
6998.85556254
6996.75831312
6994.12655817
6993.65471016
6992.65699904
6992.64745056
6994.76846662
6996.31859538
6997.1635309
6999.18055918
7001.19877231
7001.99136546
7004.67692641
7007.80729298
7009.90293937
7010.8397354
7010.77422032
7010.17510576
7008.09277148
7003.88865447
6999.20453492
6994.86834228
6990.7377555
6988.42493357
6988.50257592
6991.32808825
6993.84247361
6994.08390367
6993.3075499
6991.93730885
6989.45282345
6986.56828482
6982.92407786
6979.38975503
6975.054573
6970.37138041
6965.03637545
6957.21095388
6951.89239041
6949.19134978
6945.02843758
6941.67262245
6937.9296968
6935.13742292
6932.48991648
6929.13779528
6926.77002432
6923.63497412
6922.29008183
6919.29322664
6916.89787662
6914.92232495
6911.04705186
6907.8227269
6905.17925591
6904.75385391
6904.78507812
6904.67501278
6905.46904865
6904.98742216
6903.83137362
6903.63830624
6903.80081153
6903.83283029
6901.5122023
6900.55158387
6898.25689707
6895.41840719
6892.06785417
6887.95643404
6884.4163891
6879.94276812
6875.92766213
6872.37134296
6868.65648425
6867.27509866
6868.59424492
6871.71350877
6874.06348612
6876.10899953
6878.4230063
6879.36507142
6879.68990776
6878.52592772
6876.08061895
6873.64063502
6870.8843596
6869.22142641
6868.17082231
6867.56416656
6867.56416656
6867.91825469
6868.61939853
6867.44755667
6865.91733335
6863.7607649
6861.10943907
6858.97421181
6856.27318512
6854.17973418
6851.45963842
6850.49215484
6850.42711369
6851.40546999
6852.11333958
6852.4757774
6852.12442836
6851.5036311
6850.59967625
6849.59674483
6848.04443456
6847.19008996
6848.3154858
6850.09734281
6853.59740264
6856.52951638
6858.24092376
6858.71578268
6858.96804364
6859.94092872
6861.62866704
6864.18105812
6868.9241761
6872.50550949
6876.05057958
6878.75088143
6880.61352411
6882.65435389
6885.1569326
6888.91793066
6892.36677721
6896.64378323
6900.48678666
6904.16577935
6909.59428271
6913.70788435
6917.0980252
6921.22040866
6924.11505334
6925.98484692
6927.46085302
6927.81892085
6928.61187642
6928.96197788
6930.20326573
6933.74056462
6936.33385385
6938.23739467
6936.79251521
6935.01886849
6932.22983553
6931.4994608
6932.67024327
6934.4461621
6937.30132349
6940.514023
6942.70030324
6945.0499321
6946.9740126
6949.99423716
6951.05179701
6953.76838005
6955.993586
6958.16261626
6960.1523373
6962.80837464
6964.69777397
6966.20984821
6967.21677327
6968.44650537
6969.00311875
6969.32046965
6969.7693595
6971.86449013
6973.34168805
6976.22281153
6978.11593964
6980.39759312
6981.65618671
6982.70385657
6984.70035912
6986.38988864
6988.07260877
6988.32352458
6988.03817851
6987.5940838
6986.43956162
6986.6768935
6986.04254717
6984.97527854
6984.68238429
6983.67472044
6983.09608284
6983.24904663
6982.88670638
6982.7903783
6984.02692676
6985.70541629
6987.11967094
6988.03817851
6988.57129706
6989.11353895
6988.7188454
6987.11937821
6985.26795673
6984.13762635
6983.05202743
6983.3058496
6982.16006741
6981.37991516
6979.02193661
6975.37728359
6972.64371542
6970.55052933
6966.90618297
6964.79279175
6960.51531179
6957.15326575
6953.35316077
6950.41043219
6948.07671513
6945.71501477
6945.07208874
6944.67112248
6943.01430868
6937.91642651
6932.52245796
6927.0368589
6921.55448681
6915.87479582
6910.60435806
6905.3323103
6899.89122665
6895.5410807
6890.97838011
6886.42966769
6882.50925191
6878.39907936
6875.60787881
6874.12479848
6874.84438412
6875.97881269
6878.16951868
6879.69656382
6881.45799963
6883.3484932
6884.58026742
6884.88767257
6884.4516627
6883.55929844
6883.37620468
6881.7390245
6879.23565125
6876.05974473
6872.11110171
6870.34888529
6868.86196465
6867.95589101
6867.10392308
6865.08840721
6863.34463259
6861.02866036
6857.98253644
6856.00232903
6854.67773247
6854.28640529
6855.22004405
6856.19232278
6857.01417468
6857.62892922
6859.02304146
6859.90309725
6862.35237177
6864.02008616
6865.42816566
6867.32288983
6867.67674796
6868.0291773
6867.83788022
6866.78742248
6865.58528338
6863.37817771
6861.7525254
6861.29171737
6860.28057566
6859.56554819
6858.65311819
6857.58062927
6857.60692591
6858.44597204
6859.9364054
6861.40922635
6861.786649
6862.57892154
6863.87273297
6864.1609436
6864.6024177
6866.06881957
6866.77602007
6867.35204404
6867.56416656
6867.56416656
6868.35044516
6869.32365086
6871.30770554
6871.42083755
6871.83763198
6870.48130243
6867.60666076
6866.08358834
6865.86255159
6865.86255159
6866.91803447
6871.59135798
6875.62445274
6880.36041285
6882.10514929
6884.17883418
6887.78285391
6889.88575575
6892.4636559
6895.51086709
6900.0675389
6904.45830421
6910.58475929
6915.11482779
6918.60703976
6921.67298548
6926.61432144
6930.37291496
6934.96365461
6939.87082516
6943.94888835
6947.94816617
6955.58202581
6961.90209888
6965.13091232
6967.38957976
6967.80976843
6966.27240118
6962.5788279
6959.63659418
6956.64794232
6954.91279618
6956.00989508
6956.06859381
6955.68893389
6955.2380507
6954.21848263
6953.99370316
6954.73294333
6954.45408603
6955.11804658
6954.55082533
6954.63819039
6955.02693879
6955.0306397
6955.48865287
6956.72854679
6956.87398331
6957.49903208
6957.74951576
6957.74951576
6957.74951576
6957.18603027
6955.78607742
6954.38968609
6953.68325922
6954.30124073
6956.70528893
6958.4983532
6960.76975426
6963.75453794
6965.64411151
6966.394315
6964.55415654
6960.70909705
6957.71456277
6955.36726178
6955.80184286
6958.31159338
6960.11180158
6963.27843842
6965.17034683
6967.46341666
6968.86736313
6970.4187534
6970.23968812
6968.7877623
6965.8261389
6964.23969109
6959.28698059
6955.02215061
6948.76918868
6941.56012468
6933.7514234
6927.2816135
6920.31086411
6915.40133084
6910.75318185
6907.24790869
6904.37280702
6901.42207027
6898.44591507
6895.35901149
6892.21062827
6890.37328556
6886.53626213
6883.56334783
6884.26921712
6884.73810302
6885.96469179
6887.39287885
6887.95928465
6888.5451986
6888.32381337
6887.47312786
6885.3725539
6880.55051811
6876.2145973
6873.11767131
6871.31144129
6869.94642054
6869.74352589
6868.68850301
6867.05252858
6866.20287458
6866.50119125
6867.83293871
6868.97139575
6870.02815409
6870.56449962
6870.20529573
6869.26101425
6867.33950557
6866.00708902
6862.99750021
6859.58140424
6855.84675161
6853.21462727
6851.19290141
6850.88837475
6850.88837475
6851.55136651
6854.14736694
6856.85319575
6859.45228376
6862.25919398
6865.67653056
6867.91277651
6868.52196923
6867.74028365
6866.36004806
6863.21203424
6858.55563314
6854.90522315
6851.33621218
6847.84105901
6846.77086311
6847.14499607
6848.67491272
6850.91153503
6853.65387107
6856.60378539
6857.8825423
6859.89136029
6862.49052496
6865.30048791
6868.55858799
6874.819349
6879.77906404
6884.05602128
6887.10334399
6887.90866379
6888.45569385
6887.98349038
6888.24464466
6888.09775148
6886.99968379
6886.46159584
6886.25836665
6886.03785263
6886.89911813
6888.24590618
6889.52152672
6891.05846882
6891.98692213
6892.97207387
6894.52462111
6894.98997337
6894.31502162
6892.3602954
6892.13592017
6892.32077725
6892.27337639
6893.33354988
6895.09813599
6897.27830381
6900.6850604
6904.39841366
6906.06505472
6907.07901219
6909.69752473
6911.30646372
6913.13603523
6914.1995681
6915.38808146
6916.51227852
6917.6662013
6917.81147752
6916.84248849
6915.74637231
6914.73073515
6914.62565313
6916.20044762
6917.49908904
6919.39405018
6921.07877062
6922.12991835
6923.66032985
6924.86032926
6926.58707693
6927.60141076
6928.76179445
6931.25537529
6932.90600697
6934.21729142
6937.16304484
6939.56939304
6942.52594947
6943.97630014
6942.29941364
6943.60018779
6944.67780641
6947.13347911
6949.8415661
6951.86971801
6954.18585751
6957.82088539
6960.83026511
6965.01642819
6966.365572
6967.16217968
6968.14402082
6969.61230451
6972.19005829
6973.46599247
6973.79510123
6972.47563437
6971.37512032
6972.04303965
6972.15801863
6972.72369261
6972.43825592
6971.59217738
6971.48643324
6971.43065481
6970.87530991
6968.49166896
6965.82231254
6962.76828499
6959.38940018
6958.86685465
6958.08983876
6956.72965497
6953.49954517
6951.53806531
6948.58203857
6943.37540135
6939.15456406
6934.75777694
6930.07823647
6923.96804167
6918.00214036
6912.32370392
6906.80159762
6901.38344425
6896.98276805
6893.70415617
6891.57670709
6889.18443766
6885.35200725
6881.31813886
6879.39189776
6877.61335135
6875.27628187
6873.02312746
6868.41635752
6864.47689358
6862.32918361
6860.98491162
6860.34040348
6860.17184849
6860.85864872
6861.15866599
6859.94092175
6859.58980968
6857.35915343
6854.83892746
6851.04276035
6846.57487542
6843.2524939
6840.77867213
6840.10003341
6838.16845353
6837.67646311
6837.42583306
6837.7755721
6838.07115665
6839.70624593
6840.34961801
6841.78864991
6842.67198842
6844.56035623
6845.97248512
6847.37882917
6846.47465128
6844.39036549
6841.43856238
6838.57952584
6836.51754306
6836.15937069
6836.13567374
6836.71931558
6837.20844843
6837.02598194
6834.8394508
6832.97673145
6827.7100155
6821.47311871
6814.91164345
6808.42788024
6802.97786144
6798.93503003
6796.47068007
6794.46982147
6794.03588857
6794.58043742
6797.39633157
6801.44584692
6804.59022953
6809.04797356
6814.23202898
6818.73507599
6822.20200889
6823.29276537
6823.70056193
6825.09875145
6826.13054435
6828.49208442
6830.37891889
6832.73990138
6835.44246837
6837.21325751
6838.81314985
6842.88700335
6845.91526396
6848.01711338
6849.25657517
6849.88218151
6851.20413655
6852.50787282
6854.40539881
6855.94048
6856.64153324
6857.03049073
6858.17123383
6859.8613488
6863.21898999
6868.03992456
6872.53395977
6877.11315761
6880.71471704
6882.38980537
6882.35627419
6882.53833643
6882.53833643
6882.6061097
6883.66281228
6886.77208856
6889.73010863
6892.5152107
6895.19760044
6898.70382148
6900.60173079
6904.05333037
6908.68373453
6912.65617207
6916.78784612
6920.97289406
6923.91018627
6926.78894703
6930.44983943
6936.82518911
6942.02073755
6947.21412539
6949.78293706
6950.4299752
6950.12866157
6950.48479182
6950.00039139
6950.15228882
6952.16666862
6953.67538347
6955.05844876
6955.64791726
6957.1459894
6957.21877387
6956.95050353
6957.90822258
6959.31867177
6960.87183234
6961.99124122
6962.1917592
6962.55879702
6962.98914749
6963.53499271
6963.2240818
6962.39565051
6961.25405014
6959.21966035
6957.20374722
6955.70758478
6955.77286289
6956.67364654
6958.7132845
6961.48384779
6963.52974453
6964.59204377
6965.51196618
6965.62008001
6964.91975162
6964.53612595
6964.21563172
6964.00921738
6963.1066495
6962.53995794
6961.11702603
6959.39436957
6957.90754652
6953.79969487
6950.16463911
6944.52583929
6938.20145895
6933.38768922
6929.54690912
6926.44110374
6924.19074417
6922.41840079
6922.3152912
6923.01538959
6923.44719673
6924.34852401
6923.98612801
6923.53638089
6922.60895909
6921.06904093
6918.63352458
6915.55290766
6911.38847606
6907.98429129
6905.52362829
6904.19344902
6903.96997985
6905.70208721
6908.19090775
6910.53802752
6911.38337425
6910.78506818
6910.30168533
6909.7640992
6909.87151607
6910.29442292
6909.38916473
6907.19520389
6902.80123253
6897.37311947
6891.74918601
6883.62543383
6877.51307146
6871.95916943
6866.68636895
6864.15386239
6862.72486685
6861.66010034
6861.96526125
6863.37295044
6865.39105903
6866.87215997
6866.16831189
6865.74455474
6865.10221417
6864.54859775
6863.93384322
6864.03396281
6863.54227209
6862.98999386
6861.36194397
6859.63896691
6858.12317781
6856.38380804
6855.22111738
6855.61893335
6857.62513771
6859.12054045
6860.02924167
6861.1990205
6862.07694356
6861.22314956
6861.98889546
6861.0982806
6859.36109233
6857.10802156
6855.47064622
6854.3470625
6853.49239032
6852.93689906
6853.77466277
6855.65731543
6858.21795166
6862.06426569
6866.18728339
6871.24749439
6875.69267206
6879.45940618
6883.40790283
6886.01177205
6887.21041933
6888.80765622
6889.4355765
6889.04061811
6887.0338283
6884.99913185
6882.68337568
6882.29844667
6883.31471808
6886.05678928
6889.86433789
6892.91660211
6896.39038621
6899.70725472
6902.58998123
6904.35087341
6905.49295469
6905.70267266
6907.72216822
6908.12758114
6910.26220204
6911.27041649
6912.71226413
6913.67408135
6914.94556887
6915.84933554
6915.91080124
6915.47548137
6914.42697515
6913.77501641
6913.04853077
6911.37281517
6910.44474519
6910.30926836
6911.42572209
6916.1483213
6919.84383912
6924.53802988
6928.67039393
6932.65881298
6934.13464483
6934.96405188
6934.83655534
6934.30521406
6936.36748957
6937.72507367
6940.41937461
6943.69965224
6946.04102202
6951.31375281
6956.18185127
6960.52596844
6963.69872466
6965.35098028
6966.23970636
6966.65720474
6967.38852734
6968.03581639
6968.87023464
6971.00910705
6973.13548977
6974.83891686
6975.59521186
6975.30977517
6974.72025091
6973.78931639
6971.68423304
6969.43121105
6966.18495945
6963.33386836
6960.47730607
6958.57196009
6956.6253884
6955.64300363
6954.25869774
6953.59854264
6953.76039975
6955.33959211
6957.00178651
6959.56521758
6962.25424944
6967.30882196
6971.11933967
6974.579045
6975.72402567
6975.28003551
6974.66468158
6974.19258265
6974.00463799
6974.28330711
6973.32148989
6972.36955569
6970.75501306
6967.65833101
6962.96446085
6955.69416812
6948.21545378
6940.6480362
6934.00933678
6929.54393306
6924.08421246
6919.88383818
6914.33774918
6908.54307921
6902.70297384
6897.53163113
6893.96395137
6890.28171778
6887.91728529
6885.20944224
6883.12076554
6881.60269737
6879.86214274
6878.42432357
6876.99674288
6875.82468496
6874.70886547
6873.39417982
6872.69310567
6872.26607973
6871.35560822
6871.22290532
6869.24469124
6867.92286165
6866.97959078
6866.40811104
6865.90954821
6866.30724569
6867.22384356
6867.22384356
6867.36097918
6867.72748033
6867.43525517
6868.02511397
6867.8432887
6867.07828856
6865.16741562
6863.08174983
6861.56475498
6859.81102067
6858.02189428
6855.15898957
6851.59817495
6847.44364728
6845.20498285
6844.26707167
6844.10628092
6845.08900721
6848.06868908
6851.2313741
6853.99185225
6856.12638254
6857.4099555
6859.47365283
6863.13838553
6865.2416707
6867.22384356
6867.09673733
6866.6273984
6866.67935744
6865.73272021
6864.97278006
6865.18191257
6863.6422732
6861.7620669
6861.13579147
6861.62554462
6863.04260108
6865.34769362
6867.24445991
6868.84634558
6870.12227976
6871.92196523
6872.67623205
6873.26732449
6875.76142109
6878.17763837
6881.00024433
6882.89691304
6885.02151849
6886.9940941
6888.59664189
6889.34477538
6889.30848421
6889.00445239
6889.00445239
6888.80362077
6888.67261151
6889.47485071
6889.11600228
6887.55811626
6886.64652262
6888.09167391
6889.37028445
6891.21084715
6892.12853926
6893.669475
6895.18005076
6896.52247578
6898.58473735
6899.91396875
6901.24120682
6904.83536444
6909.64975447
6914.19589508
6919.55227608
6923.96940076
6928.97302484
6934.45934875
6938.0385076
6939.29860664
6938.75317961
6939.77744525
6942.29673031
6943.59286265
6945.28821186
6944.92663828
6942.29235334
6939.98851534
6937.29250683
6936.98986895
6937.15689757
6938.28066251
6940.41671219
6942.80340586
6945.47992712
6948.55431314
6950.62181592
6951.16661568
6950.07144738
6949.74861831
6951.18093142
6952.12449503
6956.32332204
6961.46639568
6968.54711285
6973.84729027
6977.17333089
6980.4551976
6983.70521284
6986.61806932
6988.75313628
6989.54928396
6988.7188454
6988.7188454
6988.73264539
6988.80317865
6986.74997767
6985.39391994
6984.00498618
6982.59302456
6982.32552785
6982.05805903
6982.40900383
6982.62621422
6983.49847092
6985.25029554
6986.78213582
6988.78394231
6991.15063994
6993.27242267
6994.79787872
6995.1849753
6995.22470253
6995.57945975
6993.53943149
6992.00693605
6990.11125007
6988.10285026
6986.06235503
6983.15456551
6976.79447248
6971.19100899
6962.99958112
6954.49990477
6947.12932517
6940.78173576
6936.08096561
6931.85798166
6926.88000603
6921.36390063
6917.79629057
6915.74528504
6912.40293535
6908.80706319
6904.9003777
6899.77993464
6894.47627237
6889.80346462
6886.9625214
6885.19815832
6884.81009992
6885.86207705
6886.09280863
6887.30284439
6887.17398179
6886.53828334
6883.95747683
6881.4575466
6877.41517519
6874.12571151
6872.8437137
6872.32867452
6872.91422605
6873.76802702
6873.34963653
6873.04094199
6872.64681299
6871.82617381
6870.43116945
6869.34761962
6868.27259373
6867.56416656
6867.16411332
6866.25228272
6867.73656184
6870.06365769
6872.73725169
6875.73784959
6877.63111709
6879.45642315
6880.27844233
6880.49640544
6880.20135755
6878.39313421
6876.57227482
6873.82929756
6872.22885462
6869.97490566
6867.47313543
6864.36128733
6860.25884416
6855.49076772
6847.44992
6841.58332284
6836.42916739
6835.10764447
6833.72576403
6834.21259688
6834.72438121
6836.27722815
6836.66767018
6835.91417699
6835.98345571
6836.77583977
6838.19089593
6840.60240867
6842.50722495
6844.579035
6846.89415692
6848.10242238
6848.86922767
6849.60901845
6850.47033274
6851.65570974
6852.32789452
6853.15033188
6853.1981788
6853.61095172
6854.08120367
6854.61301193
6854.14954846
6853.05753046
6852.43224472
6853.25615268
6854.94140978
6857.76975877
6860.73520157
6863.89239447
6865.60154367
6866.54319758
6867.00123166
6869.44762073
6872.54918157
6875.89713489
6879.85545184
6884.13042272
6886.97510866
6888.76550354
6889.62533328
6889.75317134
6891.74931843
6894.59490346
6898.40126723
6902.49152739
6907.43710789
6910.88944626
6913.93053807
6914.92493859
6916.74461313
6916.93608446
6916.23022213
6915.82705344
6914.47701752
6914.29349861
6915.31210487
6917.00831832
6918.02549579
6920.65101983
6924.36484703
6927.68844825
6931.36132852
6934.93424949
6939.85170033
6943.78142761
6947.42451942
6949.19134281
6951.87178104
6953.43990553
6953.5365821
6952.89990092
6952.15132136
6951.96403882
6952.00247666
6952.68714416
6954.51675051
6955.95912786
6957.85091778
6957.80901601
6958.86674313
6959.29471695
6959.05551719
6957.85432596
6956.45931463
6957.36944463
6960.31021472
6963.97234075
6967.7051952
6971.98377638
6977.6001547
6981.97509881
6986.83808152
6989.7913413
6991.68779395
6993.14299552
6993.27200448
6993.76685247
6994.01086132
6993.8405221
6994.65960007
6995.92982607
6996.29162268
6997.17036119
6998.7080839
6998.92846549
6998.34412668
6995.52649011
6992.89661698
6988.1770914
6981.54977348
6974.60653345
6967.78384118
6962.36927024
6959.09776048
6957.18683875
6956.04645807
6954.12020303
6951.61039675
6949.5972227
6947.65780192
6944.21385506
6940.96770103
6938.5629698
6934.82135445
6932.02477331
6926.88860663
6921.66160397
6914.17021874
6905.82257224
6897.65083374
6890.90174837
6886.00791084
6881.82841078
6879.39158412
6878.2332077
6877.09318248
6877.09318248
6876.74928404
6876.0722135
6875.93001092
6876.80693034
6878.19759956
6880.91865714
6881.5835586
6881.50724746
6880.2847499
6878.84232376
6876.00959084
6873.18937548
6868.31983428
6864.34752917
6862.03108997
6859.35230356
6857.35878403
6855.31179305
6854.24630866
6853.32784291
6853.84868088
6854.97223672
6855.0122079
6855.37805389
6855.91392548
6856.77926128
6856.52856153
6855.11175598
6853.55407208
6850.84808297
6848.74412174
6847.27058988
6845.96990633
6845.34639786
6844.98892246
6845.02007698
6845.58504005
6845.47694016
6845.09277085
6844.84437109
6845.11117083
6843.82937514
6844.0819567
6843.95984774
6844.1494233
6844.61451072
6844.10439911
6843.74162674
6843.74162674
6843.97699317
6845.15521927
6847.1599809
6849.96596415
6852.37105084
6856.11043589
6858.79509775
6861.06165488
6863.75781673
6867.01119135
6869.80536795
6871.95604004
6874.92605495
6878.39620088
6883.53823604
6887.242459
6890.49239757
6893.39681375
6896.47599492
6899.92843086
6903.12234706
6906.87737906
6912.53883037
6916.41115528
6919.91902117
6922.54116491
6926.59438116
6930.0385162
6934.45541785
6939.34389568
6944.47820146
6947.90292591
6949.65470871
6950.13676035
6949.4117941
6947.44685728
6942.93503543
6939.79300857
6938.05740243
6937.67051493
6937.77043938
6939.08509716
6939.91068482
6941.94855944
6943.00646081
6944.6538028
6946.77915401
6950.56235053
6953.03694593
6954.38983943
6954.54911078
6953.91584475
6953.55726814
6953.32533079
6952.77365892
6952.4141414
6952.98368356
6952.33781633
6952.46286651
6952.03986208
6953.53026059
6954.36304794
6955.82749829
6958.38349271
6964.6939267
6970.35164225
6975.88977187
6981.12504057
6985.64645969
6989.8565776
6991.31233675
6990.67440102
6986.8481806
6982.85428339
6980.75982881
6979.24690427
6976.26343089
6974.00323709
6971.0116928
6967.67055584
6966.40814983
6966.61906659
6969.01569207
6969.50751522
6970.68095314
6972.32658755
6975.19021014
6978.7718502
6981.53689349
6985.33390394
6987.67056918
6987.35753252
6986.56532271
6983.25995419
6980.29242746
6976.38540743
6973.36378197
6969.58036242
6966.16106735
6964.1641745
6961.17018386
6958.0141758
6954.81189597
6950.77100214
6946.80772277
6942.67344205
6939.99536655
6938.05222395
6935.48928772
6932.32455361
6926.97522593
6920.66868103
6913.93869957
6903.92467686
6896.0340399
6885.48319076
6874.35449158
6864.64427766
6855.7197987
6848.47934322
6843.13080311
6839.04496174
6835.17915349
6833.16031308
6833.02886473
6834.03716978
6835.36970481
6838.10858389
6840.72723582
6842.96645782
6844.84674079
6846.12386678
6846.67502987
6850.39636342
6854.66067764
6860.60013594
6867.49645602
6872.50877131
6877.70825762
6880.81496906
6880.29090413
6878.75504233
6876.94986475
6875.27416309
6874.50038113
6874.99727124
6875.54650372
6875.73189051
6875.34609029
6872.34887965
6868.90637552
6864.85104048
6861.47784991
6859.14073862
6857.66208403
6858.12258539
6860.25929022
6861.6520155
6862.18101497
6860.99384676
6859.56927697
6858.29360067
6856.01361295
6853.8814663
6851.77965173
6850.81908906
6850.27465869
6849.30763512
6848.59497037
6847.88650138
6847.33324739
6847.15370818
6847.64925314
6849.04899689
6850.22621238
6851.9885194
6854.85851926
6858.40264147
6864.04717038
6868.67612484
6873.6430326
6879.58452605
6885.48418742
6890.08383434
6893.65039895
6896.36488412
6895.36062149
6893.00459445
6888.1923232
6883.85172572
6880.03818317
6877.23452779
6875.32674243
6873.75325825
6872.59475637
6871.66138943
6872.44720804
6873.54901845
6874.01469829
6872.57702548
6871.02567006
6869.39143806
6868.58512856
6868.66890424
6872.7725462
6877.01334468
6881.82318351
6886.42848981
6891.86710619
6896.12125163
6902.93482058
6908.52541105
6913.16227611
6916.23539364
6919.49806583
6921.3241037
6921.8896592
6920.83426692
6918.41307328
6916.83884334
6914.56036804
6912.48667618
6912.57918487
6913.38315255
6915.54721342
6918.24032952
6921.47658658
6923.80964152
6925.99383085
6927.97093675
6930.88375142
6934.26507561
6937.30501045
6941.05213186
6942.4350229
6942.33732875
6940.43157157
6938.38847664
6936.94182687
6935.73832171
6935.68100995
6936.30922296
6937.5610908
6939.03179994
6939.19507886
6939.73603832
6938.19124835
6935.6933254
6932.31400847
6930.13140126
6927.73780062
6926.12944011
6926.73488314
6928.64022912
6930.90748321
6933.29032962
6936.23659879
6942.26372883
6946.88093239
6952.01895301
6956.71218892
6963.82507817
6969.54703336
6975.60508791
6980.79006333
6986.48973642
6990.19446817
6994.41928515
6996.76249493
6999.38895291
7000.4077822
7000.07700071
7000.14809155
6999.64118599
6999.14159861
6996.24123182
6991.32969127
6984.73435029
6975.39619933
6965.53631131
6953.35274259
6937.56457565
6926.55015848
6919.63143085
6917.3596604
6915.24217797
6914.40849153
6913.10536162
6909.83102914
6907.7123758
6905.388946
6902.31053151
6899.11347895
6897.42088973
6895.99178267
6894.15340148
6891.2246332
6889.15866375
6884.30480436
6881.95742671
6879.15163163
6876.86468119
6874.8224993
6873.49355366
6873.37756408
6872.90903363
6871.53689683
6870.32194743
6868.14308295
6866.9475999
6865.04686786
6864.09947093
6863.14175189
6863.33352291
6861.85840893
6860.75772063
6860.64913983
6860.54297752
6860.19686968
6858.17257898
6856.57845057
6854.29414164
6852.02562603
6851.13193056
6850.77290092
6850.15342094
6849.23620973
6848.53126741
6848.07705271
6847.20430813
6847.5692411
6847.93027104
6848.53287044
6849.87418728
6853.14819915
6856.09393863
6860.07980677
6862.81152101
6864.62754343
6865.29965852
6863.77365883
6862.99660112
6862.02027998
6861.14773055
6861.77868264
6861.61655372
6861.09804363
6861.09804363
6860.96223922
6861.80252595
6863.15549612
6864.2804459
6865.11384658
6864.93297616
6865.29298852
6866.28954268
6867.99134583
6869.36036718
6870.19564271
6868.97958514
6869.18592281
6868.82406348
6869.1830513
6870.55723023
6873.49751244
6876.7820137
6879.33105236
6881.24271985
6882.60515485
6882.07957053
6882.28273002
6881.28811344
6880.80655665
6881.26994346
6882.53833643
6882.77953649
6884.27257651
6886.42198709
6888.25324526
6892.67156175
6896.52193911
6898.47934867
6900.64453166
6901.37821001
6903.17813943
6905.73719353
6909.49656068
6914.11868485
6917.40927762
6919.52214611
6921.06782123
6923.18736669
6925.81010982
6927.80739298
6931.6870291
6935.3865057
6938.70995359
6941.65381125
6944.36858915
6946.87052664
6950.47544546
6955.0206591
6961.69544061
6966.57579179
6969.97004476
6971.44895025
6971.70272363
6971.70272363
6972.12250109
6972.72369261
6972.74174411
6973.11476888
6973.55920511
6974.28429681
6974.76561663
6975.16891774
6975.93487273
6976.12308921
6975.6683936
6975.10646932
6976.83491759
6978.27595675
6980.47816273
6983.16701338
6984.26676773
6984.63495555
6984.4591939
6983.44594734
6982.82809826
6982.46980741
6982.80727283
6985.13418747
6987.03260557
6987.35753252
6987.05362616
6986.09473621
6985.86648583
6985.77790107
6988.64280608
6990.77936455
6993.49071336
6996.34124687
6997.34495193
6998.4764114
6998.37667514
6998.73171115
6998.14681476
6997.19858844
6996.94586748
6997.14213395
6997.20444298
6996.66833442
6992.55384763
6982.25733641
6972.60129091
6962.68795234
6952.13831592
6944.33536463
6939.18577433
6935.22793132
6934.03400948
6934.65055523
6936.81941821
6938.3655603
6939.61793693
6939.02929085
6938.08894724
6936.94267718
6935.81071588
6935.56056674
6935.07616632
6935.45080806
6934.18119539
6931.67605881
6929.04641568
6925.28786398
6922.59398819
6921.27776921
6921.4109321
6923.11588555
6924.42700969
6925.21733769
6925.26665522
6925.04427332
6924.29682285
6923.71730707
6924.21883202
6925.89585792
6927.45737515
6927.58529684
6926.37924077
6923.66245561
6920.19923059
6915.81483558
6911.33805036
6907.25144232
6898.60499824
6892.40071263
6886.70105348
6884.11101213
6882.10659201
6881.74587571
6881.90483343
6882.97038751
6883.08844012
6882.66240388
6883.89962143
6884.33600766
6885.27612127
6884.95893068
6886.02578809
6886.93181295
6887.37768492
6888.55231466
6890.01824956
6891.67684062
6894.07596823
6896.36758836
6898.24154982
6899.61199996
6900.52291754
6900.15554518
6899.0788605
6896.20549428
6893.76482035
6891.08838273
6888.93597518
6887.11018125
6885.33263151
6883.11985252
6882.28635426
6881.5818092
6883.98730013
6886.40234651
6891.31144069
6893.74345129
6896.9225778
6899.8034922
6902.66063994
6905.20398437
6906.37632108
6907.92457498
6909.9127139
6913.02769836
6917.60055379
6922.54632945
6928.58239463
6936.01506023
6941.06738154
6943.79631487
6943.97993832
6943.80271304
6941.65602065
6939.81398734
6938.40074329
6937.73883184
6938.41600692
6938.60153309
6938.68371968
6940.14335398
6941.98882334
6946.69588015
6951.69507849
6956.5253385
6960.66182164
6962.28325729
6963.02391231
6963.44689582
6961.76177115
6960.35346861
6959.04953022
6959.38030474
6962.12947805
6965.10182781
6967.59253016
6971.00151706
6973.57265661
6975.68649389
6977.32422467
6979.71136441
6982.32809967
6984.88823408
6989.7778201
6993.86087359
6998.78112625
7001.82346563
7003.67433651
7004.75038694
7005.67707693
7006.84916969
7007.85608081
7008.73900114
7008.7982435
7009.92579995
7010.53543874
7012.59170638
7017.3687319
7020.99910403
7024.92338798
7028.11271813
7032.63298027
7038.62371459
7044.75035088
7050.72226006
7054.11440819
7054.68201974
7053.80132971
7051.58865526
7050.53156238
7049.75061558
7048.64550153
7048.08004362
7045.71237023
7044.61256011
7044.06730732
7045.16414138
7047.79686511
7053.8690751
7058.8377671
7063.12161039
7066.68200683
7070.15214579
7071.07674486
7070.93386622
7068.23436589
7064.8183187
7059.04873265
7052.10170111
7044.14412028
7036.38804713
7030.06855254
7021.06852214
7012.80971828
7004.3085086
6994.79634538
6987.49100905
6982.47628922
6977.78823179
6973.5462136
6971.32506401
6970.61392563
6968.32867579
6965.45896866
6960.95948316
6953.74497583
6948.83743589
6941.9844185
6937.9818928
6935.00163245
6933.57120812
6932.35868419
6931.82488957
6930.86406901
6930.81925391
6930.67217254
6931.99023849
6934.16361087
6935.41935385
6937.54885203
6938.62377337
6936.7443198
6934.51130082
6931.07568274
6927.83374538
6923.76964944
6917.84432567
6913.25867389
6908.70794026
6906.21249851
6904.34625947
6903.63830624
6904.0576934
6905.42831081
6906.33577839
6905.90375519
6905.08373631
6904.21133324
6904.48390388
6906.19335277
6909.09700927
6911.18793717
6911.93285764
6912.57617397
6912.71590928
6912.35741631
6911.85676954
6912.25656489
6913.16732216
6913.16732216
6912.51110494
6910.44113489
6908.70557754
6904.0931273
6900.17370122
6896.90807388
6895.13025232
6895.42459627
6896.86134211
6899.27721787
6903.31843929
6906.4971755
6909.7274247
6911.30739766
6910.16954698
6908.00993278
6906.14604949
6905.03385424
6904.65926825
6904.65926825
6904.99807882
6906.34212778
6907.545849
6909.39754927
6912.34436208
6914.50633901
6917.59150713
6917.86205656
6918.83608468
6919.16309556
6917.78864482
6916.2205482
6913.98749437
6911.84982075
6907.98742765
6902.33827784
6895.31708183
6884.85338866
6877.66545676
6874.22714838
6870.99757524
6870.04775983
6870.52913541
6871.51954927
6874.76787784
6878.08606361
6883.10426132
6887.20470419
6892.75719833
6898.63252852
6905.40303175
6914.44438543
6920.29829079
6923.70048224
6924.98770731
6924.62574343
6924.00578951
6922.93843027
6922.36014115
6922.65396934
6922.1377941
6921.33505309
6921.4531057
6921.40449211
6920.69418312
6920.29778897
6920.07770707
6920.9764486
6921.80777928
6921.4585769
6921.53527834
6920.8720984
6920.28611474
6920.15751699
6921.34722914
6922.90764515
6924.70208942
6927.20608994
6931.69546939
6934.72506818
6936.47192341
6940.57261021
6943.82377545
6947.04562616
6952.3334533
6956.96041443
6963.31314747
6968.74905961
6972.18479618
6974.45275421
6975.10593962
6974.6447622
6974.05832552
6973.92567838
6974.76561663
6975.20482558
6976.38396471
6977.24088809
6980.2009921
6983.0893083
6984.78614206
6987.059411
6988.38806391
6990.53654055
6996.5384194
7001.51233867
7006.58223057
7009.95681507
7012.65840631
7016.37297229
7019.30651481
7023.17768973
7026.18267157
7026.18552915
7024.26050077
7021.64115187
7017.6634104
7010.12534218
7003.6498032
6997.66583645
6992.75980197
6989.30060543
6986.29345601
6983.34444774
6979.80266735
6976.92651325
6972.47032347
6968.66101152
6965.11673597
6960.58099414
6956.87103513
6952.8163413
6950.30457654
6947.27698502
6946.27062452
6946.1776837
6945.10200265
6943.44450583
6942.00155697
6938.08252816
6933.19310941
6927.6831931
6921.79917868
6916.73767829
6908.91519096
6903.01808747
6898.89812249
6894.76548663
6890.95895559
6888.57302161
6885.13287323
6882.19534405
6881.17704446
6881.53475683
6883.75056067
6887.00259712
6889.95317356
6893.64537381
6896.39912621
6894.51919172
6892.59215607
6891.36472397
6891.69059182
6891.04639035
6890.42132764
6889.61607753
6888.53576164
6886.62219841
6886.27777724
6885.6012364
6884.85922229
6883.88734781
6883.31269687
6881.85769044
6881.54887045
6880.83672843
6880.27708324
6880.24730872
6881.29477646
6882.72704776
6884.18877993
6886.27786784
6887.61608317
6889.10357532
6889.71869228
6891.25159196
6890.06414496
6889.00445239
6888.40131632
6887.71662095
6888.0184155
6887.79145451
6890.09966947
6893.02361473
6896.79790399
6899.5168846
6900.72013188
6900.90387382
6898.12238206
6894.26258865
6890.06975557
6886.93161779
6884.23924049
6879.77806737
6876.56591846
6873.46527065
6871.99084667
6870.42905763
6869.39274836
6870.32288834
6873.82618908
6877.36049797
6883.1760561
6888.01478429
6892.22663068
6896.88294118
6903.15603157
6907.8969541
6911.60754736
6914.68274186
6917.39593763
6920.72733097
6922.44235562
6923.97519954
6925.29127913
6927.7310679
6930.93548046
6934.17798934
6937.9868831
6943.03607502
6946.96401806
6949.49983523
6951.34743732
6952.12090564
6950.81845876
6950.46136669
6951.19665504
6952.50568828
6954.74464544
6956.57399391
6956.2659824
6953.62276928
6948.39953724
6943.74352644
6942.33447118
6942.07360265
6944.4660742
6949.02638418
6953.73507887
6962.00519454
6968.81517409
6974.20202658
6977.04713071
6979.9860608
6981.8183226
6983.86582934
6984.67061945
6985.9021567
6987.27855199
6986.60423449
6984.42203152
6980.42825975
6973.02759897
6966.68334107
6960.16555183
6956.58577966
6953.66476167
6952.04019662
6951.32814522
6950.95432589
6951.47867658
6952.88076215
6954.38673095
6957.15704333
6960.51329755
6965.14543716
6968.67480454
6972.90053455
6975.56377159
6977.60310985
6979.45415497
6981.79314808
6984.35299674
6986.29163692
6988.90814218
6993.02172292
6997.47117301
7001.69494455
7006.32881264
7009.542467
7010.15914517
7009.51451854
7006.6355487
7002.78270406
6995.54593554
6989.18232979
6982.86254944
6977.15288878
6971.06036215
6965.91421487
6962.12542169
6958.57718039
6956.39641318
6953.06029439
6951.96403882
6951.5047014
6950.07006041
6945.67063875
6940.82984753
6934.77421844
6930.83417601
6926.41209589
6922.68485901
6918.47268504
6913.70559829
6911.02059492
6909.83392156
6908.83718619
6908.62022671
6907.72216822
6908.02114004
6908.43593417
6909.29603573
6910.44474519
6910.86888568
6911.80603716
6912.23355098
6911.88625132
6910.74802428
6910.23662328
6909.23282761
6908.62609519
6908.26774161
6908.51371591
6909.00663329
6907.66686373
6907.0456692
6905.37543874
6903.97862923
6903.11701525
6900.20160786
6897.87563412
6894.82716141
6891.82411017
6889.6548778
6888.0511591
6887.7946536
6887.96113161
6887.52758902
6886.79041187
6885.95419544
6885.00392699
6883.27686569
6881.4924996
6878.45389597
6875.77664986
6874.11557061
6871.94803187
6869.93850297
6868.62004671
6868.3483682
6870.03014742
6872.87152276
6876.8358685
6880.59637867
6883.46586278
6885.62995152
6887.00838893
6887.45585
6887.57802866
6886.62219841
6885.50782861
6883.43743341
6882.93803421
6883.87726267
6884.98828004
6883.56062965
6881.14291389
6878.88442069
6878.13761144
6879.19083614
6882.07336053
6884.4184591
6886.22100214
6887.58484502
6888.7611196
6889.88803484
6892.1951695
6895.32542455
6900.2650181
6905.11004689
6912.31035696
6918.82627832
6923.62189898
6927.68669886
6930.73628672
6931.58253951
6932.51091615
6934.1624539
6935.59048762
6935.14770321
6934.70394305
6935.419089
6936.85218969
6939.02993903
6940.86121811
6943.00344293
6944.56440956
6946.38256471
6948.18117685
6950.97744435
6953.35090259
6956.77128492
6959.74680589
6961.80540837
6963.85483875
6962.09168142
6959.70772684
6958.71739661
6958.21217773
6958.59266704
6958.31311278
6958.37870453
6957.30956802
6956.71984861
6956.34109475
6956.12549436
6955.97901935
6955.27248097
6955.70758478
6957.87331837
6960.85150175
6965.5989967
6970.5541675
6972.61474938
6974.14326513
6974.02264767
6973.0496441
6972.31055726
6969.67626535
6968.11340298
6966.68769016
6967.25235353
6972.39613809
6977.32126256
6982.12588805
6984.86743652
6986.68792652
6987.35753252
6987.20690358
6986.91620478
6984.97820581
6982.76419317
6980.3646683
6977.86985383
6977.38497249
6978.18097382
6980.67194799
6985.05639179
6990.04845316
6993.78239488
6997.03180375
6999.16411071
7000.3941913
7001.89462616
7003.10100981
7004.02163616
7006.04695838
7008.12225327
7009.4526277
7008.17515322
7005.48457409
7000.18231273
6993.34274684
6986.71845376
6975.25647098
6966.76720038
6960.85047024
6955.52666556
6950.58512747
6945.06925905
6939.6703699
6936.92861234
6935.52380163
6934.70232608
6933.92696898
6934.05277189
6933.83947846
6931.83362259
6929.99338049
6927.70801914
6923.38822619
6918.32288549
6913.44217189
6907.6090153
6903.50557546
6901.07666638
6898.18869866
6897.17218331
6896.78570006
6896.58675723
6897.14933667
6895.4265896
6894.98001369
6894.24893502
6894.13247847
6894.51250082
6893.64840562
6893.00184839
6891.81491018
6890.43443762
6889.11993318
6887.32444346
6883.9178402
6880.77612698
6878.83535407
6876.69361015
6875.18304136
6873.71495283
6870.43188035
6866.06058836
6863.26730388
6861.37001487
6860.7188437
6859.85336154
6860.4815397
6863.05184289
6865.65887634
6868.46215535
6871.39230364
6872.40521565
6873.77483641
6873.34963653
6873.34963653
6873.26553328
6873.03686472
6874.66796733
6876.23299031
6877.91168894
6878.26707343
6878.31929035
6876.19821156
6872.61721968
6868.59691431
6865.23229646
6861.37471244
6858.99352482
6856.86825725
6855.59864458
6854.08460488
6853.11554616
6851.12206845
6847.66019555
6845.20254346
6842.99343052
6842.53231583
6841.69170152
6841.55676832
6843.28044235
6844.44110483
6845.03875575
6846.80111156
6848.149189
6849.22907974
6850.58802293
6851.57075619
6851.99306364
6852.44288743
6851.61204463
6851.12875238
6851.70693696
6853.59206386
6855.81648921
6858.1284469
6861.06389912
6864.7197594
6867.85667748
6873.04168078
6877.20683722
6881.04027823
6885.11511446
6888.50387531
6890.18261576
6891.61226645
6892.87582943
6893.57203873
6894.85868532
6895.22549314
6895.58759641
6895.94613817
6897.35723555
6898.97929847
6900.97499254
6903.12932372
6903.74754219
6904.49342447
6905.77532471
6906.37574259
6907.60445015
6909.53751458
6911.93294128
6914.94384736
6918.30376066
6923.70608587
6928.13991689
6932.38723204
6937.35021586
6942.56159944
6947.36159009
6954.28371196
6959.59609331
6963.04634774
6967.15820696
6971.66245973
6974.71085577
6979.35312931
6981.91388402
6985.34325029
6989.05785112
6993.59205265
6996.84480697
7000.78463333
7004.54206291
7006.44325495
7007.00556954
7008.1171654
7008.23014407
7007.66615676
7004.64054463
7002.27781972
7000.91914835
7000.38638525
6999.60912542
6999.60912542
6999.60912542
7000.23793085
7001.08872091
7002.70952232
7006.2756339
7009.77044556
7014.53562261
7020.58064384
7023.7719952
7023.64807411
7022.37227235
7019.91775663
7017.95293132
7013.17848458
7009.0141645
7005.30085306
7000.48068515
6997.44496698
6992.90233213
6988.90019673
6983.18413791
6978.91637369
6973.69415921
6970.6258438
6969.90161634
6970.89460201
6970.78182546
6969.42300076
6966.23160759
6961.90884554
6957.05640797
6953.01294929
6947.65955131
6943.33038412
6940.85357933
6939.12108863
6936.8965448
6935.58415914
6932.91802272
6930.13178459
6927.02948497
6926.13223496
6924.97633278
6925.23091465
6926.66230776
6927.77203574
6928.03394972
6926.84366606
6925.27900551
6922.64163299
6918.74643356
6914.02407131
6910.34161469
6908.71544662
6906.50352489
6904.88677287
6903.99916891
6902.80942889
6902.60183667
6902.43706623
6903.46458672
6904.51656385
6905.80791498
6906.30972569
6906.70120621
6906.47476795
6904.69218609
6902.92175241
6900.76273063
6899.19008281
6897.88134927
6897.54959202
6897.92322317
6898.38737664
6898.3977336
6897.23790749
6896.22056972
6895.35549179
6893.91760293
6893.18016094
6893.54335149
6893.50152638
6894.13696695
6895.51145952
6896.20857488
6896.6649223
6896.2884545
6893.79857456
6890.10516159
6886.52508275
6883.69580679
6881.96742124
6880.26239113
6880.49640544
6880.49640544
6880.5159136
6881.88548557
6879.50965067
6877.63646285
6874.74464786
6871.59788858
6868.82526226
6867.94287163
6868.88997584
6871.60264888
6872.92960119
6874.44557149
6873.97406499
6872.5398631
6871.30770554
6871.68577637
6873.60537536
6876.07054078
6879.36822172
6882.43531047
6885.82144375
6889.14119771
6892.6412436
6895.79684741
6899.82316066
6903.88535387
6908.47394686
6913.28052387
6917.34864132
6920.26220871
6922.94634087
6923.62633171
6921.40736362
6919.47027768
6916.73855647
6913.93087261
6912.48758224
6911.12539118
6911.22464653
6912.12923563
6912.95545056
6912.73994077
6913.74319977
6914.53356262
6915.00648396
6916.0454905
6916.98469107
6918.43056023
6920.71670916
6922.69833839
6925.24579493
6929.72254531
6934.02078101
6938.00105248
6941.80173595
6948.01133944
6953.25840086
6955.36726178
6954.37406702
6951.35787791
6949.00700148
6945.49482135
6943.31132899
6941.67318002
6939.37009475
6937.07154675
6935.6923357
6935.59614701
6936.03583687
6936.58128481
6936.11738921
6935.03623696
6933.3781268
6930.88199506
6928.63521094
6926.3815338
6924.73827605
6924.50366234
6924.60272255
6926.78931642
6928.65674031
6931.30226039
6935.81976951
6940.42807975
6944.47045813
6948.48957866
6950.97046769
6951.15640508
6950.78712303
6950.82144178
6949.24815275
6946.8611315
6945.00236397
6942.80377526
6940.50060635
6937.43684214
6934.42969272
6929.58712423
6926.97181775
6924.64788614
6922.87767548
6923.49127305
6923.85116694
6924.35820491
6924.76223784
6925.01756547
6924.64801159
6924.62595252
6925.47935622
6926.69990227
6927.39036158
6926.1365701
6923.83800816
6920.31077351
6917.20443843
6913.1493543
6909.94071812
6907.41927943
6905.57047855
6903.74994673
6901.6828691
6895.58484338
6889.26121577
6882.58688032
6876.85174545
6871.86796407
6867.4553906
6864.28093378
6863.16395732
6863.54140785
6863.63963169
6863.13997462
6862.47065438
6859.48337555
6856.98949501
6856.36521988
6855.06317724
6855.31256669
6855.9837548
6859.12397651
6861.98380759
6865.00106306
6867.49861662
6868.47516777
6868.92545156
6867.41465277
6865.25448796
6861.42207149
6857.08251946
6852.45288197
6849.12578196
6845.96962754
6843.94158715
6842.05809812
6840.49235726
6840.11460007
6841.28927162
6845.45826139
6849.14178437
6852.77433104
6854.97223672
6855.5588128
6857.08336976
6858.00019067
6858.68785513
6862.51475857
6866.4743231
6870.34432014
6874.51936657
6879.97231263
6884.19672538
6887.85131718
6891.67584396
6893.12287009
6894.31149496
6893.64722775
6893.01828989
6892.5474246
6893.08832133
6893.56927176
6893.47671428
6890.51978148
6888.22023681
6884.58026742
6884.87709955
6885.6012364
6886.16090947
6889.14066104
6892.15808378
6896.42238406
6901.50013777
6907.17740331
6912.69880566
6919.48705372
6923.84159755
6924.66322643
6924.19431962
6923.22243817
6922.3560151
6922.35854509
6923.03666108
6922.729012
6921.57200164
6920.71002523
6918.91836187
6917.91830196
6916.81814336
6916.70384742
6918.58719705
6920.05128498
6924.07400186
6927.85641778
6930.47717455
6932.63032785
6934.24701018
6935.5868355
6936.94024476
6937.36410645
6938.29957824
6937.59545834
6935.87554097
6934.30203588
6931.48799566
6929.05992294
6926.61749962
6925.75923806
6926.30967629
6928.63626336
6933.62600383
6937.86973655
6941.98243911
6945.25383735
6947.41347246
6950.16576123
6956.39092106
6962.8379331
6968.51191591
6973.97618075
6978.96532182
6982.31300332
6982.33237906
6981.54696469
6981.16933992
6980.15745942
6977.3604113
6974.43564362
6971.01938037
6969.40651744
6970.66704163
6972.98289538
6976.15020827
6978.44456749
6980.48184273
6981.26401619
6981.91204403
6983.17743306
6983.88673145
6985.24131161
6983.86401723
6982.71805383
6980.96223558
6980.9362247
6980.81616482
6982.05214176
6982.40824414
6982.7114605
6983.76113763
6983.89151265
6983.05629288
6983.27367054
6983.27367054
6982.97273327
6980.73861308
6979.59269847
6977.66967736
6976.66464109
6976.48518551
6977.64251648
6976.22971153
6975.55156766
6975.78658561
6976.50888246
6977.4972542
6977.62850043
6975.89363307
6973.22457635
6969.94848053
6962.65297147
6955.84388403
6950.5685884
6947.62896831
6944.15818814
6942.12312927
6937.52989447
6932.6705569
6927.51311873
6921.55831317
6917.26322777
6914.41536364
6912.71961019
6912.07857295
6911.30674251
6912.59789849
6914.64848583
6917.1695621
6919.81931279
6921.22725289
6919.90985603
6919.35440658
6918.49585926
6918.13608386
6916.25494362
6914.1255709
6913.17092549
6911.51856533
6910.19069999
6908.3935027
6906.45742736
6905.19665923
6903.83710271
6903.88938235
6905.46108926
6906.09997287
6906.38980743
6906.02056022
6905.72366537
6904.55791502
6903.33122867
6901.45454206
6901.26107043
6902.36587084
6902.72487261
6901.31222796
6898.51195985
6893.27695599
6889.2725903
6885.50354225
6881.98827456
6878.70795511
6878.02980427
6879.76513163
6881.59344859
6883.50644031
6882.79764375
6880.75063185
6877.7026749
6873.62109201
6871.25353711
6870.51507057
6872.08613628
6873.91095445
6875.44882352
6877.268052
6878.98230999
6882.06862811
6885.03526969
6887.08700703
6888.66413636
6887.1503197
6885.03103212
6882.53833643
6882.06688569
6880.60131322
6880.01903046
6879.20253128
6878.31870489
6876.67622775
6874.66085825
6873.44912188
6873.0093205
6875.49342954
6878.53291134
6879.50323856
6881.74503934
6885.13156293
6889.00251481
6891.39527212
6893.78379882
6896.69508712
6899.5760503
6902.69209415
6905.84986554
6908.41915812
6909.28165726
6910.44474519
6910.55229448
6910.14197489
6907.47498119
6905.33991423
6905.33991423
6904.82533505
6903.07638892
6901.96059731
6898.53939255
6895.44942231
6894.7729442
6893.53682089
6895.47394168
6898.03827881
6903.36307318
6908.0236561
6912.10971353
6915.71156568
6918.63507882
6921.20418322
6926.71062862
6931.43950753
6934.14038089
6937.18657451
6940.09459403
6941.69275091
6943.33720048
6944.93609615
6946.42969375
6949.37100748
6952.76567863
6957.78101179
6961.17466537
6964.28460377
6967.40984762
6969.61040875
6971.52859986
6972.52795583
6972.76454196
6974.03370857
6973.41192162
6971.6221331
6969.48234767
6968.19824501
6967.63650194
6968.01609216
6968.38721422
6968.63982366
6969.17094192
6970.60027897
6971.38724061
6971.5150926
6970.12889096
6968.52373651
6968.16368929
6968.5686004
6969.25669001
6968.70784784
6969.26988364
6969.64196751
6968.98014665
6968.05048758
6966.78303552
6965.06253269
6962.08407052
6957.97136797
6951.39462212
6945.79712469
6940.09455221
6934.94383281
6930.49130211
6926.99923651
6922.61531544
6919.33903842
6920.39284161
6919.20517855
6919.97376112
6918.92958307
6915.47608076
6913.1071598
6911.96939973
6910.76772062
6909.08035868
6906.9176569
6902.661086
6898.61847762
6895.48378985
6893.54166482
6892.18553739
6891.8571256
6890.43055551
6889.72152894
6889.66692839
6888.52306984
6889.1268053
6889.76809344
6890.3689783
6891.99245607
6893.9246005
6894.55421441
6895.04271999
6896.33752809
6897.52313508
6897.74921092
6897.08834491
6897.26957776
6897.93232558
6898.25200435
6899.33511509
6901.31519008
6902.13430986
6903.63830624
6903.36958984
6901.74789631
6900.14704912
6899.01538753
6897.43019427
6894.75743664
6892.18454769
6885.88548126
6880.00014957
6875.12157566
6870.74008005
6867.84490567
6866.25912695
6865.88534945
6868.13784871
6869.84547155
6871.15831023
6872.07309599
6870.48218758
6868.93985791
6868.99224907
6867.90893621
6868.81402015
6868.98144605
6870.65158589
6872.0616866
6873.0093205
6873.28667932
6873.44768613
6871.3743985
6868.11110601
6865.52113436
6862.17914709
6860.50727179
6858.32752216
6856.17146946
6853.09546648
6850.67127587
6848.80029744
6847.38085038
6847.14485667
6848.7337369
6850.96521558
6853.84509149
6857.77226786
6861.06605972
6864.0560637
6865.37387875
6865.29123913
6867.06529705
6868.90461915
6873.14715309
6877.6966043
6884.26369016
6889.76267102
6894.18029752
6896.29725025
6898.35629182
6900.453597
6904.21628172
6908.18351291
6911.77051962
6913.75764794
6916.39217682
6918.69025785
6920.6162132
6919.03744599
6917.0905746
6914.45672875
6911.62470674
6910.04523559
6909.16705465
6910.32491531
6910.39679372
6912.95084359
6914.52861414
6915.59185429
6917.00560711
6917.79546117
6917.15415909
6917.03116497
6917.80935873
6921.25922983
6924.85702563
6928.97793151
6932.9182806
6936.0412802
6938.48127806
6940.10070644
6941.6006604
6940.81698148
6941.2925304
6941.75437691
6941.75437691
6941.69047879
6940.67318284
6940.3024023
6940.2831102
6941.95095702
6946.3819235
6949.83948913
6952.78508921
6955.27112885
6956.72854679
6956.58870692
6955.92029274
6955.1973268
6954.08266428
6954.24245139
6954.2579241
6956.27369088
6958.48416988
6960.54909387
6963.86597631
6968.36871666
6972.27963972
6975.5269089
6977.80590692
6977.24296506
6975.5776343
6973.04174047
6969.25539365
6964.00290981
6960.74487247
6960.48153667
6961.93182461
6962.65986449
6963.81615
6964.21532506
6963.83105817
6963.53499271
6963.3249611
6960.69647494
6952.57024155
6946.2293988
6938.11306237
6932.13033623
6927.1528206
6922.52870311
6920.05672831
6919.44407862
6921.96780336
6925.39042994
6928.29287371
6931.75703267
6934.66186006
6935.8961155
6935.36025088
6935.32819031
6934.85346381
6934.86295653
6934.25638441
6932.82531887
6929.30209179
6925.47992773
6922.7355426
6920.94411621
6919.90805088
6918.44282689
6917.06454281
6914.64641584
6911.62644219
6907.80710086
6905.19894528
6903.44143341
6902.42726684
6901.69917818
6900.56455446
6898.62640913
6897.5125063
6897.5125063
6897.41060944
6897.04780919
6896.40293863
6895.76770714
6893.52150848
6891.49157233
6889.03479842
6885.95699028
6880.27019021
6876.15613554
6871.39752393
6868.40545693
6867.56104413
6867.28776259
6869.87627061
6872.578747
6875.66321815
6878.79229533
6880.85719144
6882.21512403
6883.3747062
6883.68503165
6884.96178128
6887.00698105
6889.92172632
6893.36425833
6895.22375768
6898.24507648
6899.12268591
6900.69595403
6899.44939012
6894.92654222
6890.54855236
6887.77280362
6884.43710302
6881.50284959
6879.74840437
6877.30343712
6874.91622769
6873.20038062
6871.20927958
6871.08892
6872.15135167
6873.35137198
6875.4798944
6875.91608548
6875.60148064
6876.32598688
6877.33303042
6878.04941001
6876.14312313
6874.45395603
6873.0231414
6871.1202627
6869.241527
6867.70620187
6865.05607482
6864.77990782
6865.40527023
6866.41280165
6869.62519449
6871.41459967
6872.40007202
6872.07138841
6870.62705955
6867.37555977
6862.77095044
6858.34911426
6855.59663034
6854.07967034
6854.12164879
6856.28356996
6858.03513669
6858.25606192
6859.22298096
6858.49188139
6858.16775595
6858.82501863
6859.4749004
6860.73727853
6862.86835883
6865.66479361
6868.7341266
6874.966054
6880.1464364
6883.7450825
6887.26324958
6887.12266397
6883.89995598
6881.50670383
6880.40312311
6880.05561437
6881.68852213
6884.32787403
6888.52234499
6892.54804491
6896.19650338
6900.67963102
6904.08112549
6907.82281751
6912.95616844
6916.89224511
6921.04089035
6923.91856384
6927.47418604
6928.55399314
6929.31642147
6929.57699727
6930.18343
6930.18343
6930.67590132
6932.53797249
6933.92696898
6933.92696898
6933.92696898
6933.60748536
6933.16222672
6935.33907696
6937.77929786
6940.55494902
6943.81260303
6946.8486906
6948.76826172
6947.81061934
6946.72630982
6944.8360811
6942.79885465
6940.4848897
6938.82251409
6936.62589083
6934.91104739
6934.39066246
6933.08522558
6931.2699977
6929.33282812
6928.13795841
6927.98767098
6929.32222025
6930.16235365
6930.86406901
6930.86406901
6930.7866497
6928.9952024
6927.61865377
6925.2016071
6922.44699046
6918.29376613
6914.76212663
6913.25004542
6911.67632426
6909.50209462
6906.89722177
6902.90899788
6899.03403145
6893.84697209
6889.66216112
6887.24431991
6885.79960074
6885.6012364
6885.6012364
6885.52096648
6884.30033679
6881.0432752
6876.06424715
6871.79414111
6867.06014645
6862.09868202
6859.28830089
6857.42838336
6858.81846712
6861.31898977
6863.95083532
6864.97412521
6866.55788271
6867.49973177
6869.44792043
6871.6514158
6874.95776007
6878.20639531
6882.44559077
6887.82526448
6891.3979903
6891.72977542
6889.19754765
6886.13775616
6881.2021214
6875.6649327
6871.82719138
6868.52214348
6866.27717845
6864.84103201
6862.67652508
6859.62656783
6857.26656807
6856.20056095
6856.03556748
6857.84912263
6860.50626816
6865.52911465
6869.56608455
6869.63986569
6871.37696335
6872.07919446
6870.78833818
6869.53433762
6866.09246772
6862.90126273
6860.66300952
6859.47679616
6859.79444675
6860.83912661
6861.94052582
6860.91772381
6860.41739764
6860.55240054
6861.36528245
6862.15084318
6862.3908793
6862.21629554
6862.2181216
6861.77868264
6861.62271492
6861.43835965
6861.43835965
6861.64641884
6862.11900564
6863.41895737
6865.20459195
6865.65163483
6864.75568815
6865.30133124
6864.97299612
6865.62862092
6866.29785752
6867.75071031
6869.04689841
6870.86960477
6872.53428037
6874.57499167
6876.17820855
6877.23551052
6878.17168625
6878.64542305
6877.77382847
6877.77382847
6877.91212106
6878.87444009
6879.77278435
6881.56109529
6885.11912203
6889.03640842
6890.02275198
6892.16536014
6893.20302152
6893.54818845
6895.69320115
6896.91702296
6898.05035031
6899.73115378
6902.4126514
6904.40618487
6907.72439155
6910.12379097
6912.9766872
6914.02022404
6915.95879452
6920.26405567
6924.53147838
6930.26573507
6935.44155231
6939.10482835
6942.45874772
6946.50853488
6949.84831276
6953.97134439
6956.1909746
6958.66213394
6958.83866225
6957.51322236
6956.42289103
6956.87010119
6958.10398723
6961.50356504
6966.95827443
6970.36132315
6972.72369261
6972.24398278
6970.14864306
6967.69676885
6963.23463392
6960.02801894
6957.91777105
6956.98023623
6956.61490599
6956.6565708
6958.12786539
6959.57368576
6961.08328576
6961.88309951
6960.43042793
6958.55176193
6957.12553336
6956.47455734
6957.30146924
6958.29929188
6958.51684378
6956.78371885
6954.9432816
6952.65539025
6950.50945058
6948.56833616
6946.66751351
6944.78610145
6943.22986028
6940.53556631
6938.18427866
6932.59678274
6927.14127183
6919.05794385
6912.88332821
6907.63954951
6903.44172613
6898.7594396
6894.66241188
6891.67601123
6890.41985006
6891.05078822
6892.84992309
6895.24591433
6897.39232794
6898.42159782
6897.10639641
6896.06837957
6893.15449854
6889.85803032
6884.06844126
6879.47920706
6876.24837242
6872.41149534
6869.78057676
6869.50542734
6870.32891712
6871.85941226
6875.58174248
6879.46554647
6883.53236059
6887.25964625
6889.34477538
6889.34477538
6888.95756728
6887.38095371
6884.7418318
6882.53833643
6879.79952705
6877.11824549
6875.5424404
6874.2425723
6873.88400963
6873.6541841
6872.8929685
6872.05997903
6870.61995744
6869.13060438
6867.85967444
6866.44072222
6865.5930058
6865.86255159
6865.61694668
6864.33020252
6863.11057646
6861.43835965
6861.10844241
6860.40392523
6860.18433121
6856.78664218
6854.19567386
6852.80434253
6852.15623802
6852.14503773
6852.17637346
6851.5690277
6851.5690277
6851.2655674
6849.68930231
6847.49612905
6843.32037868
6839.95478507
6838.80959531
6837.69263279
6836.93516688
6837.06940311
6838.03331124
6839.04259205
6839.93729115
6841.31610492
6842.28489183
6845.13040717
6848.57838251
6852.93598603
6855.71799355
6858.69182785
6860.60114655
6862.18304315
6863.08818982
6862.78262467
6864.35077704
6865.55672856
6868.27445463
6874.49089539
6880.13428126
6885.76047987
6891.06429548
6895.39273782
6900.30051473
6904.20065568
6908.26536495
6911.7922999
6915.34424211
6917.32173831
6918.23972315
6918.69149846
6919.06718566
6917.96181373
6916.99874894
6916.86054696
6917.31396014
6918.72647236
6919.82697944
6921.22053411
6921.13003269
6920.5719487
6919.52480156
6918.46683747
6917.11936639
6914.83508535
6913.90070779
6913.62037292
6917.117157
6921.19533171
6926.20890852
6930.50483725
6935.14557049
6938.52211348
6940.62334956
6943.17702306
6945.3749845
6950.25916901
6954.10370577
6957.65786434
6961.41746846
6963.75724218
6965.1638232
6964.81992475
6963.8083091
6963.12381584
6963.15479612
6963.8753157
6963.58929356
6963.16214914
6961.95929216
6960.72587309
6961.26092922
6964.19389326
6968.98669119
6972.76005348
6976.98558138
6981.72214088
6987.05435797
6993.52388908
6998.31018429
6999.94945538
6999.94945538
6999.26754091
6997.9075453
6998.21219045
6998.73373236
6999.72963136
6998.51976287
6996.68917379
6994.17283692
6992.80266556
6992.91752605
6993.93189473
6995.64643847
6996.95506747
6999.41069835
7002.01018362
7005.24676827
7007.40967216
7008.24457133
7006.8491
7004.61182951
7002.64533147
7000.22880056
6996.95158262
6993.39724981
6988.9842512
6985.43221141
6983.71453131
6982.50283677
6980.40206069
6975.83708798
6972.14382834
6968.79224381
6966.30812084
6964.72943727
6961.07903425
6958.04420123
6955.35205392
6953.07125772
6952.08139446
6950.95774104
6947.20093177
6943.52425302
6940.14083095
6936.34585565
6935.50370801
6935.14403716
6934.96357097
6935.11502234
6933.90656173
6930.93499258
6926.70974347
6923.32227201
6919.71923501
6917.54058658
6915.80447862
6914.61064042
6913.30125173
6912.09514687
6911.2695383
6910.63724803
6911.2463153
6911.18365778
6910.77808455
6910.54745751
6910.86946416
6909.76805799
6908.54813224
6904.83852868
6901.00360312
6897.99213249
6894.27624227
6891.82652866
6888.08520603
6885.82554193
6883.35276562
6880.1877109
6877.50954479
6874.48279661
6872.66802175
6872.6102709
6874.78040237
6876.72930891
6879.56327547
6887.56056959
6895.61998456
6905.04610695
6912.75223531
6919.63950872
6923.31089051
6924.98596489
6922.68938234
6919.45597588
6912.53179795
6904.49593356
6894.50573325
6887.24402718
6884.18017933
6882.33857814
6881.17704446
6880.87873476
6880.58529687
6882.06723417
6884.83452171
6886.89863025
6888.41301146
6889.05889961
6890.87488718
6893.78694912
6895.1369711
6896.76905644
6898.3475588
6898.40319087
6897.11567306
6895.59580671
6894.47910206
6891.79088566
6889.74337195
6890.50252453
6890.45313033
6888.88126312
6886.23177728
6882.81094888
6881.06386366
6880.4067822
6879.80879674
6879.4090432
6881.05184095
6882.97640933
6886.49960156
6889.61830087
6893.8433827
6899.28355332
6903.44790825
6905.69062904
6909.29799422
6912.08428113
6915.75109079
6919.39779987
6922.25230611
6925.71235295
6928.5097147
6931.07431668
6933.5911972
6935.67401935
6936.04991565
6936.09137136
6935.49716347
6934.53858019
6933.32975018
6930.72248673
6929.4774701
6926.80232186
6922.91103242
6919.97376112
6920.21315603
6921.98079487
6925.13255141
6931.13252056
6935.98452601
6939.02782721
6941.73824208
6944.23875079
6946.087245
6948.89982855
6950.88513081
6953.54512694
6955.06610148
6957.6140459
6960.56943143
6962.4710765
6961.58246193
6959.99942927
6958.53088771
6957.94948314
6957.75595576
6958.24405012
6959.79636038
6962.62250695
6964.75387997
6966.18725248
6967.09499187
6969.21497642
6973.43584159
6976.68581501
6979.34899629
6980.89141656
6980.82522542
6979.77283707
6978.0725812
6978.93579124
6979.599933
6981.73806662
6983.03695199
6984.75544755
6987.02193498
6991.6820091
6995.06272694
6996.62595871
6996.99451591
6996.57326785
6993.28434084
6990.0790501
6986.1863946
6983.09036073
6979.33914114
6973.93306625
6968.41331571
6963.37935256
6958.62094307
6955.44405383
6951.02598128
6947.18092876
6944.4764451
6941.76582811
6939.49015463
6938.49851411
6936.45795615
6935.05829603
6935.81990194
6935.49602044
6936.09634075
6938.36307212
6941.14586722
6942.41877655
6944.37396975
6945.71698022
6945.21466072
6944.82761293
6945.15759987
6945.59856519
6946.97400563
6947.60856803
6948.83696195
6949.53839155
6949.32111147
6950.01373138
6950.68150435
6950.41192371
6950.57123688
6950.47403062
6951.9888091
6954.79010872
6958.46444566
6960.79377181
6960.22904571
6958.55220102
6956.11883133
6952.3920893
6949.548867
6946.8477497
6944.47748358
6943.34377987
6942.84721733
6942.28267244
6941.93883673
6940.42858157
6938.63514094
6935.83255192
6931.12080451
6927.27318715
6925.21249376
6925.56333401
6925.56923734
6925.58310005
6924.34343614
6922.63754179
6920.20337755
6918.71993479
6917.5837429
6914.39707518
6911.43533329
6908.83770195
6907.95267677
6907.72216822
6907.87293655
6908.2368171
6910.12973611
6912.28846516
6915.07459177
6920.22242572
6925.34914847
6929.79995765
6933.61612778
6936.55062514
6937.13107487
6937.32089437
6936.721048
6935.02515516
6934.03839341
6933.45059067
6934.631521
6936.65346292
6939.58758393
6941.73756602
6942.95775662
6944.39409124
6945.18914469
6944.86257986
6942.63676754
6943.11566888
6942.39170627
6941.41405392
6941.29156859
6940.63985378
6940.51225967
6941.71314422
6943.13365765
6944.49598114
6947.11980458
6949.91807238
6953.58290266
6959.26018213
6963.43911068
6965.85790675
6969.55683971
6974.74914725
6980.60881654
6984.81149779
6987.43594153
6990.81909179
6992.40225687
6994.05950976
6994.93113919
6996.36661654
6995.34025999
6994.13457332
6992.66334146
6992.45801439
6992.02171179
6991.52637593
6991.55704256
6991.50421231
6993.80023729
6996.18428945
6999.12717136
7001.71250816
7004.51599627
7009.08518564
7012.59902455
7013.42786009
7014.04412008
7012.570867
7007.96104434
7003.89611204
7001.07150578
6999.57943454
6998.35137516
6996.9319281
6995.5064871
6994.01253405
6992.97244721
6992.01188453
6991.10108544
6992.17086316
6993.56466177
6994.3194095
6994.9512119
6995.31475093
6996.56685573
6998.14988142
7000.90932109
7002.49339223
7004.69128397
7008.73028903
7012.07371902
7015.72736991
7016.37882683
7017.10367459
7018.26733403
7018.68272756
7019.40067532
7020.21145936
7022.07278477
7022.88705366
7021.55124287
7019.07386656
7013.638972
7007.19493602
6999.04235023
6986.45833099
6976.39009106
6968.56484374
6963.11328464
6958.39464421
6954.28973377
6951.7671172
6949.04459598
6948.02609428
6946.80624519
6944.49924992
6943.05855924
6941.46523235
6939.59704877
6938.11629631
6936.28350481
6934.25711623
6932.8979291
6930.2697984
6927.58208381
6924.4125685
6920.36800163
6917.72484427
6916.30870084
6917.0000453
6918.97619636
6921.70108727
6922.93843724
6921.94380672
6921.06201548
6918.74877537
6915.05964179
6912.00361393
6909.45308376
6905.15039442
6900.03473257
6893.85981723
6888.16435383
6884.23122534
6881.89767556
6880.15608245
6879.87789424
6879.48522191
6880.05408104
6879.56142153
6879.92916328
6879.20752158
6877.1590809
6876.10699226
6873.86962419
6872.91389848
6871.85646408
6870.74390641
6869.75041195
6870.96738255
6871.48929384
6872.79719799
6873.15697339
6873.34963653
6873.07520498
6871.38985031
6868.82621014
6864.28078741
6860.6366153
6858.77833564
6859.15112345
6859.39643563
6859.67944686
6860.1365052
6862.06030691
6863.93130625
6865.9998963
6870.7468058
6875.43781141
6880.65612286
6884.24177745
6886.8467897
6888.25396314
6889.89232817
6891.69158849
6894.33158858
6897.0237777
6899.66614051
6903.02818655
6905.68023723
6905.37911874
6903.26850146
6900.01399077
6897.49585571
6896.0911147
6895.54068343
6895.70989356
6895.72170022
6895.86009038
6895.47057532
6895.40570841
6895.13025232
6895.37486753
6895.38222056
6894.80591083
6894.83242353
6893.24299269
6892.74799834
6892.88821456
6893.12349039
6894.77479116
6897.5555302
6901.73284178
6906.72946133
6910.79845696
6914.33609736
6917.92750195
6920.31114987
6921.12964238
6918.88203584
6915.49912953
6912.26423155
6910.33554409
6910.7657482
6914.37542732
6918.19798865
6923.87530994
6928.26314798
6933.22990937
6939.69304231
6944.76847511
6947.82791114
6949.516904
6951.45095812
6953.33201473
6954.65985219
6953.73592917
6950.58783868
6947.15999181
6941.24326863
6937.13896456
6934.01265435
6932.52141251
6932.3972196
6935.35266786
6937.4399088
6940.06953102
6942.03315057
6942.89459729
6944.38013095
6946.22930122
6947.99102977
6948.65060638
6948.90113885
6950.56278265
6953.00790323
6955.40469599
6960.57720263
6965.36032664
6969.52746944
6973.06368106
6975.38906934
6977.06440857
6977.58981865
6979.45865739
6981.40053848
6983.40293041
6984.69639336
6986.43350496
6987.75494424
6988.83273014
6989.24317518
6988.03817851
6987.82429266
6987.09642702
6985.77784531
6984.28296529
6980.63678591
6977.14900667
6971.51092473
6960.30689018
6950.81376118
6945.03587424
6939.60769148
6935.46730532
6930.85009478
6928.08650815
6927.18644239
6926.50010217
6927.83624053
6929.93595024
6931.90884645
6932.42284018
6933.05033531
6932.19537738
6927.36802372
6921.331624
6914.50023356
6906.48380764
6899.76939647
6895.06451421
6893.03825108
6892.18840193
6892.3722972
6891.14634964
6891.83725501
6893.42864433
6893.48657639
6893.12550463
6891.14949994
6890.14561367
6889.34477538
6889.23395034
6888.57416464
6887.73855456
6884.40036578
6881.18977808
6881.75186267
6881.17704446
6881.29258798
6880.41626098
6878.78568806
6877.57202806
6875.63695636
6872.09495293
6868.3781915
6863.75716157
6860.2732296
6859.14341498
6858.37545968
6858.37545968
6858.06780363
6857.60342015
6856.84904879
6856.1110771
6854.98211974
6854.86872986
6856.21054155
6858.26079434
6861.72524603
6866.37963289
6870.3731189
6873.29825597
6875.31235699
6875.59429489
6876.62080477
6876.56372998
6876.71364104
6875.79137681
6872.83077099
6869.26337698
6862.03159179
6855.73812899
6849.67043536
6844.06265066
6839.71774592
6836.11957376
6834.31825738
6835.38280783
6836.3343796
6837.66308131
6840.23155146
6842.98694871
6846.02866082
6848.58137948
6851.06636669
6855.38829237
6857.91445651
6860.86645477
6864.74568665
6867.39313036
6868.68699755
6869.26577455
6869.19538068
6868.62022095
6867.65139223
6867.07714553
6866.91130175
6867.43109426
6868.84911254
6870.41248371
6871.21127291
6871.9622361
6871.58020648
6871.10823301
6870.37715435
6870.67345678
6871.72141937
6872.93520482
6874.52414081
6876.47712461
6878.35292607
6879.18080676
6880.53485025
6885.41847719
6892.37134235
6901.97077306
6909.72199531
6914.70200608
6917.20172722
6918.05458031
6916.54873
6914.06927672
6911.51518503
6907.97411554
6904.55522472
6900.36281679
6898.19315229
6898.13107326
6898.32943761
6900.16178305
6903.39464588
6906.44635949
6908.42911781
6910.1044222
6910.58788868
6912.60235909
6914.2990674
6916.57054512
6916.94587687
6918.77379656
6921.30543887
6922.78389831
6925.09370236
6927.43224941
6929.52167187
6929.90107392
6929.42238167
6927.51920327
6927.52378235
6926.66101837
6925.31402123
6923.66851924
6921.66652457
6917.62974982
6915.53390828
6915.57035279
6916.60364418
6918.04455092
6921.0431555
6923.98190438
6929.39637078
6934.73709787
6939.64597599
6943.77107065
6947.34255587
6951.13302177
6954.31950132
6953.2702563
6952.71521807
6951.84682258
6952.31936756
6953.37298953
6955.63894727
6957.15824211
6957.64274011
6956.97970653
6955.30473669
6952.03616814
6949.1814807
6943.64507957
6936.58027421
6930.43835338
6925.17611197
6920.95552559
6916.07638713
6909.30975208
6904.58135408
6898.66461
6892.80248738
6887.71381913
6878.80891804
6872.27602548
6867.62340195
6863.37405862
6860.40660159
6859.05610567
6859.07818565
6861.50784746
6864.86463138
6868.93878457
6874.3993973
6879.51101673
6883.91418808
6886.72119588
6889.9214545
6892.82334766
6894.45196209
6894.68936367
6894.02300555
6893.42591221
6891.24281712
6888.98836634
6885.74208686
6883.80661789
6881.17507204
6879.26671516
6877.43350547
6877.48295542
6877.94517133
6878.34060366
6877.84126022
6877.43350547
6877.23706476
6876.24303363
6876.6391699
6876.54884969
6876.75167464
6875.58524823
6874.54040109
6873.80314032
6873.07723316
6872.6685863
6871.40457726
6869.60594421
6868.13131114
6865.99869055
6862.15009742
6859.542597
6857.69521794
6855.19935104
6854.15550754
6854.87917742
6855.84770645
6855.14224837
6854.85919532
6852.86242095
6850.23921782
6847.58276229
6845.78388531
6844.53582292
6843.94583866
6844.36032612
6845.1028769
6845.52830677
6847.71211974
6852.38655143
6856.67493896
6859.68880019
6862.29040425
6865.63641303
6868.44999325
6870.28792141
6871.45457782
6872.67007781
6873.80364213
6875.12109476
6876.75568221
6878.21252166
6878.79479048
6878.90861248
6880.63621045
6882.88611699
6885.45871321
6887.05098767
6889.57763272
6894.38944397
6897.86995383
6902.38414537
6905.60131943
6908.29500704
6911.60839069
6913.86762965
6917.99136522
6921.60655736
6926.21937002
6931.77100689
6937.69973884
6942.84951733
6948.32344216
6952.31106666
6954.35094159
6955.35897482
6954.39699033
6954.3397622
6953.21054697
6952.02430573
6950.6094029
6951.33455036
6951.7107812
6952.42427533
6954.01275132
6955.0151391
6954.0575734
6954.3462928
6954.57695469
6956.5416894
6958.79802199
6961.33323976
6964.9180789
6968.21058833
6972.88944578
6976.18625551
6980.23945782
6983.13560098
6986.70042318
6991.20807018
6994.93281191
6999.87585546
7001.75474449
7002.43003775
6998.6765809
6994.77167268
6990.84613418
6986.62511568
6982.32775119
6976.67253078
6971.9591664
6968.31028975
6966.41780285
6966.152181
6967.43462487
6968.6781012
6970.39194797
6973.01857322
6976.06411169
6982.42755715
6988.23501649
6995.13033293
7001.23076319
7006.4939246
7011.78503446
7014.607968
7015.32187334
7015.60428518
7015.48496409
7015.12295839
7014.92362526
7014.45114997
7011.45494994
7007.79760511
7001.45706903
6996.66965866
6991.57934557
6987.83400144
6983.42651584
6977.24855475
6971.35614882
6964.0330119
6958.51174197
6953.12925251
6948.36984636
6944.60621376
6940.69523494
6938.45328779
6936.8672721
6936.50584489
6936.24558969
6934.96512522
6933.19619001
6930.98982313
6926.65462716
6923.48388518
6919.85055791
6916.7453101
6913.47422549
6913.5536939
6914.50298659
6913.64462744
6910.76394305
6908.07784544
6904.89833559
6902.90147758
6902.4166311
6903.059355
6903.29798325
6902.12027988
6900.39176888
6898.17498231
6896.6254878
6896.1512213
6896.29945964
6896.65779231
6898.34065881
6899.2929624
6900.62321138
6900.36026588
6899.03426145
6897.13346668
6894.64025524
6891.28324829
6889.42387439
6888.7417578
6890.12432127
6893.93738988
6897.15181091
6899.40537653
6900.95740801
6901.33621066
6901.70620363
6901.53635925
6902.59511789
6904.70388123
6904.75243906
6902.75073713
6899.29082271
6893.39031103
6887.17369604
6880.16474577
6871.64802853
6862.92803331
6857.00781832
6856.14523555
6857.88487714
6861.68613213
6866.64340081
6870.33768499
6873.27851084
6875.1583826
6877.58505441
6881.07109123
6882.92131393
6884.58217711
6886.18993126
6886.89533359
6889.22845125
6890.02542137
6890.08566737
6890.27129809
6890.02542137
6889.02650449
6887.68185613
6888.0064346
6886.23434213
6884.64489735
6881.97143578
6879.72105531
6878.32099792
6877.97279918
6879.20586976
6882.68651901
6885.82573708
6888.95396395
6891.89699919
6893.34289623
6893.91666899
6894.04445129
6893.28200205
6892.32958694
6890.86925567
6889.27841696
6888.47090868
6889.83836186
6890.68738161
6892.17545225
6895.54452373
6898.39900905
6900.93421288
6904.86814289
6907.35624555
6914.01026435
6920.18017545
6924.63380736
6928.02323034
6929.9767299
6931.20279595
6930.52374602
6930.43712671
6929.60804724
6928.48181503
6928.50158107
6929.88181666
6932.42425503
6934.75075846
6937.98828401
6940.4424164
6942.16327468
6944.32297252
6945.53906494
6946.85920787
6946.87723148
6947.38751734
6948.60626521
6949.9504675
6951.61194402
6953.00865596
6953.52587665
6954.44600119
6954.9376013
6955.07465329
6954.74495907
6955.58029036
6956.28529541
6955.91981881
6955.70758478
6955.81146801
6956.87876451
6957.93980921
6959.37212929
6959.79144675
6959.75146861
6959.21359672
6957.99296007
6956.40281832
6955.8251286
6956.70481499
6959.60170391
6963.63511927
6969.85514942
6974.77915176
6979.16394405
6983.80428001
6987.60751439
6991.73902117
6994.12321272
6992.35151753
6991.41785785
6990.30180139
6989.09486018
6987.59363077
6984.65070704
6980.52909723
6976.8550112
6972.38436628
6968.48968957
6965.80014893
6962.98796962
6959.56574031
6956.24373515
6954.74228968
6955.57759309
6956.69507833
6957.91971559
6958.32618791
6957.71541307
6956.9603517
6955.04938119
6953.56287177
6949.14378861
6944.59537589
6939.44061407
6935.21374103
6931.17116052
6925.7299793
6921.98755547
6919.38181837
6917.93402558
6917.79730117
6919.66084991
6923.11081161
6925.94841635
6927.22781447
6927.0583813
6927.51398297
6929.33457751
6931.20100474
6934.64638735
6937.81265479
6940.51884603
6943.02665897
6944.23336322
6943.86081238
6941.32990188
6939.24654305
6937.12535275
6934.54459503
6932.82754917
6930.95582498
6930.08742252
6928.86928798
6927.59145804
6926.86107635
6926.14019434
6925.95259817
6927.93090286
6930.59045989
6933.57039964
6935.82704587
6937.23991355
6936.31661083
6934.27466591
6932.22536099
6932.22295644
6932.29633334
6935.22365193
6937.68823189
6939.72690803
6940.7334149
6940.67591496
6940.20778179
6938.63187912
6935.08744327
6932.7010493
6928.65532546
6925.46770986
6922.1709071
6919.49484584
6917.77358332
6915.75159958
6914.80259265
6914.10240365
6914.23291807
6913.88176418
6914.33770039
6914.2329111
6912.43494714
6908.6417979
6904.41376789
6902.69743294
6903.8391518
6907.1548703
6912.03230815
6915.40025751
6916.74109344
6917.82253145
6920.05154286
6921.69433364
6922.85951247
6923.53663876
6922.09064415
6918.62736337
6916.1704431
6914.44404392
6912.39147718
6912.75684924
6914.42268182
6915.20925315
6915.40975719
6916.72973284
6918.68695422
6920.41396674
6921.08788
6922.16111469
6922.90529637
6923.6359917
6924.50681264
6925.03997302
6924.50298628
6923.60837778
6923.11084646
6923.15428157
6923.67139772
6923.0412332
6921.3362449
6918.33535427
6915.85995735
6913.03160836
6909.82000309
6907.35798797
6904.6213392
6902.64421238
6903.5962581
6905.47171804
6907.67343614
6910.42654036
6911.89483798
6913.89489507
6918.00446824
6921.28196496
6923.96738652
6926.31374659
6928.62668701
6929.26674849
6929.24399942
6927.32561316
6925.18731924
6923.29854718
6923.25459632
6924.51611718
6927.59184138
6930.30549018
6934.00426981
6937.55752232
6941.69395667
6944.13157787
6943.68923952
6943.38497073
6944.01875949
6944.63815585
6945.96924118
6949.56682092
6953.69091891
6957.85360808
6963.63445715
6968.14778446
6971.42130846
6975.12729475
6978.06975847
6980.06368921
6979.93484055
6980.69841888
6981.7580766
6984.1050988
6988.1010242
6990.76075548
6990.44140428
6988.73891811
6986.15098161
6980.91744835
6976.08315985
6970.32984106
6964.30637709
6956.75080797
6951.20317867
6947.54549233
6945.56370977
6944.81727688
6946.23200546
6948.30937733
6950.42582824
6953.32383231
6955.64519211
6957.0185974
6957.30111379
6955.76859047
6954.07255823
6952.26104519
6950.58444444
6949.06230597
6947.15775454
6944.5486929
6940.43468702
6935.46678259
6931.48759142
6927.99514249
6923.95817956
6917.86894958
6913.13234129
6908.71888267
6906.43505465
6906.38276804
6906.88391663
6905.64062151
6904.24211836
6901.8991804
6901.03737126
6901.9730173
6903.04903986
6904.25219653
6904.37850126
6905.08793206
6903.630772
6902.24508612
6901.0543564
6897.32676407
6895.63053667
6895.69196055
6896.95340474
6898.25256193
6900.32590531
6902.33921178
6903.879346
6904.70804911
6902.78548103
6901.93195188
6899.59954513
6897.15477303
6896.15363281
6894.35765522
6893.98964861
6893.34365593
6892.76660044
6893.02474382
6892.74799834
6892.99613324
6893.71937101
6894.13721786
6894.59062407
6895.54173585
6897.13314608
6899.08611594
6900.16161578
6899.55443729
6899.55443729
6899.68683352
6900.35122619
6901.05089246
6902.27019791
6904.08824852
6907.99816097
6911.50696079
6915.08064843
6916.49830429
6917.48642512
6917.79169754
6917.52002599
6915.22515799
6911.29044041
6907.86218232
6903.81075728
6901.16037932
6899.55700214
6897.6902334
6896.36505139
6897.32996315
6899.07184899
6901.36164306
6903.27517842
6904.50134901
6906.09372803
6907.29119046
6909.64897386
6912.24187279
6914.25212653
6916.10149893
6917.74074214
6918.61247611
6918.72818691
6920.33885439
6922.37659659
6923.26652146
6924.39795306
6924.87939833
6926.18636157
6926.82072184
6927.72013246
6929.3146442
6931.64726702
6934.02464222
6934.45950208
6932.97778781
6932.93466634
6932.48360194
6935.29794882
6938.73589478
6943.08781103
6948.84854557
6953.35618561
6960.02299379
6965.59937307
6971.4424545
6978.06701242
6988.49490926
6997.33373073
7003.2204006
7007.16552392
7010.63433864
7011.52039533
7011.45244085
7010.28397232
7010.6464659
7010.4059419
7011.41912573
7012.28113699
7013.08272104
7012.1324735
7010.79666272
7009.12003409
7007.56154171
7005.27583187
7002.94000997
7000.91447866
7002.56873458
7005.84051616
7009.37930656
7011.18006536
7011.18006536
7011.17232901
7010.60506594
7011.35876822
7012.5664761
7016.14548161
7019.4935116
7022.93305361
7024.43934301
7026.88842238
7028.91625369
7029.97167384
7031.12305966
7032.04075875
7032.15311712
7029.13315044
7025.03016363
7020.3725289
7016.92085962
7013.66427197
7010.68807495
7008.49631653
7005.67812238
7002.0107412
6997.50713661
6994.83614231
6993.27709236
6991.76850296
6990.64387378
6990.14121974
6989.77907464
6990.99918857
6992.59475971
6993.70189496
6993.19624395
6992.73234139
6990.97444618
6986.69341864
6982.90390758
6977.16235362
6972.39124536
6968.72387115
6965.85518857
6962.90625
6958.54708527
6955.32551334
6952.15560075
6949.59919513
6946.72817769
6945.49477953
6944.66368582
6943.09117739
6940.49016575
6940.2089527
6941.47848173
6943.41306556
6945.76193472
6949.6809008
6955.03109272
6958.91142581
6961.28376193
6963.59674416
6964.0499134
6961.86790559
6959.79642311
6955.83064859
6951.1562169
6945.78205622
6940.62066623
6938.09336603
6936.22729426
6935.85705038
6934.54394685
6932.89861213
6931.57371588
6929.13355074
6926.18316945
6922.43995804
6919.47989585
6915.46776592
6912.46127863
6908.66390576
6905.11763688
6902.88350275
6901.86843013
6900.88762747
6898.57856221
6894.55418654
6890.46222578
6887.7931133
6885.19186469
6883.16397762
6881.9314437
6881.1327242
6881.08559516
6882.08305537
6883.08333831
6883.88652538
6882.39902627
6879.18730251
6876.96135776
6875.08826752
6873.64218927
6872.42190806
6871.11518179
6870.3807298
6870.23586479
6870.6805798
6871.72656997
6873.759524
6875.47948319
6879.13258347
6882.41971928
6884.93682979
6888.38678452
6891.90146676
6897.43123275
6902.40209929
6906.18670369
6909.08532806
6911.68745486
6914.58878347
6917.75206091
6920.68051556
6921.91438766
6923.34848501
6924.75748451
6925.07859904
6925.17681591
6925.41892203
6925.71095901
6926.15999523
6926.63532809
6926.2041064
6927.21852387
6929.08233049
6930.16769941
6932.48546285
6932.77836407
6932.58068275
6930.52229632
6927.48687088
6923.36678742
6921.42471815
6918.65827395
6917.31551438
6919.2509276
6921.88566557
6926.05452988
6930.67768556
6934.87938409
6938.89838613
6941.88540708
6944.81510233
6948.00073157
6950.06557193
6951.20667049
6950.94307681
6950.54555357
6948.39817118
6946.51888487
6946.18048551
6945.04352695
6944.40495002
6943.78827882
6943.23144937
6942.0946999
6942.0946999
6944.36977399
6947.82833629
6953.28534568
6958.99592634
6964.10997819
6969.9262751
6975.18561015
6979.85666851
6982.99409537
6985.42051627
6985.46788926
6983.52131757
6979.48036797
6975.00333881
6970.0018126
6965.89915337
6964.3414416
6963.10448192
6962.61736332
6962.03266209
6961.95752883
6964.40562547
6965.04133787
6964.05845127
6960.71589946
6957.16841089
6954.39657912
6952.6969993
6950.50335907
6945.78212591
6940.78938848
6935.25392129
6930.77037547
6925.09641357
6919.94220933
6916.02023234
6914.77955086
6914.52861414
6915.37215572
6916.60399267
6916.93800112
6914.77244874
6911.95887549
6908.40700299
6905.65066483
6905.55642068
6906.46537978
6906.96093867
6906.48000219
6904.88317651
6900.21719905
6894.02765433
6886.30303539
6880.12565975
6876.48965611
6874.51402082
6873.0093205
6872.30561181
6871.23877531
6869.75727012
6868.73046054
6867.74749031
6866.44604707
6866.01440023
6868.07370665
6870.15644518
6870.4967612
6867.87577443
6864.03226918
6856.65417625
6848.20062531
6834.42273303
6822.82872341
6811.0659079
6803.90413325
6797.25678444
6789.8945615
6784.17857934
6777.49535753
6771.75943509
6765.0384306
6756.83676425
6750.50717755
6747.20682025
6745.77107108
6743.84177725
6743.76442066
6744.70790759
6745.21083345
6747.20431116
6750.3066526
6753.64597744
6757.75175213
6760.76265124
6764.55201593
6771.2756689
6776.24429121
6779.9580975
6782.44550319
6784.0528531
6788.21040561
6792.06911175
6797.1130067
6804.85501502
6812.08996445
6824.04793128
6834.1604636
6843.51058152
6849.90886148
6856.86926089
6861.14947297
6862.81905524
6864.40604668
6864.77391389
6866.29596176
6867.0195271
6869.36083415
6872.84526794
6874.67527854
6876.92910901
6878.49460593
6878.87495585
6879.35661022
6879.81575946
6879.8068034
6878.06233878
6877.24023597
6875.96707573
6876.27213906
6876.13770768
6877.55836747
6877.92008044
6877.18557269
6876.46180523
6876.01293629
6875.53607707
6875.86302523
6875.26159674
6874.29914528
6873.47552307
6874.53361262
6874.93944373
6874.16791995
6873.36637772
6874.65734552
6874.91262436
6876.76875735
6878.42292964
6879.91146724
6881.58196254
6881.95647186
6882.95060753
6885.85467523
6888.01671489
6888.84927921
6891.24050318
6893.99046407
6899.68483322
6904.19463386
6907.89207532
6909.43422378
6913.67482711
6917.00816499
6920.67672405
6925.094246
6929.7514974
6936.2695724
6940.52394784
6942.51401736
6943.82787363
6943.11566888
6942.81659948
6942.51543918
6943.11566888
6943.11566888
6942.7099702
6942.07514295
6939.89353938
6938.13100235
6935.03545636
6932.0896193
6929.52221551
6929.90802967
6930.18343
6930.4349452
6930.56987143
6930.01248441
6928.17829897
6926.69027016
6925.62677213
6925.8765937
6926.77368341
6929.25218881
6930.98554374
6933.68928861
6936.37337896
6938.55168587
6941.83721168
6945.14789109
6949.56662577
6952.41780746
6954.09500063
6955.39484085
6954.29705194
6951.10807028
6947.41133974
6943.31436778
6939.49545159
6934.12370939
6929.75402043
6924.80511538
6921.02994794
6917.84880718
6913.06761378
6909.8702894
6906.22546911
6903.60834354
6900.78722212
6899.91497936
6901.64135066
6905.37221875
6908.60395946
6912.06064691
6914.53482413
6915.60191852
6915.62103638
6914.63224646
6913.48244276
6912.46734923
6911.82153078
6909.75006225
6906.92913598
6901.46448781
6896.4119365
6891.67596244
6886.90149479
6883.11679979
6877.77508998
6873.6363626
6870.95862165
6870.41252553
6872.14600591
6873.41197344
6874.89767437
6875.14883412
6873.81426394
6874.32228465
6874.86983046
6876.78350522
6878.75237294
6880.81405603
6882.00960878
6882.15158136
6881.60218161
6880.26225174
6878.16620111
6876.75285949
6876.57341088
6875.63656606
6874.65439734
6871.90123737
6869.8020922
6867.74037426
6865.02476697
6861.83692137
6857.47362362
6854.32441101
6852.08300749
6852.47679498
6856.4881443
6859.82052733
6863.26108692
6866.17833431
6868.39093906
6870.8480057
6873.0093205
6872.7985989
6871.57496527
6869.85174427
6867.08511188
6865.14004565
6864.92337889
6864.62048314
6863.75300067
6864.17470176
6864.84158261
6864.93400767
6865.54373009
6866.63199143
6867.22384356
6866.81099398
6865.07965328
6864.07139702
6862.50100738
6862.48112285
6865.10132205
6865.17566076
6865.72692839
6865.5372901
6866.76164857
6868.54446042
6870.76612578
6872.64511238
6874.19084326
6876.95447171
6879.74388104
6882.45462348
6888.45003446
6894.09363639
6900.33101409
6905.75070079
6913.20820637
6918.99898724
6923.41340071
6925.78232864
6927.37723765
6929.19234705
6930.2942411
6931.95223974
6931.92213765
6930.82197906
6928.84583497
6927.00454045
6926.09956105
6925.87846157
6924.87881985
6924.04684795
6922.76831408
6921.15349266
6919.93817388
6918.18618896
6917.59150713
6917.59150713
6917.99616037
6920.35597195
6925.67071602
6929.93163601
6934.04375311
6937.31425923
6940.71979613
6943.82585938
6946.39513803
6947.81331661
6949.03961266
6949.63737509
6949.21844793
6948.56165222
6946.89455813
6945.41066235
6944.28570559
6944.43699665
6943.97563802
6942.5648264
6940.0547274
6939.04320932
6940.15448457
6943.07918953
6945.29884761
6946.60741388
6947.22413387
6947.67806281
6948.22049984
6948.73548326
6951.22856229
6953.53323665
6956.25310241
6961.70519817
6968.85587011
6974.81327537
6976.80754762
6976.62089235
6976.00546872
6975.78658561
6975.62514668
6973.17796306
6969.56635334
6964.30977133
6957.53763022
6952.37012084
6947.30169258
6943.56656601
6940.37745192
6938.34003033
6938.12944811
6938.78664806
6938.90888945
6937.09614975
6934.82750869
6933.0739765
6930.46342335
6927.37706341
6924.31924435
6923.47105398
6924.65900976
6926.78691885
6928.57458858
6930.27492112
6932.4747574
6933.29409325
6932.81527555
6933.53944028
6933.92696898
6934.07938216
6934.60761497
6934.4743754
6934.72754242
6935.13563171
6934.08962064
6933.46865611
6931.97645245
6930.22389602
6930.46783517
6928.42066994
6927.20671722
6924.99921427
6922.3088512
6918.81455531
6916.14170707
6910.86756143
6906.31068751
6903.02111231
6900.9504662
6898.12771387
6895.86462068
6895.4185884
6894.57902651
6893.76896732
6894.15805723
6895.09106176
6895.38233207
6894.45471512
6892.74394198
6887.52210387
6881.68406153
6876.5498603
6873.45371491
6871.86461862
6872.52253645
6873.78678245
6874.63594161
6874.69250761
6876.05458019
6877.24612536
6877.48345724
6877.77382847
6878.0089649
6879.58092272
6881.25599711
6883.3930783
6888.46580687
6894.22631838
6901.85982953
6907.27516018
6908.76357233
6907.38865461
6904.39435033
6900.85811781
6897.46046363
6895.00633123
6893.28411387
6892.26393246
6892.34059905
6895.61332851
6897.40582823
6901.01777947
6903.03310018
6903.97862923
6903.89341083
6903.29248416
6900.53243813
6897.40621853
6894.50548931
6890.94491166
6888.00370248
6886.28188238
6886.52915305
6889.43747226
6893.48659033
6899.84488518
6905.03512969
6910.79603151
6915.79887499
6920.84773933
6927.27881866
6932.49155436
6936.72913981
6941.04951125
6945.55704674
6950.58322475
6954.31027345
6956.7219674
6958.20517319
6958.55906617
6957.71184459
6956.66793139
6956.0990862
6955.73938747
6957.84887566
6960.05862285
6962.96972297
6964.98850762
6966.98400653
6968.64325275
6971.88094557
6975.75304746
6979.46016284
6982.50901888
6984.40945123
6985.99624752
6986.20073125
6986.29085631
6984.30745678
6982.42203018
6981.14880024
6981.11853785
6984.60076922
6989.23864488
6995.36841754
7002.50823767
7008.27328645
7015.31455517
7020.60064685
7023.28139872
7025.13331505
7025.53309647
7026.15367766
7025.31829062
7023.73491645
7020.54161358
7015.20499164
7010.63308409
7007.0940846
7003.45318824
7000.15241276
6996.14978948
6993.22614392
6991.27532769
6990.64707984
6992.89982304
6996.64394051
6999.87292819
7003.15342188
7004.99362913
7006.80553944
7007.87733836
7008.64567699
7008.22547438
7007.65667798
7006.40338832
7001.25933892
6995.78457773
6989.75516861
6982.4408135
6977.29704985
6974.55860289
6974.05323764
6975.92846759
6980.23321995
6983.62604413
6986.92000326
6990.65516468
6995.92257759
7001.15465418
7006.38533683
7011.22968956
7012.45098834
7011.70655575
7009.90872421
7007.07631189
7004.16556026
7000.85802417
6997.5456093
6995.92041699
6996.66638291
6998.7529687
7000.86380901
7001.62371431
7001.45400236
7001.78157779
7001.17988445
7001.12210572
7001.31070554
7001.13750874
7000.16405214
6996.46670129
6992.1631965
6985.97275269
6980.0709795
6974.56146744
6968.83643862
6965.25645735
6962.28695123
6960.02327955
6957.3340386
6954.62762434
6952.11517655
6949.29619482
6947.20524601
6943.79867062
6942.40250232
6942.32113816
6942.89981758
6942.16845316
6941.7561263
6942.48742103
6942.32358452
6940.7153425
6936.49019096
6931.16938325
6925.74007838
6922.10321747
6919.19395735
6918.68671028
6919.95567477
6922.61475787
6924.86101229
6927.57344139
6930.23603025
6931.26891043
6932.04253208
6933.37303893
6935.81194952
6939.0487781
6942.56311186
6945.94248454
6947.94983193
6948.57083131
6948.78303049
6948.02966276
6947.1694915
6947.1017949
6947.9466189
6948.86505677
6950.3557271
6952.62040241
6954.69519549
6956.20798761
6957.34220708
6958.81030955
6961.99100425
6964.63517918
6965.64795877
6966.33543506
6966.88661905
6968.07594786
6970.4362752
6971.36862457
6972.26677367
6971.76260721
6971.38166486
6971.83430441
6972.7855277
6975.27436218
6981.5528959
6986.91393266
6992.08534506
6997.21921872
7004.05808764
7008.25962586
7012.4426944
7014.23745928
7016.31735417
7016.96553534
7016.82607184
7014.67661944
7010.09843917
7004.8099081
7001.30213282
7000.63011531
7000.8146727
7002.27886517
7007.48396906
7012.56961246
7017.63978315
7022.23496946
7025.16453926
7028.96650515
7032.09150506
7035.44253201
7037.41015216
7039.02829115
7039.40535138
7039.08648806
7039.08648806
7038.4441684
7037.38492189
7037.38492189
7037.96938615
7040.56629961
7045.60677942
7050.81515209
7054.77429147
7057.02988527
7058.10879328
7055.69659054
7053.19447183
7051.04669216
7048.51313318
7046.37484623
7044.49609659
7042.31708574
7039.10998289
7036.03982747
7029.87646788
7024.60682466
7022.00643333
7018.81173652
7016.58394481
7013.6972386
7012.20105525
7012.56083065
7014.27767439
7018.45133385
7022.70911747
7027.1241373
7031.11386664
7036.48310673
7043.95941652
7050.14794367
7053.81003485
7054.50094719
7051.14161934
7047.80446904
7045.35642816
7044.13052938
7042.91570545
7040.10769401
7036.7153368
7034.40398547
7034.43617847
7035.35603119
7037.45838242
7039.60907542
7040.64128651
7041.875758
7044.63695403
7047.00225075
7051.12531027
7053.35908894
7054.06644278
7052.99339628
7049.75624709
7046.26123331
7043.31361202
7041.12840511
7041.37045548
7044.73857211
7049.64474599
7054.44029695
7058.85880859
7062.58870789
7065.59815034
7069.30707087
7072.07285296
7073.50881122
7074.34978098
7074.95287523
7073.30830717
7068.08996088
7063.22462241
7058.13340326
7054.12102939
7048.07273241
7044.89175196
7045.212288
7044.80799022
7043.21101121
7039.45895527
7035.50971982
7030.77283971
7026.14782312
7022.31351787
7019.64322054
7018.22732801
7016.18646339
7015.18910075
7011.98123123
7009.16819465
7005.79165863
7000.99428161
6995.79210499
6993.09162891
6991.32251249
6990.2813802
6988.19157441
6984.33737766
6980.77742728
6975.95475029
6971.41869482
6964.58822438
6959.39279442
6955.65401574
6953.01117202
6950.0624286
6945.99829085
6943.20459516
6940.43355793
6938.40238117
6935.37593268
6933.934782
6935.55589705
6937.26425867
6938.97516424
6941.02048249
6941.55647256
6943.11566888
6943.32798655
6943.26792873
6941.82357199
6941.0224131
6940.46388305
6938.40008814
6932.2621261
6926.7019653
6920.53645904
6914.55151654
6908.424476
6901.16069993
6896.58372541
6894.68723792
6893.5470036
6893.76896732
6893.76896732
6893.55924238
6892.12420412
6889.66283718
6884.04389402
6878.70056724
6875.19605377
6872.1985295
6870.1777097
6868.42431691
6865.85839069
6863.77878155
6861.46988356
6858.75562142
6856.57932178
6855.29809064
6853.62185929
6854.99579428
6856.08138622
6857.28623653
6856.60313024
6855.26439219
6852.97283478
6850.79484151
6849.60193028
6847.24131718
6842.74802774
6837.69590855
6833.1239313
6829.10255956
6825.3020573
6820.11737461
6816.37569653
6815.23524616
6814.47387722
6814.19251084
6813.90271113
6815.69956691
6817.02980194
6819.12447257
6822.4108905
6825.3447815
6830.5787399
6835.74794989
6843.40743011
6849.48444918
6854.50825749
6859.17302919
6862.68952355
6866.28050299
6868.97393272
6869.08986655
6868.58512856
6869.15190376
6870.04524377
6871.80044171
6874.83972837
6878.48146109
6881.2209535
6882.43772199
6881.32154007
6878.74344477
6872.90230091
6867.29255774
6863.79973941
6861.71748877
6858.09444178
6854.97034097
6851.2762589
6847.27804745
6844.81844385
6840.75957518
6837.4337785
6835.20082922
6833.22534029
6831.16203326
6830.10284947
6827.80807904
6825.54341767
6822.71002959
6819.00494239
6815.3241794
6813.71578404
6813.56300844
6813.25146329
6812.40429747
6811.17358961
6809.27929757
6806.20518337
6800.73327278
6795.70895568
6792.61239211
6792.35298025
6793.7294313
6795.87672309
6798.92415732
6801.15974114
6802.9000797
6804.45536603
6804.17622994
6803.49870638
6802.43221138
6798.05816636
6793.81669182
6789.35267507
6783.79064639
6777.67767765
6769.1600892
6761.74718965
6754.33074252
6747.18752117
6736.8942648
6728.99013452
6723.9650647
6720.70700644
6717.77569422
6716.11621103
6715.78048107
6714.65063159
6710.34224802
6704.01119768
6698.50875985
