6923.47092603
6919.25441691
6914.95455727
6909.20621484
6903.94676131
6900.31931645
6897.34141882
6896.34574982
6896.70834794
6898.55052065
6900.66828186
6902.56646996
6903.6473504
6904.1283078
6905.79024432
6908.41627017
6910.79641234
6914.83034346
6918.23539945
6921.39130993
6924.66964301
6928.019743
6930.56637712
6931.53286403
6933.1445909
6935.06287959
6938.83650672
6943.95770948
6947.45393599
6950.23772775
6951.55619097
6951.86629339
6951.40022325
6952.41944284
6953.04047707
6954.66259575
6956.94590801
6961.0928178
6964.59057067
6968.49492131
6971.413479
6974.38159118
6976.31205591
6978.78817768
6981.25593582
6983.82914537
6986.63179711
6989.42824583
6990.38330245
6988.94078571
6986.64880315
6982.18004702
6979.48124365
6978.64543843
6977.4161942
6978.981029
6980.11848241
6982.19565912
6983.03132495
6983.74272121
6984.75283838
6984.54806889
6984.52841437
6985.30372268
6988.35944387
6991.87530399
6995.09390683
6997.70802846
6999.1144422
7001.78940923
7003.90951923
7005.16943009
7004.23270375
7002.32335718
7000.34605612
7000.08197457
7000.73377998
7004.32045215
7007.78835383
7009.20877665
7010.14725935
7009.894399
7008.86420912
7008.94281328
7008.86120518
7009.92185261
7009.89745869
7009.33248865
7008.27115123
7006.63342044
7006.22087752
7006.40843885
7008.6764387
7012.14726766
7014.65141455
7016.7641994
7017.91831037
7019.98107376
7021.93835786
7025.91750025
7030.90800738
7036.90626896
7042.47776248
7047.41565542
7053.862542
7058.78146345
7064.35024576
7067.94710064
7069.65438894
7070.72459181
7070.82404231
7071.17587226
7072.13343797
7073.7088667
7074.54648404
7075.29642966
7073.93881071
7068.03909358
7063.3098174
7057.06839728
7049.89887233
7043.05415584
7037.63271278
7033.52950991
7030.71327424
7028.50549251
7027.45542507
7026.54636841
7025.99590926
7025.80208915
7024.03142547
7021.98198812
7019.71308918
7016.58856321
7013.75086787
7009.65762469
7006.12323216
7003.35724099
7002.06708167
7001.21538556
7003.01321709
7005.77069827
7008.1227038
7008.84560005
7007.69169817
7005.12900589
7002.20661487
6999.06175135
6996.2210451
6992.91776052
6988.44503166
6984.34880545
6980.62420312
6976.99390069
6972.86902905
6968.49798797
6963.69036551
6960.77432388
6959.56813539
6957.44655478
6957.07872242
6953.68832369
6950.38851002
6945.91396904
6941.46502773
6936.81432784
6932.62141809
6929.44900338
6927.25233831
6923.99430096
6921.95826633
6919.66813074
6916.02702529
6911.64320877
6905.6469684
6900.76785782
6895.02195478
6889.05035924
6883.22203264
6877.49387443
6871.99889417
6866.97353859
6860.64784097
6856.57753504
6852.26032785
6848.45135741
6845.72284226
6843.75022484
6842.42863919
6841.68783084
6842.15404735
6843.9354792
6846.38161039
6848.53461036
6849.8190615
6851.15048138
6852.25157391
6852.94703746
6853.49768479
6855.15424768
6856.06110192
6856.97399889
6858.49310555
6858.9544363
6860.74586966
6860.20340475
6858.95256843
6857.45283053
6854.41375296
6852.18566156
6849.40216949
6847.96393214
6846.7926618
6846.87218596
6847.4119536
6848.04871842
6847.58116374
6847.00665219
6845.84378032
6844.55435282
6844.44723566
6842.16272461
6839.91627504
6835.90306481
6831.49548164
6826.8791005
6824.19443167
6822.25730391
6820.63699038
6819.22653421
6818.46802285
6816.77773363
6815.87557696
6815.63484386
6818.04956266
6820.66047823
6824.41692508
6825.63869083
6827.52369925
6827.5170641
6824.94666334
6822.44276736
6820.91891434
6819.99445466
6820.9242113
6824.41194872
6827.58902615
6831.48223923
6834.22185013
6835.22170791
6835.17380523
6834.62193124
6833.28020319
6831.84543675
6830.01128616
6829.8931987
6830.49698294
6831.81695859
6832.98371955
6833.17976996
6832.06565804
6830.76841752
6829.61084262
6831.6705045
6833.48971904
6836.88354686
6840.18096992
6844.44651778
6848.31044422
6852.86422361
6857.54383377
6862.57077147
6867.0308852
6871.30203668
6874.04037213
6875.15594071
6876.64126528
6878.29745181
6879.76432064
6881.93937271
6882.82052274
6884.34476606
6885.70904803
6888.03887601
6890.38296397
6895.01614206
6902.13730433
6907.12011692
6911.74208776
6915.14412587
6917.48106293
6920.36086914
6922.12967889
6923.89238318
6925.76531313
6927.74080206
6929.08157527
6929.34689743
6928.69532899
6925.74526133
6922.98761985
6920.50712111
6914.72482932
6911.34510118
6908.54065126
6904.83403073
6901.34579149
6897.70964149
6895.3831729
6892.61014931
6888.63033784
6885.20985793
6883.09468944
6882.20628396
6883.79015298
6886.7951627
6888.2245137
6889.56840933
6890.44595602
6890.69420941
6891.15573531
6892.43190646
6893.21115962
6893.98940915
6894.9290279
6896.38361615
6897.86514224
6900.2999895
6901.46914803
6902.94580231
6903.25494291
6904.39806965
6904.64741728
6904.64741728
6904.27345159
6903.22460385
6901.75066078
6899.6616356
6896.15810486
6893.40376004
6890.04633491
6885.28032149
6880.03659855
6875.64004144
6872.18853246
6869.62758957
6868.11847047
6866.03600377
6864.63727062
6862.95808412
6861.16810045
6859.15019399
6852.93619262
6847.39779119
6840.55456622
6834.17033018
6829.37572709
6823.44365666
6819.91493049
6817.18692413
6816.25800385
6815.69088017
6815.48304402
6815.78113766
6815.85090425
6815.64620446
6815.78281038
6814.98143543
6813.54944292
6812.34640473
6812.69419226
6814.86371736
6816.94193953
6820.20466051
6823.26665441
6826.47602242
6828.81724583
6830.55550046
6830.99025578
6830.45719995
6830.53466109
6831.19442588
6831.40570506
6831.57106096
6833.03825737
6834.07478967
6835.22170791
6835.3526196
6836.26042869
6836.96814496
6836.58299292
6836.09675946
6835.54558941
6835.11083409
6833.65048888
6830.22901927
6827.30641219
6824.1275784
6820.30181799
6815.51984398
6811.14991805
6806.19028664
6802.68962045
6800.13968966
6797.33710762
6796.15665122
6798.03121904
6800.48831356
6802.90568084
6806.78981938
6811.73655685
6816.8817911
6822.49782791
6827.84063893
6832.03983534
6834.44507536
6835.06797746
6834.23849375
6833.50795872
6833.14659423
6832.89098782
6833.043861
6832.99480135
6834.63682547
6834.98903178
6835.22170791
6835.47803917
6836.72534187
6839.39860131
6842.41841466
6846.29037018
6849.20445333
6850.28888133
6851.26661035
6851.82268707
6853.40564306
6855.80987248
6859.40644161
6863.9710728
6869.03285895
6874.56413039
6879.01099473
6881.7739053
6883.64149646
6884.91584852
6885.19182734
6884.85435495
6886.93220772
6888.47075982
6889.73477583
6891.61024274
6891.60659759
6892.05549441
6892.5955966
6893.99063581
6895.08040957
6895.45871737
6895.45477253
6895.14423102
6895.45871737
6895.76970494
6896.92794894
6896.77651848
6899.76188065
6903.63538344
6906.41601793
6909.18322183
6911.16913742
6911.22385646
6912.26641754
6912.81585214
6913.17865238
6913.75211151
6915.71810772
6917.01160552
6919.04743106
6920.60779132
6921.77547924
6923.54802474
6925.73017195
6927.61622582
6929.25783873
6930.770366
6934.32201548
6937.28272585
6942.76882673
6948.73663773
6954.22238316
6959.63427077
6962.86278452
6964.65566757
6963.90893498
6960.84726865
6957.2173844
6953.83046355
6951.35952723
6949.76366337
6949.21240968
6948.88928788
6948.61197089
6947.33032156
6947.78281475
6947.42961874
6947.2975919
6946.92598197
6944.39577541
6940.83342745
6937.84481741
6934.75338353
6929.99095951
6926.63004954
6923.12366819
6920.34868612
6916.41606642
6913.59914075
6909.80826363
6906.3961125
6903.35631008
6900.81270081
6898.99250354
6898.03553722
6898.14754711
6901.08575235
6904.01871639
6905.88993876
6907.95026276
6907.36998728
6907.20716138
6906.68934826
6906.68934826
6906.80670391
6907.66604577
6908.86755063
6909.79430334
6910.16429631
6907.18204959
6904.54832222
6899.50909696
6894.69667935
6889.04635167
6883.79742934
6879.02992441
6874.80137167
6871.16490106
6868.58703576
6866.46640303
6865.13344982
6863.24176444
6860.04869157
6857.67906667
6857.36862274
6857.77332476
6858.61284483
6860.03464068
6861.54174553
6863.20113812
6864.26350008
6864.24023526
6863.27352532
6861.02403696
6858.44370439
6856.26637323
6854.61779064
6852.80359427
6851.17431772
6850.93648402
6851.21684677
6851.84143554
6854.00562186
6855.18630825
6856.133747
6857.79789291
6859.46772609
6859.91611413
6859.25555479
6857.56162042
6856.20002875
6854.07814148
6852.28813691
6850.65576581
6849.24197117
6847.27267132
6846.5691299
6845.86766545
6845.82616792
6846.5926526
6847.53430651
6849.11718584
6850.50586869
6851.23494008
6851.59557275
6851.8411916
6851.34056573
6850.36361035
6850.05373793
6850.53620078
6850.53620078
6850.79755022
6851.63524423
6852.97555046
6853.62941193
6854.8772722
6856.67788464
6857.14817841
6858.47278891
6859.2558754
6860.15014238
6860.79695052
6862.64310292
6866.29153351
6870.63214493
6874.39589601
6878.88922031
6882.52188546
6888.59917636
6893.25625352
6897.77794445
6900.70020304
6903.90941771
6907.01920975
6909.74930005
6912.21401941
6914.0746827
6914.25868251
6913.42222911
6912.37665015
6911.33299483
6908.68380869
6906.25190961
6903.42736607
6901.22269282
6899.54271178
6901.48298287
6904.14900081
6907.31959642
6910.59792951
6913.58560561
6915.81878489
6918.25878276
6920.54139108
6924.06845149
6926.77917302
6927.14086509
6927.49981109
6927.45272387
6926.33417923
6927.29939069
6927.89658857
6929.1932297
6931.5766058
6933.44745878
6935.42177681
6936.38203281
6938.75930347
6940.4531542
6942.98551439
6945.49852673
6948.13168258
6951.16365106
6954.01996245
6957.78868292
6961.06405389
6962.97046623
6963.04573888
6962.98782075
6962.87679359
6961.54144978
6960.4182006
6959.06719589
6958.60688968
6957.80489442
6958.652576
6961.4142599
6965.04499445
6969.1449146
6972.80044731
6974.75955747
6976.50274663
6977.62960611
6976.21301662
6974.30980337
6970.98965215
6967.19493473
6964.40796479
6962.00450204
6960.17171054
6959.54737965
6959.77958881
6959.3929592
6957.10395967
6952.77374703
6946.71199158
6935.98500442
6928.55406034
6921.82621161
6916.49489361
6911.7083684
6908.05714296
6905.71628197
6904.76897564
6904.06673755
6904.01647215
6903.81385629
6902.01674263
6901.24419432
6901.56784581
6902.0242002
6903.92938587
6903.51505871
6902.51430183
6899.95358197
6895.76897312
6890.72777544
6885.46348495
6880.73943603
6876.47621605
6872.19217064
6868.4010217
6861.95076179
6857.02968671
6851.82464555
6848.59735151
6847.5485665
6848.43931379
6850.60460829
6852.92199537
6857.13168813
6860.527572
6863.1921054
6866.52513661
6870.91850858
6874.05092424
6877.00926491
6880.56315863
6883.39892337
6884.1485902
6883.42127517
6880.91766495
6876.69804038
6871.72863747
6865.84383547
6860.1746966
6854.52000589
6848.21100068
6843.94985767
6840.29554466
6836.28985473
6832.14347463
6828.59073091
6825.24952425
6822.43050071
6820.46692994
6819.85506086
6820.20584535
6822.79452761
6825.42243529
6829.15843307
6831.94497786
6834.11140145
6836.1419579
6837.71912208
6839.57649568
6840.73899118
6842.1468825
6843.04911584
6843.58855591
6844.69771935
6845.09104683
6844.77270624
6844.36589938
6842.64638625
6841.52116465
6838.35341266
6836.68169767
6834.20323408
6831.95346694
6830.07625761
6828.75558499
6828.47651163
6827.33488338
6825.59432178
6823.85707776
6822.94848807
6822.92709112
6825.31506721
6827.48153959
6830.4816775
6832.20698941
6834.78650653
6838.22504491
6842.09509771
6845.75640829
6849.71675342
6853.45998574
6856.04628436
6857.82336016
6859.31630958
6861.17363439
6863.21986567
6865.48863219
6868.78916374
6871.96773268
6875.02341902
6876.91299259
6878.10229352
6879.05084742
6880.16246419
6881.31157092
6883.11333336
6884.90365854
6886.84846689
6889.32879138
6892.2358212
6895.01898569
6895.85092274
6896.61978409
6896.52268934
6896.60891835
6897.17076597
6900.49843749
6904.51564832
6908.94724904
6913.61600043
6916.7845609
6918.68933536
6919.38403224
6919.32881835
6921.07273934
6923.27456895
6925.29002906
6928.88612425
6931.21500435
6931.35816875
6930.17157206
6929.77860002
6927.63068096
6924.55698494
6922.21262517
6920.80897839
6919.82372907
6920.20973838
6921.75832683
6924.63515002
6926.87687414
6928.68578748
6930.17157206
6930.17157206
6930.26458257
6930.93646068
6933.17060178
6936.51704965
6938.55223398
6938.77163285
6936.75687668
6931.36991268
6926.88294474
6923.52912991
6922.40688437
6923.00160801
6924.51564074
6925.74738709
6924.91569398
6922.97667743
6921.09160629
6918.09769928
6911.72127626
6905.9953135
6899.89520385
6895.47320039
6893.41678639
6893.90468559
6895.36282141
6895.22721912
6895.69979895
6896.13936336
6895.2953339
6893.6492813
6891.34480209
6889.30956201
6887.97163244
6887.76968567
6886.4731003
6885.50659945
6884.12924931
6883.55308595
6882.25176119
6880.23163139
6877.92583491
6875.83237003
6872.46870006
6869.75974186
6865.0990544
6863.82177507
6859.52772815
6855.52293034
6852.23250484
6847.78459505
6842.46730703
6839.50827636
6837.26545102
6836.05636314
6838.02176693
6840.02691887
6840.92166676
6843.26558048
6846.16552909
6847.56703618
6848.02798359
6848.25597609
6847.42355117
6845.53436094
6842.83700727
6841.53088736
6841.35757208
6842.14579523
6843.69145641
6845.50012582
6845.94163477
6846.65105861
6847.35740881
6847.68985605
6847.87592587
6848.78177648
6849.47970032
6851.29830153
6852.95104503
6853.79469813
6855.59612602
6857.3845206
6858.88770849
6859.17351457
6858.23257157
6856.69802704
6855.36312232
6855.10840106
6856.55151022
6858.03709964
6859.55394813
6861.52572919
6862.24365604
6863.04172737
6864.10628479
6865.05401626
6865.26263999
6864.82973164
6864.68582845
6864.18421986
6863.80876266
6863.79130359
6863.14484393
6860.62538463
6859.59897232
6857.83726469
6857.3426467
6857.3426467
6858.38246172
6860.62486887
6862.32060142
6866.61499682
6870.35098066
6874.3008155
6877.5012623
6880.30023405
6882.70878467
6884.73541719
6886.27256141
6887.32807217
6887.83543076
6888.35948872
6890.10410667
6891.52103768
6892.07832712
6892.26009663
6891.63311029
6892.81765092
6893.07646339
6892.96653047
6892.2482621
6890.84392532
6890.15612146
6890.95984521
6893.31111195
6895.17813856
6896.93895408
6900.79806446
6902.53615181
6905.7524686
6910.42575726
6916.18844331
6922.03465413
6927.92103825
6934.95658485
6945.02105418
6951.71319021
6956.66276435
6959.91783261
6963.07522067
6966.36693556
6970.6713464
6974.20288833
6978.48213859
6982.17468036
6983.31394588
6984.59309309
6984.9638109
6985.32971962
6985.54780122
6985.16502585
6986.48884877
6988.42224077
6989.38761254
6989.01543109
6987.82758682
6986.28296413
6983.92463012
6980.62775766
6978.65017782
6975.29434178
6971.65121512
6969.50524757
6967.37154667
6965.90540269
6965.29680935
6964.20375287
6963.49103237
6961.74439321
6960.00170586
6959.03542107
6957.65883063
6957.29605826
6958.72844107
6960.43191695
6963.01848739
6965.84037548
6968.78360587
6971.37396085
6972.9714138
6974.36604877
6975.12818437
6976.18611362
6976.73915852
6976.60478289
6976.68200706
6974.06997634
6969.00963291
6962.64432655
6956.04964072
6949.95765772
6941.94975573
6936.55502749
6932.34335534
6925.87409605
6917.7623178
6910.44910572
6903.81271326
6897.80236624
6893.67214886
6891.70593658
6890.54675865
6889.57347629
6888.63634571
6887.11472299
6885.19784915
6884.90873247
6884.82192498
6884.77122049
6885.47806554
6886.05594344
6886.40684643
6886.31752985
6885.77457009
6885.58539876
6884.09396177
6882.18345823
6879.25698297
6875.29447027
6872.81836244
6869.70804767
6869.50416333
6870.07036701
6870.56585621
6870.95553157
6870.79320052
6870.59079376
6870.22796564
6870.13386088
6871.20607102
6872.56802511
6874.57885038
6876.83666751
6879.45722913
6880.91841767
6882.27302571
6885.30804692
6887.8098729
6890.57946741
6892.50953487
6894.52000468
6894.58312916
6893.98643309
6892.89546054
6890.97269035
6888.91495907
6885.88080907
6882.63571444
6880.44377481
6879.89112021
6880.35744823
6880.28979345
6881.8458325
6881.8458325
6881.72355626
6881.23887705
6880.68164336
6880.4845475
6880.64505249
6880.80625445
6880.61079646
6881.50550951
6881.58545185
6881.75041048
6881.50550951
6881.74859139
6882.58388782
6884.49076016
6888.3935705
6895.19308855
6900.1040297
6904.95838394
6910.30150162
6913.13070091
6914.45991837
6914.65568303
6912.65018261
6909.92634412
6907.34053337
6905.44223375
6902.39309196
6900.00778525
6895.22281428
6893.23732384
6891.92883424
6890.91524616
6893.25667867
6896.19888451
6900.01864403
6905.7740607
6912.61321537
6922.101138
6929.075198
6935.80718672
6940.74583239
6944.81565741
6948.20767311
6951.78536832
6954.48953834
6956.5586093
6957.96082033
6957.85810801
6955.28979815
6953.56638199
6951.16155319
6949.90462535
6947.9048819
6946.66357314
6946.27283141
6946.6257556
6948.01843209
6950.89304588
6953.78906359
6959.17508669
6963.3509416
6968.71641806
6973.27884683
6978.86818972
6983.67636976
6987.71976572
6990.77764751
6992.88820904
6994.71182842
6996.25986627
6998.47755193
7000.04886854
7003.9594919
7007.18631201
7012.20985547
7016.6578489
7019.60045202
7022.54235817
7024.61737428
7026.02008712
7026.97202132
7027.320924
7027.42999965
7024.47491381
7021.3306009
7018.37469961
7014.46058443
7011.84959917
7007.49347322
7003.49517116
7000.26186227
6998.81070311
6999.8092506
7001.69141538
7003.91627983
7006.4483682
7009.10814827
7012.13737767
7015.14236648
7018.44341378
7020.88072135
7024.39384935
7025.65348839
7024.51876013
7023.3706431
7020.98010216
7016.63861256
7011.89113852
7005.38089048
6998.22308855
6989.86489691
6980.80834233
6971.75569077
6964.69825238
6958.67880991
6954.96666241
6952.80792639
6951.21700404
6950.71122061
6950.26904953
6951.58406973
6952.29250387
6951.7776459
6948.98339961
6943.93819435
6936.65974011
6931.40762567
6926.26076748
6924.28738339
6922.22436909
6923.2047466
6924.64521425
6927.58999888
6930.3107707
6932.77100855
6934.16995775
6933.67668491
6932.1305707
6928.91126392
6925.9890123
6921.03926391
6916.58331807
6912.99647165
6910.1706666
6907.09675452
6904.28854097
6902.24164756
6902.16632612
6903.73309152
6907.24125711
6909.41115857
6912.16542673
6916.97486131
6921.23134857
6925.46792343
6929.0396944
6931.49448891
6933.49318692
6934.88866522
6935.59212997
6934.64147122
6931.57612489
6927.63050672
6923.70957518
6920.34260855
6918.1043414
6915.11869347
6911.68566812
6907.98556424
6901.19451437
6896.25967415
6890.98623942
6887.19544594
6883.00159529
6881.16519349
6881.48923528
6883.03031041
6885.75603071
6888.91050544
6892.20847214
6893.61794558
6893.04169858
6892.10636618
6889.51864574
6887.21112077
6886.66394435
6886.25847567
6886.34021619
6885.38228109
6885.1593207
6884.56840948
6885.53343972
6886.65192164
6887.64515822
6890.46531782
6893.29876166
6897.40869027
6901.45498562
6904.3997354
6908.37077901
6911.74337715
6911.82687404
6910.96765762
6910.40822849
6910.04481491
6910.02247705
6911.19838921
6912.15447735
6914.17693502
6915.73744861
6918.19564433
6920.50010961
6924.14870747
6927.14883144
6931.88457549
6936.44229275
6942.05637108
6946.35384012
6948.48566617
6950.14245905
6951.23092948
6952.43121464
6952.92946384
6952.52791909
6951.54900522
6949.05797529
6947.30370432
6945.71711015
6943.02743708
6939.61681928
6938.44182015
6938.52103765
6940.06512368
6942.56623875
6945.41934408
6946.52245783
6946.68801584
6944.87635644
6941.0531539
6937.08740029
6935.17927341
6933.76755573
6933.96095069
6936.90851623
6940.51274505
6946.14909153
6950.02202978
6951.79557195
6952.97314986
6953.55988624
6955.95169567
6958.30190302
6961.24824886
6963.86481685
6965.76224525
6967.08167727
6967.26316799
6966.86659263
6965.77437251
6962.60809113
6959.48298668
6955.67852564
6952.25948148
6949.34765652
6947.16999081
6945.71876196
6947.20079684
6949.69903344
6953.50299266
6958.44871257
6962.67766258
6966.50612027
6970.37980427
6974.48467289
6977.91613007
6981.20108436
6983.95362403
6988.7026314
6992.33160959
6996.01822712
6999.52182058
7000.78633144
7001.19928557
7000.05116854
6996.85347477
6992.44096403
6987.48063566
6980.44661542
6975.03562689
6970.90887344
6965.83040882
6960.86787803
6956.223646
6952.13159464
6949.06633195
6945.02389781
6940.11063575
6935.06122777
6926.80088361
6920.45710662
6916.40241976
6912.37801621
6909.86770812
6907.27561071
6904.55082434
6901.70862658
6898.86759972
6896.97002495
6892.40171376
6888.30002332
6885.05071202
6882.86680148
6882.93789232
6883.29541651
6883.34037101
6881.93049333
6879.37020558
6876.28457049
6872.18219701
6866.78897423
6862.67045895
6859.70815949
6856.57455202
6854.38098148
6853.02334163
6851.55716976
6852.17255157
6854.06574937
6856.16936212
6857.3426467
6857.34090428
6856.10004158
6853.14037666
6849.75652944
6846.17506363
6843.68537187
6842.02814687
6842.54461483
6844.08942571
6845.54029214
6847.38075727
6848.8499052
6849.17491578
6849.23663935
6849.2741781
6848.20433766
6846.91870167
6844.41099327
6840.27142953
6836.00512895
6829.9939386
6825.31699085
6820.66096611
6817.8127326
6817.81440532
6819.15516459
6820.11684241
6820.58785406
6820.84838108
6821.12744746
6821.07893842
6822.54494302
6824.10365146
6826.29294957
6828.39693868
6829.94191683
6830.45719995
6830.11870999
6829.31074867
6828.95916963
6829.19617394
6831.02482544
6832.52144092
6833.65484494
6834.82528589
6834.76782079
6835.28463725
6834.54106193
6834.29990368
6832.80177579
6830.28006528
6828.48593465
6830.4751469
6833.87924804
6839.15187429
6844.0090164
6851.91623425
6857.61233886
6862.58358873
6866.4944421
6870.22772867
6871.93433393
6874.53029255
6877.1672887
6879.48060547
6882.61608082
6885.37047443
6888.84123369
6892.47870793
6896.94594467
6900.62653342
6903.72327123
6905.66837929
6905.67329292
6906.00870228
6906.06340738
6906.42339883
6906.68934826
6906.36933495
6905.06792655
6903.70282216
6903.14341393
6904.31677518
6910.197709
6915.24134608
6920.68716912
6923.50645751
6925.58058149
6926.70201159
6928.24592337
6929.11321766
6931.14963562
6933.15260604
6935.81978095
6937.99897999
6938.16578558
6939.55009146
6940.54511926
6941.06187995
6940.94915916
6940.21967655
6939.08653041
6938.38538657
6937.68620818
6937.26209557
6935.27640301
6935.04405446
6933.8375593
6933.85802231
6934.59575703
6935.08555199
6936.09120856
6936.44211851
6937.71778784
6939.03273138
6940.8411429
6942.45589462
6945.05235505
6947.27856465
6947.74024388
6948.56770639
6949.49314879
6950.62323524
6952.37363804
6954.28064976
6955.42981922
6956.22954236
6954.72855689
6952.11728587
6951.19852042
6950.01614039
6948.79254859
6946.96525617
6944.66041454
6938.77277588
6933.91388437
6927.7061627
6921.29446608
6914.18230168
6908.78229738
6904.63289941
6902.47785036
6901.29247336
6899.13724309
6896.28203988
6893.93747102
6890.31976282
6886.93466802
6882.90102266
6879.01419382
6876.74167064
6876.18643725
6876.81337481
6878.01316512
6879.25452267
6879.84216511
6880.70828152
6879.68168103
6878.47985557
6876.10928278
6874.59695763
6872.37284591
6871.43237686
6871.63617059
6871.32335696
6870.90434617
6869.18046305
6868.09788201
6865.77173403
6865.70208592
6866.74496063
6868.14046681
6868.98038416
6869.5942396
6868.97103083
6868.17507132
6865.63930295
6863.51804992
6861.17288863
6857.16834173
6853.64003374
6850.01321615
6848.22391552
6846.93883711
6844.52870436
6842.99957529
6840.49572113
6838.90782362
6838.16150922
6836.39408644
6835.6830526
6834.48375714
6832.23511908
6829.77835912
6827.32893823
6826.03969194
6826.30520926
6825.69268502
6826.00114259
6827.24266741
6827.95372912
6828.53825611
6829.69970616
6831.57462247
6832.46930764
6832.81193063
6831.37548449
6830.51462323
6830.87475408
6831.42152626
6832.92701415
6835.03370053
6836.57786322
6838.33294965
6840.85992228
6842.76251522
6845.26553999
6847.3146637
6850.63411099
6853.82938628
6856.07224646
6858.3008815
6859.92679169
6861.62308879
6864.65741999
6866.95317315
6870.18701174
6872.49423701
6873.49546085
6873.82629113
6872.8934957
6871.47880893
6870.47897902
6869.98112709
6871.0019288
6872.69018287
6873.71598184
6873.95773251
6874.07962542
6876.15762455
6879.44864944
6884.31830912
6890.71554363
6896.84558811
6903.15808513
6907.41112936
6908.47127497
6909.00895867
6908.40332049
6907.07353849
6905.66749414
6903.92712769
6903.00952619
6902.45674613
6902.42331253
6902.60547932
6902.43395525
6901.24419432
6900.90815768
6899.3794677
6898.2965312
6898.52161734
6897.82321259
6897.11997086
6897.50064836
6897.60387644
6899.43236067
6901.37845842
6903.97873128
6906.9341656
6910.59542042
6914.53547678
6918.19594403
6921.43726806
6923.61060559
6925.43204346
6925.74738709
6926.24409598
6928.75485014
6931.24921855
6933.61070983
6936.25534476
6939.48399789
6943.05234675
6945.48942431
6946.71510006
6949.15869428
6950.36723853
6949.19972485
6947.45145478
6944.60702671
6941.8865267
6941.06187995
6942.61167416
6944.45790322
6944.15977473
6944.46509594
6944.54364435
6944.80541894
6945.13908588
6945.57694271
6944.87230008
6943.87528593
6942.63247869
6942.11088799
6942.84497059
6943.38072369
6942.85511846
6941.58374943
6938.88955303
6934.42291568
6928.66452993
6921.79644407
6915.27541392
6910.92018706
6907.43909176
6902.80076306
6898.05202751
6893.44511818
6892.38113227
6890.53515412
6887.08555484
6880.63463977
6875.37971654
6870.11988665
6863.65207706
6855.7781116
6848.43615652
6841.88824428
6836.23287054
6832.50683942
6831.04133664
6831.70126174
6833.22723355
6835.02907265
6836.72504914
6839.60787323
6842.76235492
6846.89985563
6851.11899929
6854.50293712
6857.06609637
6858.34032995
6858.64687085
6857.411333
6855.10163349
6852.22566758
6848.95803297
6845.40540773
6842.37216379
6838.79317919
6836.53693721
6834.25170131
6833.15070635
6832.6781544
6831.51915768
6830.08559002
6828.33453207
6825.9773411
6823.72612426
6821.85111038
6821.26851399
6821.2569443
6820.81123263
6819.53403694
6817.86528406
6817.46759355
6816.50396421
6816.63178832
6817.12349995
6818.87644668
6822.34491291
6824.47031988
6826.27549747
6825.19799036
6822.77333976
6820.73944482
6819.20632211
6818.67885597
6819.89555476
6822.04026776
6822.95740927
6822.04591321
6819.43701885
6816.31278561
6812.47248642
6809.02695047
6805.96739596
6803.83829506
6802.93376869
6803.81905871
6805.33329356
6806.61801652
6809.29326233
6812.87902844
6817.62357521
6822.59205812
6827.40611361
6832.26568814
6839.06113589
6843.7825642
6848.48439374
6851.84358917
6853.10257306
6851.90566123
6848.96788811
6845.07270958
6840.78185478
6835.86562363
6828.9064509
6823.73947121
6819.33756137
6817.72860844
6817.71027815
6820.16563024
6823.59834196
6827.08842817
6830.76369207
6838.59348363
6844.81563256
6849.78674305
6856.46530213
6863.13303031
6867.88763434
6872.75756583
6877.48586626
6882.69803741
6886.228046
6889.31262867
6892.5041473
6894.62335124
6897.98121546
6898.78909313
6900.07151609
6901.36454692
6901.58451731
6901.87368278
6903.5038166
6905.041149
6907.3649482
6910.27598559
6911.52120434
6912.81514123
6913.15871907
6914.09221844
6914.37670027
6914.32726426
6916.60268684
6919.15386519
6922.13273858
6925.31797055
6927.5415665
6927.78931807
6927.41988269
6925.95421264
6924.13868506
6923.2081269
6923.07323552
6924.00229519
6924.03828667
6925.14809829
6924.28267885
6923.80906751
6922.57601086
6920.17749659
6916.44931881
6913.80731842
6911.9953175
6910.83255018
6910.87320438
6910.28881679
6911.34179755
6913.11234275
6915.15389041
6917.76289628
6920.56361045
6922.16268037
6924.25503009
6925.62973175
6927.07926697
6929.57581689
6932.05820441
6934.12000599
6935.67381473
6938.84430581
6941.47666014
6942.58065207
6941.05856238
6938.11127563
6931.57348338
6924.34581031
6915.68373321
6906.03773104
6893.26794169
6884.39855116
6878.98829445
6875.06196838
6873.0903755
6870.78800114
6869.12658037
6867.18971049
6865.22565882
6864.37047089
6863.79523449
6862.71927466
6862.04812836
6861.76683167
6861.86514612
6862.56378784
6864.49223137
6867.73399449
6870.84188381
6874.71310054
6877.96785517
6880.6399925
6883.51448083
6885.1414783
6886.3867319
6885.29978784
6883.39706247
6880.83936745
6876.08942614
6872.52884849
6870.33242038
6866.42602762
6864.82973164
6864.50010015
6864.0575109
6864.077953
6863.31994345
6861.38295509
6859.22681179
6856.70557522
6854.38195027
6851.59583063
6849.42156614
6848.3711084
6847.47355172
6846.4523388
6845.34735718
6844.09035965
6844.69672965
6846.80582754
6848.33483116
6848.94198874
6849.41946826
6848.77317588
6846.5453075
6845.45710889
6845.12887134
6845.77169282
6845.42239287
6843.71119458
6842.28132782
6840.6166104
6839.17053215
6838.08511444
6837.39457847
6838.03661237
6840.20222748
6844.42784598
6848.29879787
6852.30565174
6854.79309228
6857.13264994
6858.36360871
6859.15013126
6860.10385667
6860.93415584
6862.24797028
6863.05906099
6863.70119943
6863.22341325
6862.10912709
6860.05458096
6855.38972563
6851.38851023
6848.54240247
6846.36193496
6844.56752554
6843.74400788
6843.41986153
6844.48010472
6845.68415351
6847.72136602
6849.17491578
6849.37914861
6850.75796238
6852.30460629
6854.50049076
6855.46060737
6857.42608086
6860.2402535
6863.8439805
6866.46665394
6869.91895049
6872.40256467
6876.38163736
6880.70385577
6883.9243683
6887.52856924
6892.35604836
6896.14459063
6898.65027085
6899.76667579
6898.80146433
6897.00614189
6896.02947226
6896.738457
6898.29593181
6900.64840431
6901.55509128
6900.29846314
6900.58969861
6899.20226333
6898.99732656
6898.28498243
6897.44440296
6896.82000238
6898.99437838
6901.67138056
6904.1505202
6907.98203758
6909.9579656
6913.21939719
6915.70943046
6918.72719471
6922.4550728
6927.5427165
6931.39406265
6934.60715944
6936.78491574
6937.13123964
6936.41635854
6934.82662801
6932.20075548
6929.68967375
6927.78931807
6927.60403583
6925.51749186
6924.14672111
6922.47548702
6920.18691962
6919.44308642
6919.3124814
6922.29865205
6924.81305135
6928.10787473
6931.29222154
6935.63105569
6939.30648686
6940.72155696
6940.58747406
6939.7961494
6937.29179342
6935.29713784
6935.6658205
6936.53970114
6939.14485278
6940.71235
6941.77848954
6942.56183391
6942.31235385
6938.20559645
6933.80899054
6928.32035269
6921.55226098
6916.3210556
6911.19410285
6907.68514272
6905.435048
6903.25582109
6901.49011983
6898.72656108
6894.64226001
6890.66276217
6887.4749096
6884.17286563
6882.18551428
6880.57197529
6879.32688199
6878.67493022
6877.42164753
6877.18862989
6876.30333289
6875.60342965
6874.18321592
6872.9120978
6873.38992581
6874.71880175
6875.54138547
6876.80680239
6876.90688714
6876.18949695
6875.96289839
6876.1300664
6876.0150247
6874.81724862
6872.92133264
6871.81652526
6870.26509317
6867.40972967
6865.62247812
6863.84667777
6862.5046779
6862.26025785
6862.42861768
6861.64616543
6860.35163612
6858.61667816
6858.0466063
6856.85630173
6856.52326904
6857.3426467
6857.3426467
6857.28983736
6856.49902846
6855.25293152
6853.25718867
6850.87007681
6848.60991089
6846.27904443
6844.16819715
6843.02526557
6842.7504019
6845.76983191
6848.0235439
6851.28741488
6854.14905111
6857.0059131
6858.17227678
6858.36360871
6858.42386168
6859.1018104
6859.70646585
6860.84581502
6861.2029489
6861.95184209
6862.49948549
6863.97273159
6866.31283288
6868.52632976
6868.3045612
6868.66571659
6868.69304475
6867.98151606
6867.96996032
6869.17775184
6869.9385632
6870.4549545
6872.1015577
6873.589245
6877.23032954
6880.56391136
6883.87838229
6886.08283948
6887.78912413
6887.99631211
6888.57753547
6890.01356343
6890.30445738
6891.0345324
6891.0345324
6891.0345324
6890.88064165
6890.70706152
6891.2079592
6893.15181968
6896.49955694
6897.93391217
6899.85469601
6902.13598009
6905.04563051
6907.71685481
6910.97422307
6913.17819935
6915.35594869
6916.38678675
6914.72137235
6912.63540686
6910.33494219
6909.12303159
6908.36753113
6908.20730493
6909.45273974
6911.25590309
6913.27245744
6915.88936694
6918.2908503
6921.58960458
6924.47875714
6926.89983927
6928.20484402
6930.37489882
6932.41763829
6934.94582364
6938.28725333
6941.65758633
6944.13034173
6945.01752054
6947.03390065
6948.37639537
6949.80644333
6949.56993387
6949.30074353
6948.3006209
6947.05303942
6946.64064286
6948.70453534
6951.97987843
6955.32198418
6958.43309349
6960.30288011
6961.28475609
6960.08284002
6958.29190848
6956.17989726
6957.12978237
6957.30363432
6956.49901846
6954.72003993
6953.23203203
6951.26043218
6949.49556728
6946.39903856
6942.63652111
6939.74692945
6936.87079627
6936.63768801
6937.18685777
6939.64433561
6941.74456806
6947.07284031
6953.08038551
6958.05121024
6963.80613206
6968.32374572
6970.3185407
6971.05725814
6968.9335239
6966.6694201
6962.70829437
6957.0903618
6951.74808745
6948.41385048
6945.38310169
6943.406177
6942.26787329
6942.20885396
6944.897614
6948.03845601
6950.47357509
6952.51143578
6952.88979934
6951.04831663
6945.97257019
6940.52372928
6933.08417763
6922.48950307
6910.63082644
6899.14589247
6888.73607501
6880.37162458
6871.20989041
6865.48748219
6862.60946719
6861.33680877
6862.70323043
6865.03515628
6869.90379141
6872.85803391
6873.82602628
6875.1317977
6876.63597529
6879.52605482
6882.71967133
6887.21526774
6889.47702972
6891.16713773
6891.95692906
6890.38190457
6887.49174837
6885.27460635
6883.16406573
6881.16552803
6880.26673075
6882.23547999
6883.43942424
6884.84751768
6885.53824184
6884.61576155
6884.69154996
6883.79421631
6882.9894053
6881.97303631
6881.48211923
6879.41509039
6878.04887084
6876.27427626
6875.10702742
6873.38862944
6871.4190996
6870.95553157
6871.23254887
6872.99293923
6874.74824172
6878.99845626
6884.37876421
6889.44045976
6895.23384033
6899.86291327
6904.17246078
6908.36838143
6911.37127934
6912.55933967
6909.55495722
6906.69803947
6904.84801192
6902.34879958
6899.63637047
6896.42634732
6893.08704338
6890.24594683
6889.10396312
6889.91174322
6891.39170114
6894.01162155
6897.11745481
6901.08611478
6906.91170228
6911.03844876
6915.42449559
6919.28576658
6922.34092322
6925.07601079
6929.0552159
6933.64443616
6939.48828425
6944.21198468
6946.01739227
6947.26059678
6947.24568165
6945.94614113
6944.54986131
6943.13509788
6940.51545626
6938.9682269
6937.65865699
6937.65865699
6937.75025963
6938.87960032
6940.8475132
6941.90082851
6945.68737048
6948.95076055
6951.4756353
6953.17458087
6954.26192918
6955.1231668
6955.2311273
6954.87672553
6955.27771271
6956.09031583
6960.11872696
6963.55313231
6967.80659472
6972.73242313
6976.63412529
6979.527383
6981.56023248
6981.55598097
6980.39963971
6978.92875633
6977.9019119
6978.2616873
6978.37592052
6978.0211633
6977.22257622
6975.97618655
6975.36996292
6974.87406947
6975.93541387
6978.30197211
6981.52001737
6985.9642402
6990.81848989
6996.62723863
7000.97764943
7005.40221773
7009.93370805
7014.77338412
7018.70555079
7022.03573837
7025.12811316
7026.95744769
7027.53175015
7027.73037934
7026.75965486
7024.75543687
7022.13421312
7019.29183415
7017.04961518
7015.79988006
7015.30531783
7016.2667099
7018.53318339
7021.05794662
7023.44451484
7025.44419557
7027.79450746
7032.06302441
7035.19548188
7037.93261854
7039.47034124
7040.9754458
7041.92540757
7042.95043988
7043.30394256
7040.67080065
7037.14720417
7033.49286328
7028.41662199
7024.60915701
7020.19761506
7015.44414012
7010.6391731
7004.17875835
6999.37197225
6995.98923321
6992.34164595
6988.33511965
6983.5585123
6979.16008034
6974.41797296
6966.03183286
6959.1075713
6954.35530211
6950.21713231
6947.46884415
6944.74529142
6940.60663374
6938.63104026
6937.02863186
6936.35042527
6937.31289067
6939.260236
6939.73922097
6938.66567962
6937.1998423
6935.22521064
6932.6754541
6930.59893254
6927.44603296
6925.50339218
6923.70981215
6920.37094034
6917.52824773
6914.25936554
6908.4845592
6903.94293495
6899.86906751
6897.51803077
6894.94345516
6893.87733653
6893.82718264
6893.26865259
6893.7148173
6894.404726
6893.79089147
6892.0563029
6890.3014395
6887.31343582
6883.95356433
6881.18251317
6879.45908307
6878.81918189
6879.25131661
6880.06539034
6881.03831028
6881.99940962
6883.28075228
6883.88776349
6883.84128263
6881.46562894
6881.29940184
6881.03813604
6878.5649973
6877.60047584
6876.46151001
6876.66937404
6877.40995239
6876.90537472
6875.36752656
6873.92570679
6873.23209021
6871.93376938
6871.15416077
6871.26352218
6871.70444567
6873.04590191
6873.7833439
6876.14680063
6878.90210726
6881.26492975
6883.67718128
6888.52267704
6892.62392142
6896.11825914
6898.23209642
6899.24471571
6898.28718485
6897.44298115
6897.25833315
6897.20929441
6896.39306008
6895.40054137
6894.78866532
6893.24259989
6891.21327707
6889.40246798
6887.80463866
6886.2694599
6885.96491232
6886.52383964
6888.06586265
6888.79941555
6888.00231301
6888.09908019
6887.74422539
6888.31195543
6888.35381539
6888.44526469
6887.72293299
6888.30391241
6889.88273537
6893.07137552
6900.22696806
6906.16330394
6909.4134516
6911.30429365
6910.58013589
6909.86266206
6909.41192524
6910.13493997
6913.46377543
6916.45041305
6919.56053964
6921.4673144
6923.2279487
6923.34754161
6922.14598796
6920.58357164
6918.34469812
6916.86456597
6916.55868718
6916.64535528
6917.0056534
6917.61043431
6918.95248994
6922.08052863
6924.81588802
6928.39296989
6933.60646529
6938.95746569
6944.5479795
6950.42778422
6955.25145091
6959.03750501
6959.80017728
6960.06814792
6959.70212768
6959.43926582
6959.3221123
6958.56774093
6957.15191811
6954.15899383
6951.42483323
6949.20704302
6947.44322357
6947.39794847
6947.8683189
6948.41816472
6949.98230255
6950.93922705
6951.47971954
6953.04229615
6953.12942425
6952.41015224
6952.08004681
6952.43467161
6956.6539686
6961.87134611
6968.57061214
6972.57490814
6974.31426397
6973.6031465
6970.31414979
6963.94329556
6954.42655325
6947.06960637
6942.2063379
6939.09844858
6936.68060039
6934.65836575
6932.88227268
6928.38904596
6923.88638925
6918.21275492
6909.89534294
6903.63184284
6897.50257897
6892.15277735
6887.41099057
6881.97004632
6877.84961438
6874.36385635
6872.57602632
6872.01024082
6871.2958476
6871.83800584
6873.84878232
6875.40215198
6877.53719802
6878.37583294
6878.19249525
6877.78300505
6875.64000659
6873.79343601
6871.14921926
6868.74006227
6865.44211648
6862.7421213
6860.63496099
6858.35169054
6858.21599765
6859.0442547
6861.58824731
6864.52328134
6865.14494284
6867.22846197
6869.79084062
6871.57868459
6872.79663792
6871.16766803
6868.73620107
6864.40149298
6861.32095272
6859.53175663
6859.27513265
6860.25125864
6862.105008
6865.36183959
6867.79672867
6870.27488559
6870.10489485
6868.96082024
6866.81359814
6864.54279647
6862.21971516
6861.06276056
6860.22513624
6858.97192326
6858.03882813
6855.97934049
6854.77890896
6853.3609325
6852.7351101
6852.91846173
6853.21159992
6855.12157377
6857.39333726
6859.53315754
6861.23048615
6863.5027863
6864.80981227
6863.9302583
6862.3761847
6861.54194069
6860.40562334
6860.3065701
6859.47678669
6860.69178487
6861.45393441
6862.05676381
6864.04978848
6866.57889383
6869.93932986
6874.23221981
6876.51195662
6877.05320881
6875.75675586
6873.18130208
6871.2958476
6870.95613794
6870.66421944
6871.87214339
6873.59643772
6874.56238797
6872.64996776
6870.29113194
6867.81664108
6867.11551814
6867.68957666
6870.00144374
6872.774314
6877.13489358
6880.30342617
6883.03495222
6886.15827243
6889.40311616
6893.30376589
6898.75323408
6902.77579763
6905.23584729
6908.47003436
6910.17155175
6911.35875481
6912.20786517
6912.66396865
6912.45158826
6911.79417922
6911.79417922
6911.41239354
6910.31827767
6909.0442253
6906.78916817
6904.27539613
6902.14294978
6900.78266144
6900.47943811
6901.77474803
6904.43081325
6908.55737852
6916.39979916
6923.58116562
6929.18251729
6934.17131684
6936.49146392
6937.09399362
6937.18612595
6937.56304679
6939.13178461
6940.27389377
6943.24092565
6948.15702437
6953.46100028
6958.84461884
6964.18395895
6969.49639606
6973.08794702
6973.83356445
6974.25955191
6973.23730747
6971.08903993
6968.50586372
6966.82379874
6966.2445478
6965.9792814
6966.91593804
6968.73725743
6970.20932565
6971.81423617
6974.72603326
6976.88872807
6977.81667259
6977.49063049
6975.37337807
6973.56369806
6972.01085113
6971.35054269
6970.7523342
6969.96064711
6968.33517601
6965.82553004
6963.73699273
6961.82452374
6960.58991982
6960.36817216
6956.48848028
6952.14638432
6946.1957327
6941.75364956
6936.49870543
6933.0522216
6930.42424423
6925.92422206
6922.21403304
6918.85053732
6915.76808737
6913.39597429
6911.10408233
6909.76860609
6908.29052303
6905.64040295
6902.8559421
6898.2242137
6893.20347902
6889.92613563
6887.80408806
6886.66697617
6886.11526944
6885.90661784
6885.64427173
6886.33424317
6888.04162206
6889.3551856
6890.55984773
6891.07448964
6890.6270913
6888.00382544
6885.28209179
6881.82091586
6877.74829599
6873.99004399
6870.57099984
6864.59899308
6860.11194151
6856.65283557
6853.16219876
6851.35712572
6850.32152039
6850.67693276
6852.1072386
6853.64027768
6854.49156258
6855.56166788
6855.19937642
6855.43994921
6856.45744728
6857.55911133
6858.69605596
6858.40633291
6858.84584853
6859.1015107
6858.24964731
6857.10824209
6855.20564217
6855.4086553
6856.57761868
6859.60465959
6862.62957475
6865.01196812
6868.12661804
6871.68132024
6875.21606125
6877.01912006
6875.58205361
6872.83816333
6872.01195537
6872.13738888
6873.95028888
6873.7592915
6872.92451779
6869.74836036
6865.39866046
6861.30445547
6856.98579857
6853.49080571
6851.80021679
6852.16736612
6853.42999516
6855.4737313
6858.48233041
6861.51153193
6864.14313354
6866.84379781
6871.02115121
6874.52900315
6877.30216614
6880.80148718
6883.59359378
6885.85975364
6887.63977762
6891.07467782
6894.25166464
6898.22408128
6901.09169053
6903.04401221
6903.40349488
6902.95767169
6901.3333715
6900.5741562
6901.54494341
6901.31284576
6901.67710964
6902.03749837
6902.39488317
6903.90511741
6909.44048703
6914.17844047
6918.32085482
6921.83740493
6923.31568315
6925.65844687
6927.07440909
6929.70351555
6931.35094118
6933.95956372
6936.525936
6938.85522034
6940.89266285
6943.66097493
6946.84699447
6948.54896489
6948.26154184
6946.12909549
6944.11640932
6942.18778458
6942.01065688
6943.90554135
6945.82638792
6946.19506361
6949.58840355
6953.41758608
6957.96866123
6962.44846432
6966.57930201
6971.04777936
6973.12056517
6973.92619163
6975.46809615
6977.58632434
6978.07190264
6978.78267163
6979.956925
6980.96299975
6982.31609537
6984.28280249
6984.49593561
6985.33752568
6986.26477323
6988.96943114
6992.0075887
6996.05781496
6999.07875739
6999.70052344
6999.81573241
6999.45944186
6998.49901858
6997.49203777
6995.89528179
6993.76520513
6991.64899815
6989.01180685
6986.87183323
6986.54272447
6987.66477487
6986.73118489
6984.59295369
6981.89679881
6977.09231271
6974.01212791
6973.39245277
6973.37474976
6972.32950535
6971.67560904
6970.42468907
6970.66988277
6971.19832466
6973.49853146
6975.42955377
6974.25864585
6972.29835084
6968.37922445
6963.97814401
6958.55221943
6954.43548143
6948.17403739
6942.9408805
6937.55257134
6931.61813121
6926.45102608
6921.98932327
6919.14622641
6916.9495474
6916.04966981
6914.19387137
6912.36624441
6910.67030277
6909.75224823
6908.8896794
6908.65178994
6909.59134597
6907.92386158
6907.01458188
6905.78864129
6905.58397634
6906.29522623
6907.62857672
6908.66869841
6907.73694843
6905.81877126
6903.53935505
6901.54186281
6899.90236172
6895.70688016
6892.17881611
6889.51299332
6886.76121334
6884.26213342
6882.31384022
6882.95575563
6884.64261577
6885.99231714
6886.79900997
6887.71992208
6888.08160718
6888.56793123
6889.42277765
6891.11055778
6892.46041946
6893.39489459
6895.13538649
6896.47121818
6896.64601104
6895.79904037
6894.38384481
6892.60064963
6891.17977377
6890.6253419
6891.2632149
6891.68195388
6892.30190083
6891.71517839
6891.71517839
6891.38106539
6889.64570319
6888.20058675
6887.0297555
6886.75606971
6886.95114437
6887.48366353
6889.06152468
6890.08339972
6892.74232251
6895.41715711
6899.8519848
6902.97177138
6905.57090817
6910.39588516
6913.39115823
6915.6715711
6917.64018792
6917.96354669
6917.60628735
6918.60061817
6918.60061817
6918.89619575
6919.02875229
6917.24246953
6914.56763493
6912.33404444
6908.82392037
6906.82370298
6904.37900058
6902.70373801
6902.40284255
6904.42886871
6906.82768267
6909.39639677
6911.35907541
6911.92516757
6910.83492685
6908.91182907
6906.01581136
6904.07026422
6905.44622739
6906.9541477
6910.83356079
6914.80327318
6919.14837308
6925.07383624
6929.81441726
6933.60193499
6937.26992253
6940.36182338
6944.27274644
6948.78325102
6952.29623266
6954.64752728
6957.26663223
6958.3627275
6958.98323203
6957.95925912
6955.53079609
6953.98456339
6953.70004671
6953.84274414
6954.21090408
6956.49615391
6957.5370562
6959.36376317
6960.10133758
6959.72603371
6959.35765075
6959.30829837
6959.65559106
6960.00086253
6962.49955215
6964.87800068
6969.23726299
6972.82038062
6976.08205614
6978.41369624
6979.70232222
6982.4568831
6984.31995094
6984.28078128
6982.45186493
6980.06969458
6976.48880725
6971.30558819
6967.18197111
6963.6928049
6959.54775601
6955.57467029
6952.33011929
6949.0861886
6946.65277709
6945.16686009
6945.43027255
6945.06212656
6945.01848933
6945.23468214
6944.66343938
6943.21751446
6941.64465755
6940.33131008
6938.40595412
6936.86832899
6935.1452892
6934.64283728
6934.26137221
6934.68351239
6934.97982179
6933.71760396
6932.75749432
6930.50791536
6924.08212602
6918.14657075
6909.67620194
6902.30623568
6895.14271163
6889.1883591
6885.90094451
6883.81709083
6882.42759253
6881.50550951
6881.50550951
6882.07257743
6883.33878192
6883.54744747
6883.555372
6883.79641176
6882.90422175
6881.24455735
6879.80390151
6879.11534493
6875.81648611
6872.7421907
6868.4445056
6863.0349598
6857.94525307
6855.04713051
6851.1953174
6848.20463736
6847.54857347
6848.84781429
6851.65222936
6852.71148285
6854.54808677
6856.45414365
6858.43819833
6860.11647878
6860.32519311
6859.64870803
6858.45600589
6857.60122917
6858.24241277
6859.72490068
6860.10998303
6862.03939534
6863.46505937
6865.22370731
6866.87973353
6868.24929155
6869.00579565
6869.97580922
6871.80010467
6874.08878359
6877.1677487
6882.15169038
6886.55519628
6890.31448676
6891.80289194
6891.94522695
6892.23198787
6892.35033321
6891.36249814
6889.80257697
6888.01898451
6886.95066346
6887.18904777
6888.17813041
6888.84091308
6888.65227842
6888.76644195
6890.01493645
6892.38047015
6893.96915523
6896.60935744
6900.23287139
6902.80133458
6904.59035642
6906.24703083
6908.65160873
6911.38102994
6914.77340806
6917.33536156
6919.32601654
6921.40682446
6922.41275284
6924.42534841
6926.21082268
6929.67493982
6932.17371308
6934.87415432
6936.24354507
6937.79647564
6939.36027196
6938.45929316
6937.30029644
6936.92384955
6936.47168394
6936.06360859
6936.29737199
6935.86913333
6935.74721254
6936.48330938
6938.55386489
6941.96122087
6946.43109913
6950.10282243
6954.20481257
6957.1117936
6958.24121096
6959.01568291
6958.65179539
6958.03899934
6957.96934426
6959.54456389
6960.49819173
6960.94064159
6961.28926548
6960.44847693
6959.64428622
6957.63196247
6955.33581204
6955.01508085
6955.43594558
6956.71669581
6957.6064325
6960.82183625
6966.65248376
6971.18292165
6975.8065443
6979.46737397
6983.08317945
6986.66448496
6990.3708964
6992.51547001
6993.35733887
6992.36339138
6990.87180802
6989.89633021
6986.88103322
6983.93571193
6982.45660432
6981.48725983
6981.51506889
6982.47967399
6982.64729503
6982.08867438
6981.9487927
6982.93625838
6985.40778015
6988.78717374
6992.25236422
6995.31554297
6996.8842808
6997.24788952
6994.42363174
6990.96959277
6987.96015033
6985.43126801
6985.08257442
6985.69827683
6986.8164242
6989.93821805
6993.00899376
6994.4132469
6992.92709991
6990.34273885
6987.08008757
6982.7221495
6979.86150994
6976.37554979
6973.5762435
6970.21218323
6967.27606192
6962.71312436
6956.1902821
6950.25209228
6945.13200467
6940.5021093
6937.92882309
6935.66065596
6933.4390603
6931.25129552
6928.09732958
6923.94000011
6917.68241727
6911.80167164
6908.13327288
6905.38895047
6904.07191603
6902.94580231
6903.09484216
6903.22426234
6901.7677644
6900.08660547
6896.4440573
6893.59544742
6891.74022746
6889.41414918
6888.49566252
6890.2903786
6891.47024954
6892.06594198
6893.68121642
6895.11839438
6895.06038565
6893.87581017
6892.5677736
6891.409669
6889.63197987
6888.2739985
6887.60672038
6887.85125195
6886.59114594
6884.85887131
6883.05644675
6880.95925309
6878.32358815
6875.94477022
6873.95004494
6871.71687263
6871.06515783
6871.81132587
6872.94742716
6873.35759341
6875.08275199
6875.37971654
6875.87829332
6877.56359921
6878.44261651
6879.05461105
6879.75045793
6879.00092353
6878.35375993
6877.87920768
6877.29117494
6876.93484256
6876.7890715
6878.78293253
6879.01382443
6880.51609929
6883.28611197
6886.92295894
6891.95485906
6895.23867729
6896.79914906
6898.72736259
6900.67654791
6902.37639955
6904.21764528
6904.95241788
6903.71947972
6901.8685043
6900.04511491
6898.36656265
6896.51454874
6893.56423018
6891.71517839
6891.78160651
6892.42803131
6894.10705054
6896.52613237
6900.41632757
6903.34715888
6904.64741728
6904.40281601
6903.5209481
6903.66220978
6904.73357658
6907.51899228
6910.3104507
6912.47879793
6914.50189682
6917.03519095
6919.54432117
6923.53663627
6926.93721771
6930.3258322
6933.89928984
6938.1586974
6943.00651407
6948.28205364
6952.30004508
6954.87247402
6956.59048867
6957.68882817
6959.48428305
6963.11676002
6970.26027409
6976.40593764
6980.77014843
6982.15871977
6983.57691229
6986.24839446
6990.2494147
6992.81203032
6995.17308251
6995.17308251
6994.97472513
6994.13208961
6993.19612994
6993.24889049
6993.86326867
6994.73399204
6995.85374243
6995.85374243
6996.50366603
6998.57784577
6999.9643959
7001.20806738
7000.38982578
6999.09220889
6997.77403142
6997.13839569
6998.22573703
7000.50796202
7003.3143774
7005.60314693
7008.89339818
7011.66936298
7016.05329799
7019.3559553
7020.01660524
7019.93841229
7019.05995953
7017.26511799
7016.05267072
7016.18104544
7017.45259568
7019.32132291
7020.32892402
7019.33595925
7019.07055346
7018.50690069
7018.32840693
7018.55381367
7017.73354389
7016.22190176
7013.94859798
7012.02091415
7008.1774089
7004.62488124
7000.07995336
6995.5936336
6991.50897708
6986.48947604
6979.11421978
6973.22274082
6969.23963268
6964.6459797
6962.73609646
6962.37600743
6961.87624581
6959.75336884
6957.43448328
6954.73459264
6952.69236893
6949.54528905
6947.12432541
6944.1284878
6942.38209954
6941.62982605
6940.55253501
6937.93728429
6933.70149701
6927.34092307
6923.01526861
6919.58057749
6918.9908093
6918.01810542
6918.97576174
6920.30223314
6921.67057844
6923.43717879
6923.97290401
6921.65537057
6919.43139128
6915.73559467
6912.52674243
6910.79310174
6912.57594844
6916.21380601
6919.20201181
6921.2475531
6921.92888909
6920.25000228
6918.94094116
6918.94094116
6918.94094116
6918.94094116
6919.20275757
6919.47470093
6919.25396388
6918.21293614
6917.68684999
6916.48959665
6915.5377182
6915.11794772
6914.36214756
6914.27000129
6915.39174502
6916.86050264
6918.48669162
6918.9227224
6918.92429058
6917.52755773
6916.16792454
6915.63749629
6914.96141545
6915.57069181
6916.6424768
6917.39517544
6917.47581475
6916.28866745
6914.91554095
6913.94489313
6913.76386937
6915.37289898
6917.01769006
6919.76303004
6922.7572228
6924.25854979
6924.4741223
6922.76031038
6918.31219149
6915.08351745
6914.03607758
6913.3034168
6913.52063416
6915.6704908
6918.40769018
6920.44647087
6922.91010992
6924.38551663
6925.7319771
6926.30027168
6924.79024653
6923.01796588
6920.90072042
6920.73821513
6923.22768385
6925.76489495
6926.97588555
6927.33312398
6926.64835194
6925.12582316
6925.49416431
6925.85748031
6926.60458926
6926.86721415
6926.04887497
6923.27718259
6922.53464575
6922.20397578
6923.40939761
6925.14133072
6926.9728398
6928.46996406
6928.46996406
6928.11346442
6927.22043804
6927.57962101
6928.81558402
6930.21300686
6932.06011411
6933.31160558
6934.18579986
6936.84009478
6939.99684859
6946.18413513
6952.55498937
6959.58993658
6964.27547098
6968.62706663
6972.53831726
6977.8119332
6982.38070439
6986.86695445
6990.54339623
6992.83489091
6994.36871059
6994.01137458
6991.01663818
6987.12650571
6980.51136384
6972.98967439
6967.48396777
6964.83987648
6961.84362766
6960.06124095
6958.70696049
6958.41830381
6958.62848875
6958.9739275
6957.62364763
6953.6923452
6950.75347784
6949.02486229
6948.2086419
6948.67356901
6949.97310256
6951.49004165
6952.61520052
6952.61642022
6954.58337825
6956.74175185
6962.30597598
6969.58853537
6977.66271214
6982.43158313
6983.7317091
6982.53668605
6980.85469077
6978.84058975
6976.45939516
6974.71306963
6973.96083099
6972.71478982
6970.02149251
6967.60781916
6963.17014784
6959.43526522
6954.78910956
6949.58151749
6944.06770513
6937.79902655
6932.61622567
6927.13718509
6923.06579189
6918.35850508
6914.58705249
6910.15189026
6906.04580891
6901.9432821
6897.79738291
6893.03157162
6888.80027979
6881.22219858
6873.51749204
6864.92927972
6853.65512312
6845.41497015
6840.2247814
6835.26302424
6830.70263758
6828.31733785
6826.47048151
6825.69870683
6826.30230986
6829.05840408
6833.70588398
6838.76516104
6844.92672942
6851.83679372
6856.43292095
6857.74499994
6857.39680816
6854.63277547
6851.26968399
6845.50499763
6840.63188796
6839.54062966
6842.16759642
6847.13219722
6851.10705324
6855.75536253
6862.53154606
6868.00776392
6872.91336628
6874.65605363
6876.06063435
6874.85188798
6871.65448694
6868.4362047
6863.90008651
6859.69465223
6855.89566936
6851.71347203
6848.79024465
6844.93157336
6842.61220689
6841.55680067
6841.09946355
6841.46179683
6842.08596044
6844.63743153
6847.22535409
6849.86822569
6852.29774114
6854.01581154
6855.08464835
6854.87726523
6854.74661839
6855.30071571
6855.16733676
6853.9670725
6851.66195208
6849.2016306
6843.85437292
6839.50873635
6836.1661497
6833.29017682
6830.74042027
6828.72009533
6828.3590375
6830.94474371
6833.8789135
6837.53936681
6840.93344554
6844.20400045
6847.25122558
6852.96271926
6857.51985107
6861.01615424
6863.52697809
6867.83189076
6871.19817436
6874.48130259
6879.83232391
6884.49451682
6887.17185354
6889.23677754
6888.99260142
6889.12809916
6888.88058456
6888.37272416
6889.27686022
6888.82340522
6887.66409487
6885.76026828
6883.75759059
6882.18603004
6881.72497111
6880.60895647
6879.1203422
6876.47121182
6874.01625003
6872.2390209
6871.22731464
6870.33305462
6870.87430681
6871.96449178
6873.42938819
6877.74352176
6881.89072428
6886.9990122
6893.09301641
6898.1115626
6902.32656626
6905.54729486
6911.03669937
6915.77183009
6919.08603617
6921.49999527
6921.55918188
6920.25207925
6918.89053637
6917.91275856
6917.48801171
6917.51071896
6920.22928836
6922.76040098
6926.53557539
6932.38358439
6936.59030109
6940.07982972
6942.64760291
6945.71007773
6947.24212711
6949.49008213
6951.60115941
6950.97979761
6948.91497816
6946.52760146
6942.58047086
6939.51661604
6934.68253664
6931.40352749
6929.90880777
6929.36513013
6931.53947129
6934.09083783
6938.33528844
6941.5301107
6944.82471801
6947.413463
6950.27916255
6953.75698211
6956.40459309
6957.86591406
6958.48926222
6958.96267842
6958.32378784
6957.03181641
6954.47749472
6951.70555143
6949.1409146
6947.09482271
6943.64103465
6939.07972103
6935.33362417
6930.83678715
6923.75030605
6917.83605712
6913.24492019
6907.42515238
6903.45488938
6899.34092531
6896.745127
6895.77775493
6895.34483961
6894.69270663
6893.67711825
6891.41522384
6888.1876301
6885.23384063
6882.10898709
6878.24559034
6874.15190808
6870.89967648
6867.81508684
6863.7532212
6860.67134277
6859.60540535
6858.69344929
6857.46178658
6856.22427631
6852.48182459
6849.16891488
6848.65480963
6847.32177975
6846.59114715
6845.62626327
6845.16722554
6847.76932446
6850.45308026
6854.01047973
6858.33317905
6862.32404445
6865.48627644
6869.18141092
6872.72849526
6875.42457347
6878.46699649
6881.1334814
6881.8458325
6881.42484929
6880.20519536
6879.36740377
6878.18071647
6876.43485094
6874.69907056
6874.16739473
6874.52631982
6876.06036253
6876.3680604
6878.50659827
6880.53817229
6882.68574287
6883.12214304
6880.65224521
6877.94611671
6872.99626378
6868.85646307
6864.3561203
6862.38451348
6861.01738091
6859.97614407
6857.92997551
6854.3927742
6848.50534463
6841.79263407
6835.65389839
6829.03686077
6824.7797532
6822.61624294
6821.17184439
6820.69219032
6820.11161515
6820.20953929
6820.50205718
6819.22653421
6819.05549802
6818.32835026
6817.86528406
6818.58783182
6819.58003689
6821.98660115
6825.33215689
6827.93213005
6829.61294049
6832.78040672
6837.40219634
6841.54894583
6844.54966222
6847.58341495
6850.51989171
6852.93578838
6856.80897057
6859.7814179
6862.96845502
6864.37690391
6865.37185504
6865.85069365
6866.82297934
6868.38667111
6868.57327759
6868.63603965
6869.36434438
6871.85398734
6875.1470195
6878.75726317
6881.897687
6883.83715657
6886.13850639
6888.07459567
6889.1749076
6890.83456503
6890.72458332
6890.41831423
6890.96900338
6890.60181223
6890.01044797
6888.80127646
6886.9314759
6885.617536
6886.4751006
6888.19682312
6890.32822402
6891.9084688
6894.69229541
6900.6948782
6906.12813489
6910.77295236
6914.15687625
6916.34257104
6917.64236246
6919.60867232
6921.34080755
6922.04182594
6924.54393071
6926.7280852
6928.76181286
6930.40353728
6931.97908449
6932.89414903
6932.82351819
6932.65038412
6933.24795837
6935.1376086
6938.48893525
6940.4452436
6941.40220295
6940.71897817
6938.13617136
6936.46585728
6935.18340644
6934.60164641
6935.86703545
6938.1709083
6940.83003322
6943.36162674
6945.97538595
6948.81804371
6949.61953715
6950.25057289
6950.60129466
6951.61185789
6952.1305004
6953.70223519
6954.69859419
6956.21570056
6957.39733483
6956.8936423
6955.33146296
6953.84185899
6950.63535553
6948.00944119
6945.01151267
6940.23111381
6936.07753403
6932.15410735
6925.57087272
6921.2206501
6917.34073519
6912.97332531
6909.06304347
6905.21010126
6901.34201392
6897.06261729
6893.8068869
6890.90323041
6889.89140567
6887.96490669
6886.21129086
6883.95382918
6881.81695708
6881.06208389
6880.24131926
6879.14820702
6877.9422555
6876.65543466
6874.49680318
6872.36901955
6869.11111463
6864.52184558
6860.03663401
6857.34951882
6855.72100196
6855.03521931
6856.26669384
6855.98135473
6856.08875765
6856.57575777
6857.4330854
6859.28531537
6860.86556015
6861.69510659
6861.71886627
6863.04110009
6864.55868737
6865.92852418
6866.87166263
6866.87166263
6866.78505726
6867.18946655
6868.7022308
6868.91359362
6868.90930726
6868.22440976
6865.1779025
6860.98901427
6855.21300217
6851.33390968
6846.91093744
6843.48435905
6840.35816035
6838.60798756
6837.6039619
6837.99647393
6839.35904832
6840.3538949
6841.25274794
6840.7446436
6841.3144297
6842.27379359
6842.84883483
6842.7397104
6842.46311825
6843.38944581
6843.84955686
6845.66212232
6846.2617596
6845.72824377
6846.13964366
6846.74160185
6846.53301994
6847.00235189
6847.84787286
6848.21080553
6847.1888817
6846.594862
6847.81362381
6848.19251706
6849.52415301
6850.86877348
6854.14829838
6857.13157661
6859.71289191
6862.34710715
6865.70644198
6867.76020053
6870.83238412
6874.88992855
6877.20063169
6878.46038922
6880.58325225
6883.47571542
6885.7951028
6887.3687194
6888.38119233
6889.39127465
6890.10612091
6892.03308686
6894.44823778
6899.04403743
6902.97609955
6905.80897187
6909.59506778
6912.35342715
6915.48322917
6918.20742311
6921.46007986
6923.70544913
6923.89096834
6924.54762465
6923.93373435
6922.65830896
6918.77930708
6915.75645496
6911.12088626
6908.37079295
6905.29094966
6903.87229714
6904.58734552
6907.77371354
6911.36757147
6914.55363979
6918.31732118
6921.21681677
6923.55622806
6925.57448302
6927.13694115
6928.2511367
6931.01410303
6932.47799581
6934.97087271
6935.75860798
6935.64440961
6934.98841542
6932.48514671
6932.11854799
6931.75652835
6931.80250739
6932.51395941
6933.0085077
6935.21200308
6936.88989322
6938.30448241
6939.9550653
6941.53126767
6943.10456367
6945.38844047
6947.40436058
6948.60030363
6949.21272332
6948.54896489
6948.85298277
6949.35013773
6951.16817439
6952.90393387
6955.99888047
6959.92418897
6964.15252565
6967.2607983
6966.88143807
6965.90372996
6962.61547204
6959.24465116
6955.38936714
6950.81974565
6948.09160686
6946.5307657
6945.14574193
6944.80649924
6942.80628881
6937.91487674
6934.10166176
6929.18570244
6924.05367575
6918.47794466
6913.89144955
6909.30318414
6905.84142275
6903.52271143
6902.74057282
6903.00367862
6902.14918068
6901.52197131
6898.20735402
6894.50892287
6888.74751227
6882.63560989
6876.85334598
6870.24663743
6863.32077982
6853.07587915
6845.13224467
6839.39178496
6835.3161263
6832.90893477
6830.45390329
6829.13228279
6828.85200368
6830.4134303
6832.16833551
6833.952841
6836.59903714
6839.59733505
6841.34750785
6841.30195396
6840.93080402
6841.27504398
6842.95285746
6844.22587133
6846.35668678
6847.59551433
6849.47873154
6852.69582196
6854.50897287
6856.17122303
6857.29908614
6857.61325189
6855.62162812
6853.19377843
6849.89843233
6844.55435979
6841.4852568
6837.42647177
6834.73976779
6830.24020562
6827.30794553
6824.64735
6822.08989196
6819.64367016
6818.92934663
6819.79602758
6821.44345321
6824.06239786
6827.78849171
6832.43787433
6835.57530817
6836.84673296
6839.00073656
6841.23030554
6844.35971029
6846.94487983
6850.46002904
6853.49394207
6856.29918653
6858.1378047
6859.04428258
6857.3058328
6852.82704031
6849.05405439
6845.80610915
6843.82749779
6842.73383495
6841.90292245
6842.3986068
6844.64256122
6846.41097369
6849.60421383
6853.82911446
6858.29808666
6863.19204267
6868.83828612
6871.36362783
6872.43333585
6873.08418642
6873.77767057
6875.60427996
6878.53794793
6880.49104325
6881.1444029
6883.20712447
6883.20712447
6883.45187908
6883.60821619
6882.89786539
6882.49445276
6882.58046571
6884.41373812
6885.48404553
6887.27831555
6888.90932059
6889.67324043
6889.3483553
6886.96358526
6884.15738595
6881.63645605
6878.70570837
6876.73831125
6876.18551725
6877.30181765
6878.69758171
6880.86643075
6882.60059417
6884.58650279
6886.38371403
6888.13530167
6891.44200139
6895.91104329
6901.2417828
6908.54447065
6913.29720681
6917.12838964
6921.03690119
6924.10626206
6926.88144625
6930.09655728
6934.23355618
6937.1372266
6938.77189073
6940.96967792
6943.14019969
6945.01491388
6946.58974321
6947.50096048
6947.06372395
6946.50702693
6946.84510568
6947.65971608
6949.19857485
6950.98454397
6952.44612978
6953.71958275
6955.43763224
6957.25703497
6959.47255306
6960.77483963
6961.18069862
6961.26487157
6960.16566782
6959.67847255
6959.15690974
6957.2791498
6956.63367984
6955.57064181
6954.74382748
6954.44695354
6955.61978509
6957.07398303
6958.41830381
6958.41830381
6958.08905565
6956.4175149
6954.25524524
6950.24551289
6946.48661968
6940.3030898
6936.13666488
6930.27858468
6924.49340743
6917.93113763
6909.34197046
6903.81685326
6898.08161384
6893.76073362
6890.80460233
6890.62136918
6893.87687653
6897.68995211
6901.2945573
6903.62629496
6904.32079669
6902.98327136
6899.89081294
6897.10833148
6894.06883573
6891.25086461
6889.5706466
6888.7159326
6886.50421997
6882.10550921
6878.49442222
6874.95017455
6869.84614511
6866.71237036
6864.21669862
6865.17579069
6867.12646752
6870.94619916
6875.2694909
6880.02069372
6883.84379172
6887.55717285
6889.65882014
6889.28048446
6888.91015695
6887.69117211
6884.95450939
6883.5999362
6883.21264447
6884.01788063
6884.83347376
6884.97206604
6886.41802581
6887.01136249
6887.69446877
6888.95862418
6888.31328664
6886.85577113
6886.02487954
6884.36630938
6880.6730358
6876.79164331
6872.51711153
6869.65450651
6867.33281217
6865.53451366
6863.75113726
6862.84319575
6864.46100716
6866.84818871
6870.1932984
6873.25124292
6875.98016928
6879.13511794
6880.65867127
6881.99673326
6882.42530647
6881.57446762
6880.06435883
6877.75723811
6875.58078513
6874.42728053
6874.31690155
6873.45545483
6873.81427538
6873.10764639
6871.95074755
6871.45204532
6870.61520858
6870.3893279
6869.67024407
6867.91817552
6866.25590446
6867.71404027
6869.07611982
6871.37123873
6873.76588482
6876.4888521
6878.49219889
6881.44233624
6883.67291583
6885.86706484
6887.66269396
6888.7362144
6890.7397424
6892.7778749
6896.65442345
6900.95904339
6904.46371716
6907.11110512
6910.41669666
6912.53454848
6913.3495213
6913.80627297
6912.35420078
6910.51499717
6906.96994101
6904.0311085
6899.53549815
6897.49268898
6896.59041382
6897.60233614
6902.97545137
6908.58610061
6914.75272202
6921.02028545
6925.65979899
6929.48242305
6934.06650665
6938.02455178
6941.54227978
6945.25955
6947.3546876
6949.28497809
6951.43337807
6952.94379353
6953.31347285
6953.38323248
6953.55713322
6954.02555214
6955.76667828
6959.27664901
6963.04169646
6965.54297881
6966.74281094
6966.58961715
6967.26665284
6966.21841146
6964.8640613
6964.60151308
6965.23101548
6967.24009832
6969.82947755
6972.57839298
6975.10616015
6975.17989947
6973.16217422
6970.9253916
6969.86258358
6968.92976027
6967.94389762
6967.65124033
6967.94731276
6967.94731276
6967.45483447
6966.44520518
6965.93397841
6965.60243026
6966.04702679
6967.07373182
6968.40710321
6968.49018192
6967.82785228
6967.26665284
6967.00584704
6965.53336063
6963.84983201
6961.8289704
6960.6499637
6960.55190016
6962.1781449
6964.12854992
6965.55601213
6966.53190812
6963.83477748
6961.03367998
6958.43763076
6956.54949992
6955.17185009
6953.05705796
6950.01985524
6946.440097
6943.44413393
6943.20783356
6942.52724334
6943.01324679
6944.15589262
6946.71776248
6948.59004424
6948.59427484
6947.02801823
6944.00338883
6938.62862178
6931.12785534
6925.15953555
6919.41304706
6915.80200188
6911.78026075
6910.15716631
6908.12203774
6907.31422976
6906.62601469
6906.44057912
6906.68934826
6906.4220049
6904.36055181
6902.11898799
6899.65152955
6898.43441955
6898.18129435
6898.18129435
6898.32857784
6898.60412453
6900.82497443
6903.09229126
6906.63430862
6909.49715758
6911.35203603
6912.1408516
6912.19534761
6910.0419434
6907.28042676
6902.09819043
6896.87217051
6890.95694582
6887.00591916
6884.61459761
6883.44759969
6882.72131617
6881.56684278
6882.86772845
6885.0820826
6887.22906076
6889.57728174
6889.56939902
6889.3296835
6886.63474832
6884.34145546
6881.52691343
6879.68447588
6877.63809823
6875.12222135
6874.72899841
6876.16959848
6878.23133733
6881.27504277
6884.4398187
6887.31952036
6890.02654796
6891.35980784
6890.92779857
6890.43746694
6890.80226749
6891.54764098
6895.3006239
6899.26547145
6902.54647392
6907.21997167
6910.61475434
6912.2951466
6913.29816166
6913.49361267
6911.66813935
6910.54953198
6909.047515
6907.24785043
6906.88960837
6906.37883464
6906.00870228
6905.86921787
6905.42482347
6905.66837929
6905.66837929
6905.36251444
6904.95814
6904.77683745
6905.42078802
6906.01503076
6906.95838527
6908.12266501
6909.11749069
6909.69275496
6909.6774077
6910.65702551
6911.64002362
6914.84401799
6917.99999817
6919.62158715
6919.95816045
6921.19986648
6921.27758549
6920.20590505
6919.60407929
6918.7956301
6917.99961483
6917.94577398
6917.7416457
6919.02949108
6919.62280685
6919.74881187
6917.88526313
6915.95244264
6914.63919971
6916.11990338
6921.65134906
6926.67268313
6932.93701959
6939.2136018
6942.59414539
6944.80541894
6944.95857787
6945.17599038
6945.87744089
6948.17981526
6950.6054695
6952.22179637
6954.44219324
6956.85848022
6958.99874656
6959.85304934
6958.76160983
6957.55030559
6956.27171596
6955.77955827
6957.61600885
6959.26634084
6961.56293733
6964.08561663
6967.16914688
6969.38502042
6972.37487803
6975.13494497
6978.63400814
6982.10142891
6985.03469265
6987.02223914
6989.81450605
6990.33305098
6989.86531509
6989.38761254
6989.52826088
6990.35089339
6991.20091678
6992.46389431
6994.00698367
6994.85115253
6995.51341247
6995.36000959
6995.08024624
6994.08636844
6993.25042382
6991.18871983
6988.31204998
6982.17049854
6977.52436379
6973.2479711
6970.47389509
6967.95288852
6964.45082838
6959.48716153
6955.8257464
6951.39958901
6947.27256374
6942.02355081
6937.33915246
6929.92056564
6923.53922202
6917.06727243
6908.96297963
6903.53168839
6898.15365953
6894.50703408
6892.73016738
6892.09948013
6892.77642521
6893.68964278
6893.22891839
6894.23837344
6894.4377484
6894.24744798
6892.37917379
6890.5438732
6888.97288416
6887.6205343
6887.53279985
6888.65227842
6889.05143954
6891.25920036
6893.67019734
6896.678671
6900.48998325
6903.14964483
6905.97595868
6907.27986919
6906.46253364
6904.39873177
6901.30635698
6899.07073134
6896.42602671
6893.40676397
6889.91399443
6888.08362839
6886.61034047
6886.59853381
6886.01577712
6883.99745247
6881.22844342
6878.6157227
6875.02446448
6871.26008612
6868.25711852
6865.72883559
6863.43009243
6860.52872897
6857.3732297
6854.88604007
6853.67760734
6854.49685258
6855.79520128
6857.24361438
6857.6829697
6857.52877227
6857.40883785
6858.42811319
6861.3945875
6866.1209852
6870.47837963
6875.61573813
6878.54935034
6880.0536046
6880.89253921
6879.34601379
6876.42931701
6870.771476
6865.95155203
6861.82118828
6859.88567749
6858.14251621
6857.42226147
6857.14932144
6857.42050511
6859.43629279
6860.05393975
6861.51411071
6862.95690624
6867.70924512
6873.06513128
6877.4495472
6879.88162053
6879.83440088
6878.50187979
6876.28677988
6872.66054775
6869.95399409
6867.55230861
6867.35345639
6867.11387329
6868.52660158
6872.09770346
6875.10596803
6879.05537772
6880.71705636
6882.65741108
6883.13818727
6882.83078212
6883.26209442
6884.26609917
6886.11241884
6886.61034047
6886.87749565
6887.29098645
6887.29098645
6887.29098645
6887.11676511
6886.83219964
6888.0749093
6891.09996385
6893.63530708
6899.38441618
6903.17433845
6907.18875443
6910.26266651
6912.84959938
6915.22838942
6917.17778384
6919.01900866
6919.48837547
6919.58838355
6918.08860384
6914.073923
6910.53032351
6908.29140121
6906.29069594
6905.44933587
6905.9470484
6907.43148086
6909.03954864
6911.9992275
6913.19770054
6914.05847817
6913.83611021
6914.29286187
6914.88479068
6915.19740218
6915.3804123
6915.19078795
6913.70243852
6911.84777614
6909.64756349
6907.64517852
6905.40668137
6904.64741728
6904.9088852
6907.53815893
6910.58585103
6914.49107986
6916.96390496
6920.14068269
6922.13157464
6921.90982698
6921.30351971
6920.06852549
6918.20917947
6916.89901018
6916.52503055
6915.59367785
6913.78374693
6911.72638505
6907.70079665
6902.76794976
6897.57484768
6891.18479195
6882.70861043
6875.88050271
6869.78399638
6862.36927774
6856.9306056
6851.8212095
6847.34558821
6845.11930196
6845.81349005
6848.0245336
6849.85977146
6850.67015125
6849.2259827
6846.91668743
6842.96925714
6837.9024319
6832.30068296
6827.26088618
6822.11728284
6819.16764033
6817.81217502
6817.60831159
6817.86528406
6817.86528406
6818.30068059
6818.87867698
6818.68861354
6820.27735437
6823.15109695
6825.58241755
6829.16034973
6831.13848715
6834.31957215
6838.27305214
6841.26987247
6843.806756
6847.03128307
6850.69660123
6853.0613822
6854.62766669
6856.65783284
6858.95760751
6860.75145238
6863.14269727
6864.88868128
6865.38106897
6864.36648422
6862.08855256
6858.72019199
6852.74841524
6847.60702826
6844.2148871
6841.51077284
6840.44659875
6838.51569492
6835.33818537
6832.80714245
6831.94205059
6830.54471835
6829.66795226
6828.92140088
6829.53115118
6831.5408822
6834.29816823
6837.40210573
6839.07019649
6839.05424287
6837.33748974
6835.55197364
6832.79435307
6829.59066536
6826.92501682
6823.90906468
6820.54506017
6814.65706605
6809.59658324
6805.6021145
6804.44695808
6804.69438208
6804.39008541
6804.13297355
6803.57177411
6803.44095303
6803.07762309
6804.03567668
6805.60748116
6807.53975802
6808.86713548
6811.82040222
6814.49376622
6817.62894187
6820.96289308
6826.04214528
6830.57495286
6833.16771936
6834.88138492
6835.3170463
6836.62952954
6836.97201313
6836.57348626
6836.53660266
6838.6850096
6840.19656809
6841.29613426
6843.65719342
6845.44809708
6848.79577161
6851.55482794
6854.34476
6856.15936758
6858.66646962
6860.68775639
6861.38956235
6860.94516098
6860.4055397
6861.12194717
6863.13623636
6866.14183851
6868.69555383
6870.72033242
6875.23158275
6880.6473037
6888.14699681
6898.96093084
6906.70778309
6912.23718666
6916.50180057
6918.59800454
6919.01721745
6918.30378604
6917.91997219
6917.70066392
6916.72812732
6917.78418172
6919.32798896
6922.14989099
6925.07640806
6925.40705712
6925.40705712
6925.09130229
6924.26017372
6923.18628389
6922.00384113
6921.87424672
6921.36021117
6922.68448712
6923.54345959
6925.48835856
6928.11138048
6930.73389361
6933.18882055
6936.59096321
6940.81135445
6946.05362769
6952.72196223
6957.7035621
6961.78336772
6966.93224711
6970.34516491
6972.23060545
6972.90122902
6972.71179285
6971.98868751
6968.44975772
6967.04655003
6965.22474276
6965.22474276
6965.17365493
6963.87457441
6961.73792534
6959.91512837
6957.98425939
6953.94452949
6950.17237993
6946.93676408
6942.48048369
6937.88528343
6932.70566073
6924.04474758
6916.51978237
6910.12157908
6905.1387386
6902.57509844
6899.30664141
6894.08803026
6884.77408503
6877.08840574
6870.85642955
6866.32952529
6861.4901071
6858.75903407
6857.18914625
6857.12690692
6858.69345626
6860.25264561
6861.09501628
6861.49639376
6859.87701417
6858.26482033
6857.00232371
6856.73344701
6856.09437522
6856.05683647
6854.3022658
6852.47028976
6850.03573522
6846.61927682
6842.9747841
6839.37182376
6834.33805577
6830.42447726
6829.43623097
6828.86919093
6827.68970333
6828.71639442
6829.0811183
6830.48188659
6833.19460843
6836.25009264
6839.74930914
6843.72607486
6847.24109862
6849.45936277
6849.84944935
6846.05693435
6839.76471913
6831.67564813
6823.86940715
6815.37884715
6810.68622457
6810.64559128
6812.58929843
6815.62118327
6817.72749329
6818.39435323
6818.15389892
6817.40138149
6816.93462135
6817.63904792
6819.07745254
6821.84637099
6824.44598172
6826.7689794
6829.44467824
6831.80854618
6832.62913657
6831.07901478
6828.69470474
6826.90068563
6825.78763311
6825.01203903
6824.3768424
6821.8684649
6819.89262749
6818.84076187
6818.62316815
6818.98914657
6819.47451578
6820.47376024
6821.89494973
6822.7881852
6824.28165734
6825.55060789
6826.27471686
6827.40852512
6829.95872772
6832.12000071
6835.62745539
6839.767507
6843.88502561
6847.20207533
6850.20287536
6852.03324838
6853.7874845
6854.43770779
6853.71088064
6852.45808583
6849.72041948
6847.73166722
6846.33719256
6845.33680507
6843.51597356
6842.49905397
6842.2672142
6841.76902773
6843.99051187
6846.25743142
6850.1214415
6853.8114672
6858.48289496
6862.86181876
6867.38249909
6871.55178158
6875.63070902
6878.75777892
6880.76860419
6881.32213
6881.46505743
6880.57884044
6877.24685468
6873.3886155
6870.52159171
6866.7488079
6863.94372374
6861.97043026
6861.5221607
6861.76683167
6862.31299749
6865.25971969
6868.11446987
6870.74163179
6871.47882984
6872.66367017
6874.68674815
6877.6675591
6880.20695172
6881.1072893
6880.82487049
6880.71385727
6880.74599451
6882.04906866
6883.24861504
6884.43761627
6885.42379953
6885.12351044
6885.58937846
6885.87887847
6886.25073234
6885.24905546
6885.32729023
6886.10773521
6887.66480577
6889.73331916
6894.85583222
6898.64373328
6899.76305852
6901.06271753
6903.23653596
6905.82445155
6908.26770426
6909.85608267
6910.6358725
6910.38034276
6911.3499033
6912.61456749
6916.27506959
6919.56346691
6923.63948798
6928.61601391
6932.11536284
6934.86363009
6935.12635952
6934.69844844
6930.72497938
6927.15521568
6922.47396066
6919.20108484
6913.20941659
6908.24446732
6904.29848672
6900.14690026
6897.46012658
6892.38868741
6883.1894354
6875.2615106
6869.41293706
6865.24509032
6861.27392823
6859.00955958
6856.5112045
6850.9500331
6847.14083963
6844.6023949
6843.56830199
6841.75908895
6840.24735622
6839.33576259
6839.03616349
6839.2992205
6837.55842891
6836.34573073
6835.62813842
6835.67996503
6836.35907769
6837.41088057
6836.67540404
6836.80800239
6837.25459921
6840.69074699
6843.95495251
6847.60655432
6850.3850979
6851.67370298
6851.08539144
6850.28472043
6849.49953606
6849.01328867
6848.1539468
6847.93716156
6847.21619592
6847.22908288
6847.86513679
6850.04894975
6851.53512463
6852.99726105
6854.94365153
6856.66200072
6856.66545071
6857.59784887
6856.47757575
6853.91284831
6851.13608897
6848.05246114
6844.89765884
6842.75708583
6840.11594969
6838.72277835
6836.7868912
6835.07691957
6831.25712521
6827.89379676
6825.51154278
6823.68285642
6824.90344429
6826.02626832
6830.52141171
6835.14061557
6839.16508185
6842.48806974
6845.42520165
6847.58400737
6849.72441311
6850.87652377
6850.87652377
6850.19965536
6847.06516971
6843.59026349
6839.50081182
6836.57350717
6836.14466214
6835.40184652
6834.46064565
6833.52009295
6834.2360892
6835.22734639
6836.37216676
6837.56540557
6839.5374933
6842.79226883
6846.57778626
6853.53369021
6859.29669687
6864.92596215
6868.67249113
6870.97363186
6872.32524293
6874.257931
6875.53373275
6877.54096863
6879.93091017
6881.86214158
6883.74731727
6886.22925872
6888.31195543
6888.37246628
6888.83090461
6889.33291744
6889.33291744
6887.99592878
6886.20037633
6884.68805118
6883.63249859
6883.66928462
6882.81933092
6880.72539908
6878.77261042
6878.44261651
6878.44261651
6878.86525154
6880.68770002
6882.76035341
6883.53558505
6882.05426108
6880.93685947
6879.63454502
6878.0731184
6877.98540485
6881.59110427
6885.40275107
6890.04639764
6893.42262002
6894.99841117
6894.77807139
6894.31691488
6893.63008678
6892.39581741
6892.11352405
6891.60821456
6891.78456165
6890.61805858
6889.7237219
6890.5378723
6891.73473534
6892.84941877
6893.34173676
6894.2039153
6894.75962959
6894.4377484
6894.26634978
6893.866882
6893.83805536
6893.41678639
6893.43949364
6894.40039086
6896.708334
6900.00780616
6905.31321085
6913.91165468
6921.02624453
6925.08447896
6927.83253712
6929.56030236
6930.38832244
6930.73669543
6932.62697293
6934.07026331
6935.49231007
6936.79036604
6937.75818417
6936.62537954
6933.15240392
6929.91101716
6927.18063414
6925.33074599
6922.42807222
6920.50670293
6918.7855798
6916.97741919
6917.91997219
6917.91997219
6917.57874313
6916.4999327
6912.59416024
6908.27437426
6906.00833289
6903.7892045
6901.60335638
6899.18220456
6894.56416463
6890.64429946
6888.92199846
6886.1184755
6883.82116113
6881.16866439
6875.85563486
6870.87210439
6864.82428134
6859.47528821
6855.6000639
6853.19457297
6852.03925625
6851.61096183
6850.71679939
6849.00510625
6846.83497479
6845.38583684
6843.23534596
6840.48341265
6838.42184805
6836.37870433
6835.8483388
6836.46518425
6836.51552632
6837.3798097
6837.99939423
6838.94048359
6840.41796726
6841.01031425
6842.08876923
6842.4092077
6841.94451756
6840.37735488
6838.61627452
6837.04877033
6835.24853425
6834.7901238
6835.65985051
6838.25923821
6840.73239089
6844.12398144
6847.09123635
6848.73329531
6849.48851698
6847.82610652
6845.30133632
6843.31457043
6841.99428114
6840.92078161
6840.79790597
6841.26553036
6840.7405733
6840.90719071
6841.76081047
6844.8463898
6848.46535255
6851.08571205
6852.71185921
6852.28182237
6852.54886604
6850.94312613
6850.84126411
6851.18831983
6850.81261869
6849.89185991
6847.80898199
6847.13298479
6847.88374586
6849.0099711
6851.61586152
6852.33674353
6853.37598006
6853.44317484
6855.16594282
6856.42655065
6858.91704392
6860.56626075
6862.43108495
6863.89724984
6868.07336264
6872.08338772
6877.35995881
6882.42890283
6887.75739811
6891.60498062
6896.03811467
6899.20226333
6899.11890584
6898.00179695
6895.63719023
6894.68158997
6895.81774702
6898.99136051
6901.7265108
6903.01520648
6902.80367639
6901.10998597
6899.40059283
6896.04295861
6893.24244656
6891.31056001
6891.0345324
6889.76684337
6886.35114466
6881.90234972
6878.10229352
6878.27935152
6880.00439859
6883.75575756
6887.32074703
6892.09716619
6896.36921677
6901.67254449
6904.80396348
6908.12704198
6910.39391274
6914.50488681
6918.69652808
6923.35436493
6928.08260263
6930.58940497
6932.1591534
6933.80522691
6934.59575703
6934.72177599
6936.13836548
6938.60284787
6940.89557618
6943.96357796
6949.42672068
6953.60084711
6956.66337072
6959.776097
6961.00577334
6959.43334855
6957.65372882
6956.62806227
6955.76043344
6955.66526929
6954.21267438
6952.77548945
6951.19952406
6950.13566361
6948.19182404
6945.3563102
6940.84991077
6937.15456022
6933.94360313
6932.18142156
6931.53286403
6931.53286403
6931.64140301
6931.48714286
6929.6875689
6928.12964107
6928.37236749
6930.30960677
6932.50250124
6935.29687299
6937.22968651
6936.62885742
6933.87158532
6930.66729823
6928.30497756
6926.49637088
6924.98608088
6923.91963467
6923.43831485
6924.25647282
6925.35823444
6926.56464597
6927.31138552
6926.03648286
6924.51440711
6921.82182768
6918.59676393
6915.18244523
6913.83611021
6914.89189279
6916.31357016
6917.82030562
6919.2971899
6920.30223314
6919.90619444
6917.50040382
6915.02702811
6911.19010922
6907.2024429
6903.22944082
6898.41548987
6892.39360105
6888.2517861
6886.17116636
6885.26753211
6884.01706518
6883.42131002
6883.7809042
6884.5765431
6885.85197547
6888.31486876
6891.71255082
6895.45154556
6898.12274198
6899.30143505
6900.03362189
6898.23648732
6896.08187736
6891.97728055
6887.67403364
6883.71184852
6881.68685387
6879.74534218
6877.44321175
6874.43580446
6869.9436441
6863.2379102
6858.44974014
6854.99337329
6853.23865626
6852.3512126
6852.97633107
6854.34427213
6855.37580018
6856.60573441
6856.14981214
6855.86096031
6857.10087513
6858.36360871
6858.33993267
6857.32713217
6854.97438089
6853.30086074
6851.38990417
6850.82438352
6851.21684677
6851.44297836
6853.22690536
6854.7935244
6856.47681605
6858.05020266
6860.13984815
6861.50522436
6862.10715467
6862.10715467
6862.10715467
6862.10715467
6863.18692692
6864.45615626
6864.21671256
6864.20416711
6862.88099935
6861.49449801
6859.56682114
6857.65603184
6857.71836178
6860.11288242
6863.36314159
6867.85128741
6874.54539586
6879.34661318
6883.09666186
6883.88052198
6882.53454939
6881.06269722
6877.00819158
6873.20339599
6869.25758964
6864.2717522
6859.11869099
6855.30109208
6852.4418116
6850.85785894
6850.134663
6852.44446009
6855.31565873
6859.42680007
6864.01056306
6869.95938166
6874.5622416
6876.28081382
6876.68201009
6875.47715978
6874.89992308
6876.40151492
6878.51182553
6879.67281558
6882.61318143
6885.51404308
6887.29098645
6886.98612524
6886.75163002
6888.24829428
6888.70664897
6891.03875604
6892.65269927
6895.89807269
6898.39723625
6901.99357538
6904.40499055
6906.44812032
6909.09894434
6913.7248182
6917.68179697
6920.4390133
6923.44127697
6925.37322625
6926.76834909
6926.91340925
6927.12342692
6927.88406404
6928.15479468
6926.48392999
6924.56673554
6922.85062362
6921.19156558
6920.55953318
6920.25854712
6921.82507555
6923.99977914
6927.42557692
6932.93281687
6936.85061901
6938.95719388
6939.94440168
6938.98855748
6936.56139082
6932.49130792
6929.3443744
6927.4021727
6926.39540098
6928.5913203
6930.29750738
6934.09097026
6937.47844172
6940.17609508
6943.21946598
6945.26191272
6944.67378937
6942.6879156
6940.1710769
6935.3604505
6930.94897128
6925.69620168
6920.49537719
6909.61523807
6899.58958294
6887.72384602
6878.4651077
6871.31586455
6866.4199849
6865.20527945
6866.19293331
6866.53133964
6866.38029251
6865.14028012
6862.73156222
6860.44200512
6858.26539881
6857.30524038
6856.86051143
6856.32167772
6856.56109354
6857.00232371
6859.15208974
6862.1120683
6866.03962801
6868.89019637
6871.1978677
6872.31681658
6872.01427627
6871.68633842
6872.07187379
6871.04545451
6870.616261
6868.1929207
6865.19071279
6863.43123546
6862.90014508
6863.29672742
6862.78780065
6862.65794836
6861.86111067
6860.99094487
6857.95623033
6854.5791228
6849.83220633
6846.15762546
6841.9186391
6837.57412465
6835.24315365
6832.87015542
6831.71546597
6831.47816196
6831.33643331
6832.70500164
6834.82092983
6837.65311215
6841.22130767
6844.11616144
6846.12745368
6847.59669221
6847.94880094
6846.0436083
6845.29314693
6843.59786742
6843.66539674
6846.15765334
6847.64262246
6849.96115257
6852.54106696
6854.5095862
6856.43473306
6860.65592581
6863.34847039
6867.1785102
6870.97906125
6873.33259314
6874.80650136
6876.79968634
6877.85555255
6879.75008854
6879.63156896
6880.14422451
6879.5012706
6876.84167872
6874.61900973
6871.29591729
6868.53553672
6866.08600432
6865.72493256
6866.36926646
6867.57333617
6871.7283308
6875.00135995
6876.77122212
6879.17994002
6881.18816558
6885.30325177
6889.44513642
6893.7882848
6897.55753497
6900.82289746
6902.75432402
6903.50553812
6902.75364796
6900.70379243
6899.59980051
6899.32976684
6900.63047129
6902.45709462
6903.99294248
6904.18290835
6903.53579354
6903.17221269
6902.81261154
6903.50218569
6904.78847683
6907.43159934
6909.75951762
6911.5489925
6913.15546422
6912.56637905
6911.75225654
6910.51019505
6908.98854445
6909.16199913
6911.11657899
6915.57126332
6919.35009682
6922.67806106
6925.0429884
6926.29667532
6926.89370594
6926.53738751
6925.75069072
6927.06686789
6929.52631119
6931.8646143
6935.35938414
6938.30225211
6942.03665383
6945.14327466
6948.223794
6949.86383873
6950.11108151
6948.95304661
6949.16413761
6949.94252653
6950.51833444
6951.61185789
6951.72903929
6952.22408243
6952.32919929
6952.08640317
6953.90448166
6955.47083585
6957.63142581
6960.50785869
6962.76099916
6963.5443505
6963.805226
6963.43555364
6963.18283268
6963.05166311
6961.51295768
6959.71812311
6957.93494884
6954.93555669
6953.11160275
6950.66575035
6947.38402302
6945.76115859
6943.24809049
6941.76197137
6940.40539091
6938.94390268
6933.64121616
6928.07088658
6920.73489755
6912.75941159
6905.1549501
6899.48424305
6894.10328691
6889.36934104
6886.57101747
6886.27002444
6886.46830515
6887.19256049
6887.21390865
6886.61034047
6886.54167508
6885.65530475
6884.56840948
6884.09514662
6882.11172618
6878.19460706
6875.14562557
6871.49427467
6865.69660077
6861.50188588
6855.12323256
6846.24102477
6839.76945852
6836.37841858
6833.05509614
6830.57153772
6829.4545055
6829.30854625
6830.6072295
6833.46176361
6835.82906761
6840.0583452
6844.7416493
6850.26532378
6853.97914401
6855.1167159
6855.8159152
6855.19324309
6855.34398355
6855.25647212
6854.27215674
6853.74850999
6852.02344899
6849.35896438
6846.09288401
6840.87029317
6836.90624714
6833.30414407
6831.66724268
6830.73122725
6829.8995899
6829.83507148
6829.12412825
6828.71709836
6828.41526199
6828.41526199
6828.41526199
6828.55406337
6829.9895686
6831.61254455
6832.97551622
6833.61561255
6833.50657175
6832.0196999
6828.66381508
6825.91877479
6824.67172301
6824.21019014
6822.85481543
6823.30185135
6824.18088259
6823.87449502
6822.04967684
6820.57217226
6818.77880133
6815.73116498
6811.50941466
6808.8915294
6806.30026835
6804.76393958
6806.04204134
6809.08347466
6814.77143867
6819.30020384
6822.03859504
6826.61965379
6828.03594358
6829.94589652
6832.24349665
6834.25887312
6837.82568167
6842.21104547
6846.65105861
6851.07076207
6855.14374436
6858.70469837
6859.80609757
6863.38605096
6866.52022995
6870.50572172
6875.58445816
6882.05121533
6886.19090452
6888.80861554
6891.37926721
6893.91569074
6896.14995032
6897.31411855
6897.20978229
6894.03568789
6890.88099013
6884.72276023
6878.85199519
6874.27398917
6871.527541
6870.02300099
6868.91359362
6869.48646032
6871.81929223
6874.87799644
6876.59703563
6879.93374684
6883.50699539
6888.85633701
6894.15928837
6902.23778635
6908.52146371
6911.49490073
6912.81884911
6910.4462342
6908.7192426
6903.52481628
6898.74512136
6894.51771862
6890.38587033
6887.46311689
6885.46264858
6884.96103302
6884.56840948
6884.56840948
6885.03321113
6886.50717511
6886.64286801
6888.28464818
6892.3413911
6895.78581887
6898.69785292
6901.26483157
6904.0421694
6906.84796447
6909.75759398
6911.93871665
6913.15546422
6913.44687393
6914.77292018
6916.98010949
6920.90131981
6923.83053415
6925.33154053
6926.61613107
6927.22542833
6927.31336491
6926.95710224
6926.68948008
6925.685092
6925.77065888
6927.45337205
6929.74456006
6932.09093408
6933.1920754
6932.55382604
6931.76443895
6928.93316966
6926.21395207
6921.48731741
6918.53679672
6917.07661879
6915.88061301
6914.74820566
6914.00057398
6911.2576943
6908.67845597
6907.12977692
6907.3858712
6906.24286992
6905.75514496
6904.17542987
6902.55528361
6899.01912775
6897.53019288
6896.27292353
6895.17664705
6893.95529251
6893.75710938
6893.92273012
6895.26686969
6896.30181986
6897.01205915
6896.13936336
6894.27410704
6891.79721861
6889.53190209
6888.1136329
6885.57043484
6883.66529796
6878.15632256
6873.29087954
6868.99106869
6865.58422149
6862.54152666
6861.97093904
6865.82744973
6870.03387371
6876.17769029
6882.63200656
6888.10299715
6892.50876123
6897.18144353
6900.29096375
6901.36299965
6901.21610647
6898.07940445
6894.61192095
6890.36167156
6887.20359351
6885.09041138
6882.18482428
6879.19112637
6873.48274814
6868.02426814
6864.12461507
6863.67383643
6865.81544096
6869.6625565
6872.95323988
6878.61345058
6882.54685786
6883.68884854
6884.72598023
6885.35332203
6884.96324938
6884.03053062
6884.22198104
6882.39790862
6881.05319057
6878.14404196
6873.44127848
6868.92521906
6863.41114882
6859.53253027
6857.80749715
6856.60753259
6854.91729913
6853.46021574
6851.56083582
6849.31111049
6846.99438554
6844.51584529
6841.51144193
6837.39260605
6834.49322198
6833.20925175
6833.39040793
6833.11839487
6833.74449606
6833.78999419
6833.89872833
6833.470413
6832.41085285
6829.73663855
6827.05355184
6825.42681225
6824.71344357
6824.35147272
6824.78668108
6825.70067228
6826.93576408
6828.44130076
6830.2644253
6830.35149763
6827.86050255
6825.62231206
6822.07246773
6820.57900256
6818.74053773
6818.56559851
6819.52372179
6821.51057132
6822.60690356
6824.70183207
6828.6360548
6830.81453596
6832.47489036
6835.08143593
6837.54092802
6840.08213972
6843.44612333
6847.46992051
6849.93655653
6851.19741527
6853.79888691
6854.6444497
6855.5800121
6855.05155627
6853.90394802
6853.18229238
6850.78395932
6848.47799557
6846.8520575
6844.3602609
6843.01899284
6842.77404309
6843.42196638
6844.7584602
6846.24123386
6849.73790643
6852.89581024
6857.79232413
6863.03938555
6869.36108256
6874.98468845
6882.12136526
6887.55022407
6892.33620565
6893.92888436
6894.54775101
6894.90800732
6897.46550719
6900.69962456
6904.56387857
6906.99344978
6911.05447905
6915.4474886
6924.04989121
6930.58430316
6934.82810558
6936.29737199
6936.40107401
6936.63768801
6936.49540876
6935.19697642
6933.66662765
6931.42820716
6929.63036169
6929.15060308
6929.43061037
6930.14177663
6930.2583447
6927.84942468
6925.79723431
6922.05354896
6918.10714321
6913.42557456
6910.4637351
6910.83902502
6911.11353323
6911.81210526
6914.23812193
6917.69353393
6919.98731466
6920.42535968
6920.53143836
6918.71304624
6917.04761094
6913.9784731
6911.01360879
6909.0676574
6906.67448192
6903.42731031
6899.59635748
6893.37265431
6887.80984502
6883.80195964
6880.8361126
6878.02511814
6876.40067855
6876.10954066
6875.73882982
6876.20393117
6874.6372982
6872.38738469
6869.6431738
6866.84878114
6864.48137956
6863.62874254
6862.06193532
6860.12843877
6857.58708767
6853.93919374
6848.89068485
6845.52720306
6843.21364235
6841.14716411
6840.78869901
6841.00718486
6842.24916271
6843.69329641
6843.45978392
6843.63231859
6843.03066011
6842.09237256
6839.84397844
6837.28166949
6833.66440735
6830.81459869
6828.50874645
6827.12179904
6827.32221945
6828.074939
6828.52196098
6831.19527618
6834.10271722
6837.9204137
6843.71986487
6847.35143578
6850.56107561
6852.95685775
6855.1872631
6856.57156202
6858.32199269
6858.80661615
6860.75336208
6863.41059124
6867.75260357
6872.40048771
6877.36355517
6880.85858288
6881.56063279
6881.58996124
6880.49577567
6879.80390151
6879.07022316
6878.10229352
6877.94537095
6877.16438234
6877.20590078
6877.38263121
6879.02448805
6879.81352666
6880.24332653
6881.1483129
6883.14101696
6887.27858737
6895.45372011
6902.02137748
6907.93134005
6912.08321923
6914.59368763
6915.28696967
6913.85608534
6912.47482521
6912.69499771
6914.02341366
6914.00856125
6915.07348109
6914.57353826
6911.35222421
6907.55506043
6902.85164877
6897.75306266
6893.52610597
6889.99135102
6888.5249631
6888.16469285
6890.03432613
6892.06855561
6894.60462368
6896.83624175
6899.85424995
6902.58823631
6905.67852018
6908.10087776
6911.25186764
6911.99628629
6911.17867196
6910.23332411
6908.32292512
6907.85919679
6906.89676624
6906.14577517
6906.65484133
6907.21352471
6909.53356027
6912.20656184
6914.87820432
6917.17006839
6920.72815786
6923.5337996
6925.79112189
6927.91144795
6930.19154719
6932.21350304
6931.76035471
6931.09011447
6929.39679344
6927.08522605
6925.51571459
6923.44933393
6920.65229976
6918.82497249
6917.23933317
6917.32878914
6918.03242813
6919.60502717
6921.53850978
6922.78889307
6924.44449415
6924.90250035
6925.7431983
6927.48297232
6930.78444478
6933.02503981
6935.95699324
6939.96714377
6942.18630004
6943.49669237
6944.27253735
6944.46509594
6944.41002842
6944.21015862
6944.57498008
6945.71600894
6948.65798478
6950.66340853
6952.66683895
6954.8429992
6955.1376986
6954.54551889
6953.16388937
6951.62437545
6952.00413992
6952.37543622
6952.20125669
6950.62933372
6946.21988267
6941.58298973
6935.98104564
6931.23210099
6926.95303194
6923.87539805
6922.87979874
6922.67567046
6922.24593331
6921.50215588
6920.87680741
6919.88089447
6915.27949119
6910.66728489
6904.85640343
6899.08677556
6895.63805447
6893.37843915
6890.72296635
6887.94486883
6885.94474901
6883.65199282
6882.76241643
6882.14980856
6881.21904131
6880.82860625
6881.07471994
6880.4845475
6880.4845475
6879.86002146
6876.64254771
6873.65622372
6869.79039456
6865.76445767
6861.89391003
6858.04992387
6853.19370873
6848.82719795
6844.61923367
6840.28675588
6835.66403929
6832.15968613
6827.79336352
6821.40365628
6816.72567005
6812.84236787
6810.00904949
6807.96706971
6805.76276586
6802.00735749
6799.76318701
6796.83919296
6797.91036462
6800.93005251
6804.1566008
6808.29394818
6811.25557855
6812.97939197
6814.48031472
6817.1380666
6821.12765655
6828.84223914
6834.69675086
6839.7053304
6845.21588792
6850.89449861
6856.15521365
6861.77578075
6865.92462812
6867.10018482
6869.94224319
6871.63617059
6871.35808693
6869.40891555
6867.30178311
6864.95953515
6864.14908565
6864.62882336
6865.09479592
6863.87252138
6862.9897056
6861.90532638
6862.44747766
6863.4020464
6866.41215097
6870.38591275
6873.06428098
6873.74640454
6874.30664913
6874.92069276
6874.56157948
6873.59203288
6872.65713957
6872.85925361
6873.67810158
6874.74078415
6877.56278376
6880.00607131
6881.6604736
6883.1407103
6882.86680148
6882.16216582
6880.55200713
6877.24778862
6873.32063315
6868.6123218
6863.55153928
6859.56750417
6855.98240715
6852.83230939
6850.0814773
6848.70551413
6847.78176535
6846.56022264
6845.29953117
6843.91850104
6843.81212963
6845.06898079
6847.09867301
6850.33780856
6855.41758348
6862.78552853
6868.15557013
6871.98603509
6875.86381727
6878.67748113
6880.47607236
6881.95777269
6882.37554288
6880.23713047
6878.12346744
6874.57857856
6871.65809724
6864.93395638
6858.73257016
6853.94981555
6849.97493862
6846.9040932
6844.83764981
6842.78980853
6842.07379137
6842.8288597
6843.38944581
6843.38944581
6842.72468374
6840.79084568
6839.66758953
6839.74957399
6838.44744075
6837.94428489
6838.07677173
6838.13549833
6837.88241495
6836.98165222
6837.52788076
6838.50891342
6839.625402
6842.30285023
6844.48863562
6845.65667202
6844.56645918
6842.60258175
6840.7666051
6839.1572061
6838.98381415
6839.24882268
6839.22572512
6840.20848626
6841.32280727
6843.99663823
6846.12961428
6846.28435534
6844.9139958
6842.5041976
6840.01288888
6837.78376596
6836.22600539
6835.90234693
6835.81669641
6835.23151427
6834.28027704
6832.5343209
6830.6405028
6826.63092378
6821.43892291
6816.21980995
6810.94047886
6805.34967233
6801.73721231
6798.37670658
6795.32426115
6791.8201798
6787.98204121
6783.52792143
6780.31880433
6777.44156994
6775.585883
6773.54243959
6771.79255953
6771.14228745
6770.48219508
6768.25615276
6766.14941759
6763.66082008
6761.57276368
6758.20906584
6756.16867515
6753.18098511
6750.24918501
6745.90609238
6740.8531438
6733.65902978
6727.88059223
6723.47366421
6719.79958515
6714.94114668
6710.14426451
6702.0655644
6694.45862868
6687.28493585
6680.26673681
6673.08530763
6667.39002544
6660.59484951
6656.85067629
6655.32924872
6653.92445891
6652.18445489
6649.57459174
6647.41724966
6645.64206962
6644.83081861
6644.20583257
6644.76758958
6644.55662403
6646.28838291
6648.12244986
6651.16708924
6653.97874582
6656.27957989
6658.67993415
6661.55172522
6663.74677333
6665.05239142
6662.44915644
6659.35551317
6655.40424955
6650.15406571
6645.58772694
6642.6912562
6641.23808281
6641.13143958
6641.28038186
6643.36857068
6645.36803534
6647.42046966
6649.90858626
6650.95995006
6652.7659431
6653.68511975
6653.47140815
6652.61080477
6650.71707727
6648.38486566
6647.74741084
6645.37869897
6643.61117862
6643.23042445
6643.10218912
6643.19370812
6642.00398204
6642.01339112
6642.60873507
6642.54175635
6639.64765531
6636.55367052
6631.58108246
6623.46761058
6617.3186643
6613.51195902
6610.28269255
6609.88981809
6611.41762293
6614.24480798
6617.83754378
6620.52888958
6621.2285907
6622.5204088
6623.16087452
6624.94942243
6625.96734565
6627.48903807
6629.14071521
6631.33413938
6633.50060479
6635.06356474
6635.40563015
6634.19471621
6635.2697212
6637.35450881
6639.67477437
6643.91610952
6647.04912457
6647.4942717
6645.50666248
6641.63564089
6636.39965431
6628.43405834
6623.08948399
6619.89096082
6616.22875115
6614.03727152
6612.1318907
6609.82023968
6607.84079196
6606.97444556
6607.8017617
6609.11700493
6610.2688159
6607.31999582
6603.22915021
6598.53123067
6597.6768791
6597.56614466
6598.12253501
6600.1183615
6601.18948437
6603.12202607
6603.73159516
6606.39659553
6609.41204585
6614.11259296
6617.89531554
6620.37053822
6622.02841141
6624.55327222
6627.13407176
6629.15938004
6630.66632459
6630.34780279
6629.90103172
6627.73882479
6625.25727364
6622.42278435
6619.87604568
6615.5993742
6610.70141759
6604.45825504
6596.08632614
6586.87923323
6580.89715527
6579.32547624
6577.38617393
6574.62450397
6570.12599422
6564.01775791
6560.18504174
6559.49617152
6559.50076454
6559.42395856
6557.58702009
6554.89308855
6551.79841376
6548.41233624
6544.42874719
6538.85012368
6533.95503858
6527.63562065
6523.08016157
6521.91789607
6519.16375337
6516.98487494
6513.99968005
6509.26191478
6506.29185109
6504.27488553
6501.50234285
6498.11584017
6493.96762008
6486.653488
6480.47708811
6473.12057335
6467.67391395
6461.26590429
6455.2935839
6448.9467751
6444.11637569
6440.45196359
6437.65769639
6435.8369973
6432.47435187
6429.87177902
6425.32280175
6420.82774898
6414.96052454
6409.67285074
6402.64530534
6396.48200847
6392.90346993
6391.52204949
6390.93244857
6388.16758648
6383.77542724
6379.79505122
6377.48849504
6377.23948196
6376.46754697
6376.59676502
6376.66120678
6376.37534494
6374.53534678
6374.76282353
6374.07719421
6375.0283269
6377.07804303
6379.33062593
6381.98238388
6384.22097861
6385.31515025
6386.26303506
6386.52715843
6386.38687948
6386.95504861
6386.76909728
6387.48052141
6388.37874718
6388.53072127
6388.89959212
6390.96031339
6392.44787523
6394.7561808
6396.00349047
6395.43734255
6394.25798736
6391.84056433
6390.2692059
6389.05943499
6387.94053489
6386.33694862
6386.57926383
6388.52784976
6389.36449135
6390.82323353
6393.11760669
6394.51385862
6395.3885826
6394.42585932
6393.53396203
6391.23607614
6386.99376523
6383.23411233
6381.7597441
6380.97456671
6381.99174418
6384.52077286
6388.20141039
6391.13536412
6391.66918662
6390.6650355
6388.39102778
6384.87975371
6378.85561367
6373.65174342
6367.27808737
6363.11548184
6359.43766703
6357.54800286
6357.6415361
6358.89592
6360.74022543
6364.54236556
6369.27356538
6373.64413949
6381.42043172
6388.0508163
6394.4359584
6399.31956442
6403.65844039
6406.67157677
6408.4804692
6411.4548332
6414.17003624
6418.46642497
6422.82918606
6430.31190101
6436.48637029
6440.50907323
6445.46387464
6449.04663682
6451.18173165
6452.46416855
6452.93231566
6451.15782561
6450.49835355
6450.88323377
6451.06248723
6453.19576994
6455.17404675
6456.37228282
6457.8491462
6459.0646671
6460.61717252
6463.7793836
6465.83091185
6467.4080133
6467.87783314
6468.60318968
6469.32091442
6469.68340103
6467.6726594
6464.65282515
6460.47038388
6456.07878221
6447.85175316
6441.2531434
6436.75091184
6433.198426
6430.9185707
6428.74325379
6428.98966718
6429.7619158
6432.80243609
6437.89362736
6444.07420906
6450.91006011
6460.94069159
6469.11544796
6476.61741319
6485.13988042
6492.75704765
6503.30477438
6511.70429628
6517.13599176
6519.90957989
