7116.83695237
7118.94011209
7121.6001361
7122.88218269
7124.89314735
7126.42665339
7126.57036143
7127.0736985
7129.23022513
7131.35486543
7133.53853901
7135.5604182
7137.52607987
7140.56172138
7143.0412792
7146.39718494
7148.57321973
7150.47503207
7152.57071331
7153.694074
7154.4238563
7155.28008969
7156.6294844
7157.89991252
7159.67192833
7161.18159803
7162.92946386
7165.43515802
7170.21531294
7174.55302496
7178.29137153
7182.45416524
7185.60641664
7188.5578852
7190.74755271
7190.24949866
7188.1622159
7184.85994193
7179.49381729
7175.39055867
7173.11996609
7170.38570095
7168.73856805
7167.47967476
7165.70328896
7164.05690182
7162.51468367
7161.19192711
7160.03129251
7157.63733642
7155.83951883
7153.44674061
7151.93284031
7150.32143404
7149.46377884
7148.99141507
7148.93945603
7149.00256657
7148.50985828
7147.12531542
7145.08001807
7143.89297532
7142.08653622
7140.37879489
7138.75144198
7136.51004543
7134.55145799
7133.63576618
7133.08406643
7132.89276935
7132.92264144
7133.97725311
7137.59944979
7141.35277422
7145.9261245
7151.24925311
7157.04595823
7163.04815768
7167.81115322
7173.29238228
7176.81062604
7177.44033056
7176.79144545
7174.32482337
7170.37719793
7164.86096011
7158.63007119
7153.74978273
7149.53913513
7145.9554878
7144.46545869
7145.23031247
7146.06118315
7145.26800455
7144.10429632
7142.47115159
7139.87255843
7136.34756105
7133.26138928
7129.90127386
7126.80565119
7126.15307215
7127.20081868
7128.05849479
7129.40644677
7130.47526965
7131.7695132
7133.78949663
7136.11084946
7138.06354054
7140.2855962
7141.77267714
7142.62725174
7144.06064515
7143.70146915
7143.24684324
7142.53737758
7142.20670761
7142.14846888
7142.47580734
7145.16180041
7147.22158078
7148.68904901
7150.08235974
7150.85262897
7150.77794177
7151.27016218
7151.63678879
7151.88905672
7151.12561081
7149.54271058
7147.85272803
7144.99730179
7143.07363947
7140.84172867
7139.9491832
7140.01616192
7141.07798722
7142.00377812
7142.84835818
7143.44275425
7143.12114488
7142.69243925
7141.69355025
7141.2641128
7140.37424369
7138.54095734
7135.82256915
7133.22511205
7130.97241066
7129.8707257
7131.71298901
7134.47713322
7139.14329886
7143.38039644
7148.51652827
7152.50003368
7155.57854575
7157.27002679
7157.19292111
7157.24839984
7155.01742298
7152.58879268
7151.12246748
7149.96804288
7150.17070056
7150.57548621
7153.06147706
7156.02740773
7160.03470069
7164.8250662
7171.3508915
7175.44944558
7176.82552723
7177.08022759
7176.49732453
7174.88329069
7172.6437202
7170.04673704
7167.49302869
7164.8144444
7161.46729956
7156.22609268
7151.96034271
7147.32421643
7143.42348306
7140.01782768
7137.3766288
7136.42511279
7137.44656964
7138.21991251
7139.16910762
7138.24206218
7136.93770561
7135.89643392
7132.97070442
7131.787725
7131.53148435
7131.87461612
7133.18760118
7135.22194914
7138.71459322
7143.45029546
7145.89224483
7147.72302906
7149.28942507
7149.32778625
7149.03197866
7150.47201419
7150.55667502
7149.09302618
7146.69644252
7142.80861701
7140.00353981
7138.16797438
7136.46592729
7135.00383269
7132.33219718
7130.20008538
7128.20008404
7126.03890166
7123.08694522
7119.16859944
7116.55365539
7115.22470277
7115.53634549
7115.39132018
7114.49527593
7112.86182453
7111.09524509
7109.38173286
7107.14051056
7105.58840938
7101.91354972
7098.72034443
7096.6277438
7095.25195487
7094.17664322
7092.90328782
7090.666094
7087.62015129
7084.24869618
7080.49521144
7077.19173172
7075.39620715
7075.67562202
7075.701152
7077.57904436
7079.42021343
7081.05303058
7084.00310521
7087.5817483
7091.19627832
7095.87988212
7099.64016927
7102.68586804
7106.73393369
7110.25058139
7110.77183056
7110.21647172
7108.9461342
7107.64426581
7104.98436726
7104.09174512
7104.62540034
7103.59134926
7102.83223153
7100.18096842
7098.1136608
7095.37917262
7093.39058764
7092.0668623
7090.74456574
7088.04417329
7085.23923549
7082.97292927
7080.1148894
7077.29990131
7073.63438103
7070.57711954
7067.51532776
7065.26866909
7063.80738995
7062.89424208
7062.24859787
7062.83545971
7063.41836276
7063.19617602
7063.20444207
7062.23955121
7061.41396356
7060.61497223
7059.84158755
7058.59109971
7056.74515641
7055.21940066
7053.71308338
7051.97145542
7050.95990249
7051.31629759
7051.67078997
7052.27911148
7052.91707508
7052.91707508
7052.12588981
7051.19977135
7050.70973941
7049.38735922
7048.75117288
7048.29580122
7048.82904523
7051.12687536
7053.06607312
7056.92337138
7062.4964052
7066.68171798
7071.44530595
7075.73944347
7077.65877064
7078.72989351
7079.57321903
7080.54724715
7081.9802642
7082.76970705
7082.61184357
7081.45123685
7079.05295258
7078.26920397
7077.1891599
7077.24683409
7080.00824617
7081.40867295
7081.71016083
7081.06931875
7078.9378133
7077.07206214
7076.43071127
7076.52068996
7075.97658717
7078.37751296
7079.87418419
7082.35094716
7084.5513689
7087.31405644
7093.04972798
7097.16888447
7102.63621597
7107.47581537
7112.74011284
7116.94123985
7119.68158953
7121.08230207
7120.90499316
7120.32177647
7118.32892603
7115.9629881
7113.99048916
7111.53991131
7109.5928378
7107.53057623
7106.71384007
7105.88861484
7105.66699961
7105.52497823
7104.26294859
7100.85202412
7098.3481142
7096.08891706
7096.07773071
7097.68722031
7099.51263788
7100.81140476
7101.14141262
7099.59861598
7098.44362683
7097.49926868
7097.54593773
7098.13192138
7097.83959168
7097.2272835
7094.94026336
7092.58105815
7089.31294263
7086.50056817
7084.15137839
7080.4813557
7077.19234505
7073.44479849
7069.03835139
7064.72379964
7061.93002728
7060.62710646
7060.40416002
7060.40416002
7059.34579865
7057.54095561
7056.95463044
7056.27230476
7056.04920498
7056.58306233
7057.13403723
7056.66062104
7056.79087757
7057.14239389
7057.6442952
7058.50390192
7059.09133527
7059.91916717
7061.36540573
7062.79964944
7064.12064267
7064.47302322
7062.75961554
7059.94807048
7057.14500752
7053.22188751
7050.50863598
7050.14392604
7050.0689252
7051.32385971
7053.21040843
7055.45517133
7057.92431644
7059.66920621
7059.60491779
7059.04258926
7056.43142975
7053.62111832
7051.45429048
7049.12190464
7046.48849091
7044.24285679
7042.44098283
7042.45952221
7043.66416343
7044.41688995
7045.08967412
7045.3127042
7047.06028427
7050.11088274
7053.66883979
7056.96281982
7059.9166999
7063.22303023
7067.968037
7071.30321488
7071.63479788
7071.75347079
7072.47394856
7073.28569441
7074.46373929
7076.12856823
7077.14641479
7076.4444764
7075.11566319
7074.04539759
7074.6162849
7074.08043422
7074.27461676
7073.81766297
7073.10750035
7072.65575989
7072.65575989
7072.35639776
7071.4977459
7070.95415189
7071.13848626
7072.51939093
7073.16270029
7071.82956587
7068.63850027
7064.88497372
7061.50976194
7058.20288101
7053.57859624
7050.28863771
7047.26386892
7045.59908876
7043.54581809
7043.04776404
7042.92656113
7042.44007677
7042.17146492
7044.06875393
7046.12397612
7047.13688117
7050.66080522
7053.62442195
7057.3249231
7062.52765032
7067.93972612
7072.59870601
7076.66395194
7080.19902053
7081.78123076
7080.18634963
7078.10091384
7078.26963609
7078.57916003
7078.10091384
7078.35892479
7079.34429956
7079.99176983
7081.40697235
7083.40702247
7085.97878232
7086.41237371
7086.76840638
7086.16212699
7085.56612789
7084.10790147
7081.99858752
7076.80525544
7071.90910397
7068.43258078
7067.26926285
7067.86658619
7069.39501133
7071.2856652
7073.15797484
7075.25552396
7077.97024609
7081.33485
7084.03025912
7087.0529161
7090.6134589
7093.50599177
7094.98247877
7095.22226399
7093.34137466
7089.18707699
7085.23743034
7081.12072718
7078.32399271
7076.8100924
7075.30332906
7074.94474548
7074.69769088
7074.32841579
7072.99963045
7070.80320932
7065.1855416
7060.23535413
7055.61826208
7052.47356583
7050.36841278
7050.25576865
7052.13822616
7055.35284234
7059.78779548
7064.44702628
7068.77553831
7071.32002577
7071.73667384
7072.24290333
7071.88397824
7071.52757617
7071.29447489
7071.56251522
7071.9751139
7072.75161404
7073.70554854
7074.73520872
7075.28235029
7076.5617972
7076.78387243
7076.05898285
7075.2947424
7073.18079361
7071.37498178
7070.13497635
7069.61601323
7069.83535635
7069.60720354
7070.8644032
7070.40162275
7069.81264213
7069.05995742
7067.942514
7066.62260804
7065.51695036
7065.81319007
7065.98821989
7068.39227506
7068.81430373
7067.43841026
7064.78811594
7063.03640981
7060.97627399
7059.76696308
7059.06522681
7059.47997913
7060.41562516
7062.30162327
7064.01892004
7065.57025455
7068.48168921
7070.65499189
7073.48965542
7075.78594524
7078.99594749
7081.06231421
7082.26483664
7082.72064043
7082.29998479
7079.8494836
7078.08751112
7076.9304241
7075.78432131
7074.63138125
7073.77277817
7074.42754569
7074.51951772
7073.80579359
7072.25606908
7069.74208098
7067.90283555
7064.98572756
7063.09873975
7061.65946392
7060.74448301
7060.82425111
7061.37703814
7062.21868396
7062.82547911
7063.7441888
7064.29701764
7065.12410378
7065.84932094
7065.94432478
7066.66942345
7067.47672264
7068.65234904
7069.95208471
7071.14389473
7073.12680639
7075.77674525
7077.09890242
7078.20520131
7079.59295719
7082.39994408
7085.00395269
7088.41292565
7092.13104617
7093.9686607
7095.67157202
7097.77153265
7098.90265758
7099.54120664
7099.61061778
7099.4393725
7097.33948854
7094.38155907
7090.54073019
7086.33514257
7081.79388772
7078.43519411
7078.06638599
7077.81927563
7078.41764443
7079.6562141
7080.93070555
7082.90378994
7083.54606779
7084.4407878
7086.54111782
7087.75576055
7089.95522744
7092.26868361
7094.96737546
7096.7936503
7097.25992953
7096.81862967
7096.53081632
7095.52133339
7094.77033535
7094.43637568
7094.25963132
7093.17690391
7092.49172066
7092.28359178
7090.86769925
7089.73523614
7089.33154473
7088.21850614
7086.90602988
7086.02973773
7084.49706805
7084.22671377
7084.64899335
7086.06794557
7087.61333493
7089.66046531
7093.50432601
7096.5074121
7097.83959168
7098.01871271
7099.02092625
7099.05183683
7098.17953134
7098.35295813
7097.08240455
7096.17886788
7095.15985042
7094.45938263
7094.48303776
7092.73476769
7092.55500544
7091.62884516
7090.69282973
7090.29218407
7089.23721694
7087.25553196
7085.56925728
7084.94484275
7085.37007051
7086.17271395
7086.85019569
7086.83772692
7087.16176872
7086.66955527
7085.66649142
7085.38774564
7085.92832177
7086.03032318
7086.53625298
7086.36004528
7086.82445663
7087.53358774
7087.97025276
7088.26201095
7090.5228599
7092.84644303
7096.15938063
7099.43202645
7102.50838489
7105.51543673
7108.85349309
7110.39716791
7111.87586431
7113.23211022
7114.9810912
7115.90538361
7116.16307396
7115.80145856
7115.72368379
7115.77808919
7115.10333259
7115.26376789
7115.59236786
7117.50113595
7118.79977738
7123.25249626
7127.90770555
7132.14067707
7135.86452668
7138.70666172
7140.43338848
7141.48929651
7142.54151758
7143.08999733
7142.11491679
7142.19012672
7140.666664
7138.9718863
7136.98581041
7134.30330915
7132.95613777
7132.10437893
7131.69060237
7131.71404144
7129.48954639
7129.06348924
7127.35758095
7126.78763455
7126.0863304
7126.35409892
7126.91229442
7127.57378073
7128.10583989
7127.36924124
7126.38946313
7124.4758511
7123.50290328
7122.90755933
7121.77839986
7120.58322348
7120.82971353
7121.28664641
7122.23748637
7124.88888887
7126.27845687
7128.97793629
7132.40629196
7135.80658765
7138.68712568
7141.31264972
7142.39748197
7142.7813934
7142.96408988
7142.08146228
7141.99321904
7141.84624221
7142.20129913
7142.82027033
7143.44275425
7142.05037746
7140.35314643
7139.05821288
7136.02071743
7132.33094961
7128.69217203
7125.38611352
7121.52481466
7119.057405
7117.50185383
7116.87949536
7117.32410583
7118.52994583
7120.18766569
7121.3587827
7122.23239849
7121.87789218
7121.66213846
7121.81033498
7122.00246145
7121.96235089
7121.27490248
7121.18996984
7122.26932391
7124.18729896
7127.6107619
7131.15222867
7135.41411743
7139.92802322
7143.55561444
7147.20214928
7150.47933934
7153.39027915
7155.48331191
7157.39596212
7156.61553108
7153.50812964
7147.4192621
7143.07605795
7139.60211355
7138.5633858
7138.0761975
7138.3379233
7138.22525826
7138.37756689
7138.74065986
7138.3379233
7138.97713448
7139.87657297
7142.18418157
7143.27685472
7145.32947025
7145.82500824
7145.20810703
7143.71502519
7142.66027413
7140.19108023
7137.88635708
7135.68084747
7133.7761218
7132.61374478
7130.42887242
7129.48954639
7129.3561047
7129.72947797
7130.66596036
7130.87488379
7131.45045473
7130.91515466
7131.36062937
7131.87180037
7131.63679636
7131.71517053
7132.26666816
7130.95041432
7129.78618336
7127.41191665
7126.92614319
7125.59884937
7123.44847698
7120.96714188
7117.90893948
7115.08933049
7112.12790224
7110.43151454
7110.46275269
7110.82845232
7111.11215355
7110.91886314
7110.31881465
7109.45734006
7108.5287822
7108.42936654
7108.04925359
7108.1036102
7108.78310619
7109.14558582
7110.0701849
7111.90340155
7112.50814064
7113.56700383
7114.32398883
7116.42316188
7118.76534014
7121.53486495
7125.45399133
7128.68157811
7130.06134673
7129.33601109
7127.37779305
7124.12035509
7118.36823509
7113.98992462
7110.68185883
7107.90770615
7107.00702705
7105.79261433
7105.5709991
7106.4129028
7107.32193856
7106.13746065
7104.08859482
7099.71871071
7095.9942617
7093.56204898
7091.6295491
7090.20845022
7088.25691611
7086.1709994
7085.11880621
7084.66276546
7086.87270779
7088.92145514
7090.18758993
7091.00817336
7092.4349595
7094.15633354
7095.2125343
7096.73261672
7097.8962901
7099.15825702
7099.2596451
7101.42291143
7104.09148027
7107.16616598
7108.04925359
7108.48358376
7107.98260941
7106.63617682
7105.11865227
7102.96857261
7100.13573514
7099.25910147
7097.60144434
7096.23111965
7094.63222397
7093.5057548
7092.35813958
7091.08716782
7088.79605648
7088.14145622
7088.85748732
7090.16236663
7093.03663193
7096.55940599
7101.61811153
7105.39532806
7107.61168948
7109.73417614
7111.28279944
7111.99890721
7111.88061066
7109.71505131
7107.18482385
7104.14964233
7101.9011158
7101.20252983
7100.90249164
7100.73194333
7100.11884061
7099.76308672
7099.93740564
7100.56216865
7101.02651728
7101.65085514
7103.90663015
7106.26580052
7108.05137934
7110.29733407
7110.89041984
7111.244271
7111.74079171
7112.75265131
7113.54079779
7114.936987
7115.47150647
7114.85389436
7113.11138125
7110.97757581
7109.42961463
7106.80189514
7101.70142721
7098.09520506
7095.63341994
7094.04523668
7091.96527209
7090.27844681
7089.33154473
7088.8014789
7088.6928284
7089.67186772
7089.60886172
7088.0946896
7088.99122174
7089.33576836
7090.76794208
7091.59452641
7092.30303721
7094.76857202
7099.24521088
7103.1039449
7107.53292501
7111.31064336
7112.56645604
7113.62629498
7112.55616878
7110.38789822
7107.27982769
7102.83639941
7099.79647851
7097.4973102
7094.45053809
7091.01714335
7088.36316206
7086.10938734
7084.03332578
7083.49638784
7085.44562892
7087.40998726
7090.18624478
7091.7778641
7093.94175769
7096.29920655
7098.54133491
7099.06702378
7098.86056065
7099.64188381
7100.52995474
7100.14789725
7101.99160328
7102.26378361
7102.58114148
7103.40570459
7103.22222053
7102.16565038
7101.26980824
7100.95453432
7102.05974594
7102.73737405
7101.83434617
7101.26382825
7100.19759811
7099.94555321
7101.14854958
7103.65115617
7105.72273622
7106.92024047
7108.66912388
7110.02043525
7111.30773699
7112.59561722
7113.08448522
7113.34737496
7111.89441065
7110.25332047
7106.8923408
7103.89451683
7102.99010895
7100.48805994
7098.61508817
7097.36478851
7095.99043534
7094.69226785
7093.43660153
7093.99892309
7096.03123591
7099.09547406
7102.88580057
7106.6540471
7108.79885072
7108.96659025
7106.8065021
7104.82835075
7102.60410661
7102.53138486
7102.26378361
7102.59135207
7103.1608106
7102.53368486
7101.32976849
7098.49908465
7096.04293105
7094.57353918
7093.48897178
7093.66271919
7092.5368494
7089.94590199
7087.82648896
7086.60896775
7087.72258482
7089.09029588
7090.40428457
7090.91603405
7092.27621087
7094.30796612
7096.20756906
7097.91293372
7098.52023766
7097.24442894
7095.74577831
7094.85396466
7093.26518898
7092.2630521
7090.25631108
7087.77237629
7085.43884741
7085.12464681
7088.34609329
7090.90969861
7093.79052239
7096.02547894
7097.57822133
7100.54473745
7103.86376656
7106.97828405
7108.83963734
7108.60988848
7107.48560082
7104.11811843
7098.39348688
7093.09863429
7087.99144061
7083.5556302
7080.59241771
7078.33040482
7076.79820211
7075.68994473
7075.04871931
7073.02805285
7071.9751139
7072.31248872
7072.74247677
7072.3154369
7071.26111795
7069.12985645
7068.11350837
7066.9258941
7067.67655063
7069.44561825
7070.27184015
7071.46254199
7072.3154369
7072.46635159
7075.23064913
7078.16119469
7079.06220833
7080.40506547
7080.23976534
7079.91754263
7078.78155982
7079.06149742
7080.52021172
7082.81093973
7083.88639078
7083.77337029
7082.97047594
7081.69879327
7080.36980581
7080.52564808
7081.58428126
7082.78976582
7083.54606779
7084.53600074
7084.22671377
7083.99085249
7082.71891195
7080.93656009
7079.16386823
7077.54011864
7075.6801802
7074.35704031
7073.95477071
7073.27943563
7073.31085499
7074.35736788
7073.90309046
7072.74052526
7072.03495566
7072.54311576
7073.68036705
7076.71169432
7080.43013545
7084.49127624
7088.89734698
7092.62224901
7094.2670401
7095.67815838
7097.9925694
7099.8867569
7103.25785656
7107.14761267
7112.05823321
7116.46426911
7120.07493095
7121.10937234
7120.05886582
7113.41206762
7107.35660579
7101.10887113
7095.73434802
7090.5524323
7084.31894368
7080.25319593
7077.80161444
7075.89696544
7075.00083057
7075.38247686
7076.77134093
7077.48215173
7079.85836996
7082.04391838
7084.68260817
7086.86935537
7089.55345269
7091.56586704
7093.08328007
7095.21350309
7096.36872921
7097.65812186
7098.08185113
7097.49722656
7096.1772997
7094.13181417
7090.45820209
7087.62422856
7086.44679004
7084.32677064
7080.62694555
7076.97474436
7073.89442017
7070.9928267
7069.22889574
7066.86414265
7065.16867495
7065.30017209
7067.1726978
7070.83308838
7073.54230446
7076.06245376
7076.99683131
7077.70235212
7078.70932596
7079.4760058
7081.6302394
7086.75151185
7091.97689754
7097.42208634
7102.28470662
7107.21370624
7110.73995817
7113.04672344
7114.17156171
7113.80080905
7113.6127459
7114.09436542
7113.93388134
7114.29022068
7114.25701708
7113.69317612
7112.57944057
7111.44825291
7111.00856305
7109.97154985
7109.41054556
7109.21149121
7108.84538734
7109.07022257
7109.07022257
7108.30629575
7107.363457
7106.99299707
7106.68796858
7106.85133115
7106.8685881
7105.66699961
7105.14766709
7104.73211327
7106.24512842
7107.38685425
7108.38957658
7108.45068682
7108.81224646
7109.57314843
7111.23748252
7112.91478721
7114.88769038
7118.63833845
7122.05285231
7124.53268195
7125.74600741
7125.08188655
7122.61879114
7120.37608429
7116.87283234
7113.48099088
7108.80550677
7105.96480052
7104.15340597
7103.1328482
7104.46817111
7106.82199572
7109.5524136
7112.29330692
7115.0353363
7116.5254839
7116.90743685
7117.31625796
7117.85488257
7117.57827648
7116.96262982
7115.06363324
7112.98856137
7110.24871351
7105.97580566
7102.21863396
7100.78134449
7099.68685225
7098.77497983
7098.93373543
7100.47620449
7102.24564151
7104.29624976
7106.75375549
7108.10104535
7109.66209561
7111.84880797
7114.10125147
7116.7113725
7118.83861946
7119.27988448
7118.98956901
7118.13172563
7117.53335683
7116.60091685
7116.8976305
7116.37018527
7114.64491517
7114.41644873
7114.18504806
7112.86219393
7110.59491892
7108.23514219
7104.78154231
7100.13643211
7094.63624548
7089.98725316
7085.60968845
7082.53031214
7081.21053861
7080.98079672
7081.12444203
7080.15042785
7077.81718473
7076.46736487
7075.71865986
7076.94806438
7080.21075052
7083.76550848
7088.79947162
7091.78086804
7093.03333527
7094.70387936
7094.62134429
7094.78864473
7094.59306826
7096.00641684
7097.71146089
7101.40710417
7104.40706783
7105.92827934
7107.59340798
7108.29517213
7107.93812885
7107.83465683
7107.91069615
7107.70893756
7108.67007175
7109.89394235
7111.94744999
7115.05707476
7117.09044697
7118.48121376
7121.06480118
7123.3226671
7125.1788907
7125.74314286
7124.40511572
7120.97398612
7118.8011295
7116.84360146
7115.64696144
7114.68007029
7113.2686314
7111.86280311
7111.10680083
7110.73603423
7110.37034157
7110.00867042
7108.84246704
7106.80486423
7106.50483998
7105.52381429
7105.63495297
7106.04826953
7107.5677874
7109.32847746
7111.37235299
7115.00335239
7118.6864084
7122.26832725
7123.40821308
7123.91738378
7123.3171262
7122.2543112
7121.59373095
7120.52245475
7117.7265427
7115.70520017
7113.76948029
7112.12491224
7109.03793199
7106.96460255
7105.71257441
7103.89285805
7103.07028826
7101.58313763
7101.20942285
7100.56216865
7100.41285698
7099.10412344
7097.78439173
7097.10451241
7096.51047876
7095.55366578
7096.02361804
7096.47830667
7096.47830667
7096.93335076
7097.48099415
7095.35465325
7094.13642811
7092.57102876
7091.95363968
7092.18051703
7093.46757484
7094.9554085
7097.68098244
7099.61031112
7101.78844379
7103.81168207
7106.70231918
7109.35927652
7111.85655129
7114.23734861
7114.85569951
7113.75609152
7112.41305316
7111.40411387
7111.18430378
7110.99126428
7109.20319728
7106.55339084
7102.58694723
7098.76723651
7094.55870071
7092.27845512
7090.97725581
7090.53578868
7090.207809
7090.92154708
7092.14673494
7094.548518
7099.04401683
7102.65782201
7105.21559369
7107.47353628
7109.58067569
7110.29805891
7110.89126317
7111.64543241
7113.63798315
7116.29157413
7117.71065877
7120.43557059
7123.64997768
7125.45979709
7128.86956458
7132.86865422
7135.97311445
7139.19495123
7141.84134252
7143.19275147
7143.89552623
7141.9666227
7137.97572245
7132.86203302
7127.02058249
7120.59831983
7114.00576672
7110.03475796
7108.47259953
7109.07022257
7109.33353048
7110.19705417
7110.91801981
7112.19901398
7113.6990446
7117.22977107
7120.13415241
7122.44818707
7123.40375247
7125.49238736
7128.35159116
7131.32079062
7134.21969378
7136.22517329
7136.94816711
7135.53918852
7134.74297811
7133.40039975
7131.1427011
7128.04680662
7124.33227549
7121.36435845
7118.36033843
7116.92042138
7117.34031036
7117.69387576
7116.80259877
7116.33265349
7115.36730263
7113.95337556
7110.71903516
7107.66885488
7105.40185866
7102.83758425
7100.30296588
7097.05950912
7091.94865635
7086.63277622
7081.78386531
7076.93690591
7073.89606501
7072.26294816
7072.12739466
7073.04097466
7074.35759788
7075.5518473
7076.82396905
7078.64576935
7080.242832
7083.83259871
7086.59398989
7090.12394272
7093.24639869
7096.21889481
7099.13372371
7101.45318079
7103.71961943
7104.95725516
7104.75945536
7105.16704283
7104.44694143
7103.61616135
7102.55122757
7101.7794738
7103.75801545
7106.38211071
7107.54575621
7111.41816476
7114.20519743
7115.63811691
7116.5573075
7115.8595579
7113.34093496
7111.4144081
7109.032872
7108.47503892
7107.19666535
7106.89760292
7107.48967112
7108.65591631
7110.82972778
7113.698034
7116.01606229
7117.52243533
7116.99995948
7115.62157086
7113.94241224
7112.83869213
7111.50454013
7110.64537251
7110.1282703
7110.67529338
7110.31010951
7111.48788257
7113.5909238
7116.89396444
7119.30273809
7121.8270692
7123.69446521
7123.40484672
7123.7710412
7123.68903583
7122.25321696
7120.45709997
7118.11444079
7114.50062865
7111.44750716
7109.54549967
7107.40198545
7105.33430842
7103.28474562
7102.68412562
7101.58313763
7102.1721531
7104.21230682
7105.86119608
7108.38621022
7110.09119154
7110.59059771
7112.26102331
7113.28602774
7114.36421091
7117.41384756
7119.72963857
7121.47624986
7122.72235376
7123.94785526
7123.93261255
7124.38471543
7124.38471543
7124.07544938
7123.68732128
7123.45795575
7123.97201221
7123.89136593
7124.38471543
7124.12984084
7123.28081411
7121.45840048
7119.97255318
7120.43149333
7121.46064472
7122.64039718
7125.04306538
7127.3062213
7129.36727712
7130.32202707
7130.46041724
7128.10367929
7124.73518629
7121.02072486
7117.39401879
7114.91465612
7113.00406197
7109.98293135
7107.66037276
7104.2629904
7100.98205762
7099.44312916
7098.50052041
7100.06371733
7103.50924631
7109.19878547
7112.84265091
7116.09583736
7118.23786703
7119.70687557
7119.74852643
7118.54428249
7116.14193489
7112.71997043
7110.40926032
7106.65240226
7106.34764559
7106.69210161
7108.55317611
7111.2874552
7113.36064524
7114.9222252
7115.86675062
7113.94102527
7114.79275624
7114.17129686
7112.94299354
7111.86197371
7109.81416728
7106.44591822
7103.96118192
7103.17735664
7102.26378361
7102.00460872
7100.81935021
7099.51357182
7098.17495922
7094.31301217
7090.667474
7087.41786301
7082.54423758
7080.64049463
7078.90853364
7078.5644958
7079.33246503
7081.49630287
7083.21622024
7083.80938964
7083.13998577
7083.04242405
7083.11501337
7082.80622125
7084.02508761
7084.52917741
7084.91542369
7085.12478621
7083.95551617
7081.87179492
7078.35661086
7075.73387469
7073.73717002
7073.1840136
7073.05425888
7075.04858689
7078.0532551
7081.59272853
7086.124414
7089.96840712
7091.74007444
7092.58103724
7092.29915509
7090.16323087
7088.91789363
7088.46091196
7087.7434451
7088.32420846
7090.15527148
7091.12863748
7092.03355415
7091.76494926
7092.0541217
7092.54253667
7094.21892136
7095.51120643
7097.00737584
7099.59131174
7101.37022057
7103.16568938
7104.54531164
7105.72918318
7107.3978803
7109.26422389
7110.53182232
7112.69784167
7114.63841942
7116.17490849
7117.99631152
7119.48747669
7120.56617562
7120.43796817
7115.9169742
7112.44370586
7107.00664372
7103.57981442
7101.04872968
7097.76997841
7096.01394411
7096.07476162
7096.6296047
7096.84579752
7097.96584761
7098.79143527
7098.24524157
7097.49926868
7097.62638189
7097.55699862
7097.46637872
7097.85619348
7098.27634033
7099.15785975
7100.22185263
7100.45082785
7100.90249164
7100.90249164
7101.996266
7103.38210522
7105.0834414
7107.68691334
7109.23282543
7111.14174686
7113.40990004
7115.29725725
7114.92327065
7113.51243812
7109.69952982
7105.41296834
7101.86803068
7099.2428133
7096.53849692
7093.91519621
7092.37536168
7091.29335216
7090.96317007
7091.96363422
7091.93347637
7092.64742353
7093.63840194
7094.43637568
7094.50005077
7095.98952231
7097.90015828
7101.42600597
7104.19815138
7106.10986068
7107.65744549
7109.45793248
7111.23955252
7113.14828576
7115.17807555
7116.42008128
7116.65888376
7116.48627939
7116.30558321
7116.17532667
7117.03694763
7118.5125704
7119.88152206
7121.39060631
7124.0162558
7126.1622582
7127.6765976
7128.80890737
7128.76478923
7128.2553955
7126.88651354
7125.29317271
7124.42138297
7122.6492208
7120.41964485
7118.96166934
7119.27988448
7119.43698129
7120.25998319
7121.33517636
7122.26934482
7123.12418427
7123.70407642
7123.67140251
7123.54909142
7124.38471543
7124.27871342
7124.04439244
7124.59683098
7126.31231563
7127.4669075
7128.3434645
7130.18140661
7131.71746355
7131.87564764
7131.576634
7132.06941896
7132.182084
7132.64027839
7134.28491614
7137.08169243
7140.99980821
7146.25057751
7152.38941076
7158.34586117
7166.2772499
7171.45083685
7172.43290799
7172.363692
7170.7077285
7167.57048285
7162.73667526
7156.17117153
7151.16022926
7147.98168123
7146.00060957
7143.3670913
7140.71940364
7138.96929358
7138.05010995
7138.90729818
7140.50779689
7142.1374498
7142.66523655
7143.03387042
7141.36071967
7138.95594662
7136.42389309
7135.27173364
7135.08700897
7136.56140507
7138.55518247
7141.60817154
7143.77325695
7146.61291775
7149.2833475
7150.62577253
7151.21994557
7151.23529979
7151.80017923
7150.93982676
7151.34523271
7151.66207482
7153.58236381
7154.73784084
7155.9093133
7158.76054378
7159.7782161
7159.65456683
7158.74464592
7156.52262511
7154.95243759
7153.08480461
7151.10254811
7148.277217
7144.91188824
7141.14589291
7136.84127298
7134.80441592
7134.28161948
7134.94256215
7136.80224968
7137.62852734
7138.82436584
7140.24674715
7141.8113171
7142.78538006
7143.86705504
7144.39401936
7144.21610409
7144.23932709
7143.39678915
7142.76210827
7142.13948495
7141.30332427
7139.92866443
7139.19726517
7138.47396468
7138.23805461
7139.62806867
7144.34258305
7148.61975635
7153.8684208
7158.89241032
7163.07426614
7166.23012086
7168.24500945
7169.73439039
7170.63828251
7171.03159606
7171.34916998
7171.34916998
7171.45048837
7172.04808353
7173.38664037
7177.53669349
7181.58641793
7184.17463322
7186.32025926
7187.86649195
7188.36524297
7188.62054271
7188.61935786
7185.70209654
7182.67380108
7178.85274521
7176.81527482
7175.57070425
7175.45156437
7176.65492316
7177.9215319
7178.47318286
7176.79432393
7176.59036989
7175.77334798
7175.88451454
7176.3697583
7177.07951668
7177.940824
7178.59127032
7180.24422988
7182.80599519
7183.9053244
7181.99849388
7180.60585224
7177.53049744
7175.41871622
7174.58570584
7173.04258162
7171.41038477
7170.21824718
7168.66061207
7166.74334095
7163.37513372
7160.66400097
7159.09757011
7158.84831309
7157.7638363
7157.42200785
7158.48925557
7161.05977482
7163.61049318
7166.33431773
7167.07010093
7167.31935098
7166.81403452
7167.39644969
7167.46025721
7168.68524295
7170.48508176
7172.45973433
7175.01501783
7177.54279894
7179.92349868
7182.75402918
7187.25288044
7190.13415029
7191.22971586
7189.60793869
7187.03779581
7183.329398
7179.2746763
7173.10631247
7168.27902154
7165.71857349
7163.93780376
7163.02137316
7163.85264112
7165.43462832
7167.77794962
7170.36217824
7172.17207431
7174.01640762
7174.05601637
7175.40089472
7176.2346648
7177.27364345
7179.09665648
7179.82903847
7178.70490414
7177.81528594
7177.53085289
7176.79432393
7176.1398561
7175.52834944
7177.37527547
7178.96265025
7180.69199761
7183.18000967
7185.22921701
7189.02471504
7192.14873918
7195.99008383
7198.30994514
7199.95611623
7201.90010216
7201.23700585
7199.80097093
7197.29641282
7191.85670917
7187.95633126
7183.19433238
7179.85158542
7178.40309566
7178.26827397
7178.88452002
7179.80509759
7179.8839666
7179.51689394
7179.39683406
7179.09189618
7180.06970884
7181.03434181
7183.01450741
7184.77445171
7184.96204789
7185.06310839
7185.10108623
7183.16071757
7182.32733082
7180.14119695
7178.05016449
7177.45955296
7176.41330492
7175.97495324
7174.9679097
7172.71545225
7169.88952175
7167.1826196
7162.08126652
7158.14319652
7154.80452683
7152.03258354
7150.62720828
7149.60292173
7150.10903274
7150.5225096
7151.40862902
7153.80975692
7155.22689005
7157.76433114
7160.27718318
7163.3145462
7165.86306911
7166.25312084
7166.5410457
7165.88493999
7164.35237486
7163.74728031
7163.39028582
7162.88966693
7163.76829393
7165.15444678
7164.54272406
7164.00858793
7162.17198401
7160.844502
7159.20993546
7159.19244153
7160.11853909
7160.969594
7165.71938895
7167.78684294
7169.45710824
7170.88104379
7171.84125798
7171.99918418
7171.15345412
7169.68266832
7168.82453917
7169.77948428
7171.34047181
7175.93289813
7180.60697436
7185.2906618
7187.82439502
7187.80327686
7184.84693649
7180.07161156
7175.53805125
7168.34088451
7161.93903606
7155.89112938
7151.67305905
7149.14561249
7147.39991424
7147.61178584
7148.05231207
7147.94146612
7148.94473209
7149.31109384
7149.98662407
7150.92983919
7150.92983919
7150.0172698
7148.77198135
7146.20472392
7144.23140953
7143.54272749
7144.14007174
7144.93927215
7146.63713742
7148.58873426
7150.42312182
7151.82639223
7153.01353953
7154.33842184
7155.67368899
7157.15474115
7159.00884596
7160.45886209
7160.32564343
7159.41394525
7157.8593559
7156.07101011
7154.58242372
7151.4855256
7148.36633842
7146.07699041
7144.29675734
7145.34315175
7146.75707185
7147.7506151
7148.39322749
7148.08942567
7146.11404825
7143.87645715
7142.58139118
7141.89135702
7143.03897223
7146.0282653
7149.41533252
7153.52912932
7157.41769361
7160.48266358
7162.51940912
7163.72487973
7164.39283391
7164.21296712
7164.63374124
7165.22337005
7165.3205345
7165.91394784
7166.85141994
7168.44722107
7169.96705258
7168.12434321
7166.57607536
7164.5666998
7161.70192721
7158.25857974
7154.91789581
7149.4849667
7145.30661663
7143.51976933
7141.968853
7140.16416329
7138.88985305
7138.10328171
7136.53308722
7135.64627781
7136.38988797
7139.03752684
7142.25524453
7145.81610794
7148.94533845
7151.86071796
7153.07723553
7154.50809198
7155.35402416
7155.35402416
7155.22956641
7154.59347765
7151.9957557
7149.43638099
7147.08724
7144.23246892
7142.31798568
7142.2039267
7143.6673316
7147.76745387
7150.73233212
7153.57030625
7155.64540599
7157.73628511
7157.85688863
7157.80294323
7157.84844833
7158.41692413
7158.41692413
7158.18753769
7156.69927191
7154.18152018
7151.41322901
7147.6243731
7145.08294534
7142.73737284
7140.15752815
7139.26132359
7139.13584129
7139.62684201
7141.52342708
7143.48379179
7145.52761853
7145.89697725
7145.68611625
7143.76882423
7141.49238408
7137.82933805
7134.90824339
7132.18797339
7129.06920438
7126.50504149
7122.78462794
7119.2475033
7117.13899086
7116.5616078
7117.99546819
7118.59923849
7118.22776098
7117.35130853
7117.97041215
7118.74484229
7120.5247199
7122.63553233
7125.46669708
7127.74911722
7129.71437465
7129.78047519
7128.56960307
7124.4712302
7120.36133643
7117.39339848
7114.47026171
7111.80413923
7109.65624107
7107.81221443
7105.76870829
7104.1372781
7102.15139736
7100.04202068
7099.09752314
7098.3086309
7098.66415479
7099.48898275
7100.22185263
7100.22185263
7100.22185263
7100.00089951
7099.28453387
7098.57331882
7096.6113929
7094.67989665
7093.56516443
7093.26923837
7094.88696614
7095.88597363
7098.01998119
7101.23902312
7103.68918976
7104.74922386
7107.31057099
7109.95182562
7111.66465482
7112.02643749
7111.08932782
7108.74910107
7104.84102861
7100.35192098
7096.62602228
7092.68487865
7089.63443352
7087.3956506
7086.18903696
7088.77874377
7089.51047061
7090.34424069
7091.03315272
7091.17706985
7092.00213479
7092.70136196
7092.3944447
7092.48450006
7093.40187157
7095.1638789
7096.80786149
7099.59781446
7101.31191214
7102.31687871
7103.96539161
7104.1892232
7105.16476374
7107.74635086
7112.62030386
7115.57244152
7115.8097734
7115.62831055
7115.65091326
7114.93502155
7114.66099425
7115.64910811
7116.67119224
7117.85186469
7118.84630006
7119.05510501
7119.56612965
7117.1821193
7114.84321679
7112.91381842
7110.69126791
7108.78608921
7107.70357787
7106.10024251
7103.31931529
7101.56634765
7100.51959081
7100.00524163
7099.29734416
7099.07441165
7098.04604783
7098.87952518
7100.28581347
7102.8310188
7104.52933711
7105.72048501
7107.63529582
7110.49292448
7114.23067862
7116.96256013
7118.84181855
7120.45502997
7121.08205813
7122.16317553
7124.66231122
7128.80795949
7132.45185282
7137.39110485
7140.73700211
7144.32907579
7145.1705195
7145.54787245
7143.61751923
7141.56898795
7138.46466014
7134.87055828
7131.60454761
7128.86827519
7126.664738
7122.13426526
7118.44177925
7116.26146507
7113.73894608
7110.1075285
7108.6512048
7106.94149106
7106.19163605
7106.03858166
7106.66429952
7107.95994398
7108.04161481
7108.85895035
7109.21473909
7109.72634221
7110.12779636
7110.43151454
7110.43151454
7110.31756708
7110.74961119
7114.14178022
7117.30364282
7122.46731887
7126.75772064
7131.47834046
7134.85125921
7138.24963127
7141.1678335
7141.6932854
7139.94774745
7136.77803698
7134.12920629
7131.36851906
7128.86867943
7125.62728571
7123.34435678
7122.80748853
7121.7439905
7122.10722983
7121.97079815
7121.60238731
7122.46534644
7123.10423005
7124.34476517
7125.83282186
7126.41318098
7127.87245982
7128.57584791
7128.57280215
7129.52409514
7130.22692565
7132.79057975
7136.06756072
7138.05070934
7138.82472827
7139.00564748
7137.53343289
7133.89234138
7131.38838267
7127.29347374
7123.04291768
7116.36815012
7111.68155632
7108.72177291
7106.21632966
7104.33948972
7103.13746213
7101.70935871
7102.12598587
7103.60155985
7103.05480161
7101.668823
7100.04303826
7096.66348437
7092.67182442
7090.22403444
7089.8698348
7092.36513715
7095.93772358
7099.30728293
7102.89166905
7106.59601746
7108.74737259
7110.47354177
7113.51825084
7115.44078407
7117.01570401
7117.64420975
7117.95841034
7117.52955835
7116.3498965
7114.47230383
7111.40598175
7109.25704511
7108.2495346
7107.58645223
7107.08394455
7107.58666132
7107.02829158
7107.46928477
7109.42019858
7112.41414043
7117.65689459
7122.09228682
7126.03784226
7129.2329224
7132.82229881
7135.82146097
7136.06317678
7136.6363153
7136.43581126
7134.80022017
7132.92432811
7131.59844216
7129.95251502
7129.76480733
7130.64614554
7132.39449227
7133.58476896
7135.58618514
7138.43072472
7141.72644021
7144.47002383
7147.42676148
7149.51283849
7150.97533036
7152.30288903
7152.83676728
7153.0816334
7153.6689413
7154.20252683
7155.11044046
7153.49524966
7150.61544344
7147.19625292
7142.78611188
7140.3170992
7139.5062594
7138.31460272
7137.42978663
7137.39478485
7135.94853235
7134.56407313
7133.27856957
7133.72479003
7134.8557686
7137.14087207
7140.05771521
7144.98187787
7148.7184611
7151.10657659
7151.86418886
7151.82920799
7152.93293507
7152.83696244
7151.26507431
7148.48517861
7144.76836141
7141.6934457
7140.484086
7139.90379658
7139.39758103
7139.03801472
7139.30376203
7138.60053425
7136.78213516
7135.10963956
7133.39671278
7130.32808373
7128.09130112
7127.51175746
7126.5216433
7127.46570175
7129.48123155
7131.40927083
7132.61996871
7133.86055959
7133.90200137
7135.25227426
7136.33227652
7137.40324605
7136.90230655
7135.61534632
7135.27429151
7133.44136759
7131.39964569
7128.62228695
7124.37321544
7121.17124925
7117.83329744
7115.28947907
7114.51537651
7114.38961543
7115.17206071
7117.6543855
7119.19698698
7121.94429939
7124.95687122
7127.7124915
7131.24979039
7134.39583179
7136.31508926
7136.30545715
7134.00656066
7131.35204271
7129.10828344
7127.89406586
7127.26508619
7127.60760463
7129.02450079
7130.31771283
7132.24441394
7133.71007005
7133.15459272
7132.14131828
7131.01441699
7129.56062329
7126.7968206
7124.20758076
7122.92684447
7122.36024352
7123.31879195
7123.17535573
7124.00715339
7125.09028503
7126.72042582
7131.5179283
7135.73597772
7137.1049712
7137.47425325
7137.09051606
7137.97977184
7139.76071581
7140.73454181
7140.95691674
7140.05381219
7138.17274861
7135.41567167
7132.62997719
7128.33744269
7125.25069942
7123.75988969
7122.48865309
7122.00246145
7122.13921374
7121.7346302
7120.85605199
7119.09899314
7117.99345395
7117.01490947
7116.81869876
7117.6786679
7118.29050213
7119.13283099
7118.0207124
7116.8215633
7115.37857262
7114.23198195
7113.5220563
7113.26570413
7114.38534301
7114.81004107
7113.48001513
7111.8588025
7109.21667666
7107.70893756
7107.70893756
7107.97511699
7109.73663644
7112.05491564
7113.50463207
7114.94107124
7117.49031202
7119.02037504
7119.59593901
7120.04946371
7119.76296763
7119.17383367
7118.17827618
7117.360167
7116.5573075
7116.5573075
7116.69551646
7117.818452
7119.14921673
7121.64456787
7123.20784843
7123.9337277
7124.65204486
7126.1127734
7127.42831633
7127.27603557
7127.87156073
7126.77909668
7125.18223615
7121.51710618
7118.56530307
7116.85546387
7114.27877645
7112.97462199
7111.54348676
7111.25417493
7112.2364691
7113.27213715
7114.24724557
7114.71240965
7115.31620087
7115.53634549
7114.61477126
7113.49440754
7113.95291556
7116.43553308
7119.30741475
7123.75198607
7129.13576492
7132.73100981
7135.510334
7137.16354447
7139.34687653
7142.42290739
7147.9464843
7151.70795629
7153.94046648
7154.06547484
7155.03251933
7154.20560743
7151.82534678
7148.82217009
7144.48352412
7142.42179224
7142.11265861
7141.89689792
7143.04536344
7144.06907151
7144.76454899
7144.3187258
7143.58512411
7142.25731453
7140.16461632
7139.05033713
7138.74493925
7139.83282423
7141.93143273
7143.00960893
7144.53219347
7146.81713664
7149.13439826
7152.26622149
7154.01828307
7155.35744628
7156.4360755
7157.05563913
7157.05563913
7156.46835214
7152.94824051
7149.47649852
7145.4538583
7140.97045885
7137.25116742
7135.73726711
7135.01824601
7137.05991912
7139.06612348
7140.13786665
7140.79973629
7143.25484444
7144.9407776
7147.95342611
7148.76059985
7147.39097909
7145.83172702
7146.07091284
7145.72150137
7146.50565422
7146.25466174
7144.82344984
7143.43252275
7142.12554557
7142.1922455
7141.40082327
7141.02911576
7139.24566966
7136.08839312
7134.13020296
7133.23309234
7132.82968669
7132.48450582
7133.57341534
7134.66500818
7136.11137219
7137.82443836
7139.79860305
7140.76755026
7142.640069
7144.83901316
7146.72680248
7148.47658498
7148.59998334
7149.08687194
7147.79061415
7146.5682281
7145.68360716
7144.04486577
7142.12997132
7140.80246144
7138.73116715
7135.62245541
7133.33430618
7130.8464614
7129.0067002
7127.66875669
7127.03385975
7126.58037687
7126.93431167
7128.46858438
7128.56487762
7128.80890737
7128.94667027
7128.68834567
7128.06169388
7126.90055746
7123.85897778
7120.59164286
7116.67013981
7111.22210738
7108.08286143
7108.59548213
7109.50702698
7110.46606329
7112.62083356
7115.37368687
7117.44401237
7119.41844888
7120.44582998
7122.38016986
7124.8115741
7127.19812141
7128.12826139
7128.33901784
7128.85570187
7128.12826139
7127.9892091
7128.09756687
7128.50563525
7128.88044427
7129.44602764
7129.92759141
7129.06992226
7128.46858438
7128.74220047
7131.36326391
7133.73472184
7135.42466954
7136.57773506
7136.03809984
7134.80997774
7133.3124562
7130.68137732
7128.62240544
7125.82866793
7124.05368304
7125.83482913
7126.96887436
7129.53597846
7132.44569161
7137.46293448
7141.42481294
7142.71452619
7142.34176626
7142.61143751
7144.03758245
7144.60869278
7144.78299079
7143.86772413
7142.25611574
7141.41617052
7139.81591576
7137.16488962
7135.55371335
7134.08915149
7132.97527654
7132.54466121
7132.83904698
7130.28220923
7127.58187951
7123.49889571
7118.11964715
7113.15186818
7108.68186447
7106.12583521
7105.22190823
7108.61960423
7111.94689242
7115.45646588
7118.87114701
7121.52096042
7122.99145349
7122.54719151
7122.0989359
7122.70140287
7123.50240844
7123.23998567
7122.68310744
7122.31952659
7120.78090479
7119.80997819
7117.5260735
7115.53012156
7113.02165346
7111.90043943
7110.69516397
7109.49883759
7108.34968207
7107.34150248
7105.89366786
7102.29371146
7096.92527289
7089.20705213
7080.15729299
7074.35736788
7074.30053006
7074.36789909
7076.72861673
7080.39247821
7084.99352604
7089.09378072
7090.73233393
7092.67301624
7093.64893314
7094.91476824
7098.27937214
7101.20781285
7104.38384483
7107.28282466
7112.00528448
7115.97625142
7119.13872735
7120.7709939
7118.8988794
7116.75183852
7114.73033569
7114.65907758
7114.87283101
7115.58657605
7116.04198256
7116.77444123
7117.36765245
7116.9889404
7116.27388506
7117.12137845
7116.73537611
7117.57930103
7118.79513557
7120.07329308
7120.72842303
7121.52979102
7121.07686571
7121.20287771
7120.28959741
7116.03166045
7111.54948069
7106.14158671
7101.92894577
7098.9209809
7096.55590023
7094.77669868
7094.43708659
7092.31301781
7092.0541217
7092.31219538
7093.6160362
7094.84863285
7096.25347144
7096.81862967
7096.47777698
7095.26153819
7093.07700735
7091.22571829
7089.13847038
7086.27778202
7084.32806004
7083.19186117
7083.11605882
7084.34888547
7085.85065851
7087.86735922
7087.75516115
7087.97025276
7088.00837696
7089.58863568
7091.36847845
7092.28473481
7091.79244469
7088.84973703
7085.40566472
7081.94162424
7076.56545628
7071.35971816
7066.73307066
7063.51926993
7061.12008658
7061.28261278
7061.24295524
7063.42731881
7067.43445147
7070.64422372
7073.80697844
7077.06171912
7079.17221792
7082.14791312
7083.93946497
7084.96242031
7085.87008304
7085.49866129
7084.90489946
7083.14899061
7080.74540938
7079.80252183
7079.45849097
7077.51417746
7075.69556927
7073.0721222
7070.27009773
7068.25794823
7065.55883123
7062.51454033
7059.38197831
7057.38967849
7057.033834
7058.13641108
7060.93427464
7063.46765241
7066.44790579
7069.40442041
7071.2323401
7070.54564442
7069.9814759
7068.76909135
7067.33033825
7066.53062904
7067.3448352
7068.62571089
7070.78011176
7073.29514531
7076.25635053
7078.90103425
7081.62359032
7084.50827531
7087.0665976
7089.18918184
7088.95014935
7087.59753464
7087.56700043
7088.74922713
7089.96485955
7093.40537035
7095.80594765
7096.72531946
7096.13798368
7095.92354723
7095.32830782
7095.99964927
7097.23895076
7098.7593956
7100.33546554
7101.69875782
7102.19536217
7104.13352841
7106.04313984
7106.20352634
7105.36537233
7104.27523615
7103.48249664
7103.26944018
7102.55373666
7101.93010274
7100.57337591
7099.48818821
7099.30721324
7099.9066484
7100.15805208
7099.5054591
7097.92882462
7096.40392614
7095.33307509
7094.61232551
7093.41540671
7093.31148166
7092.94867444
7092.73476769
7092.73476769
7092.6232875
7092.0541217
7092.73337375
7094.63221003
7096.2141833
7097.2548765
7098.24906793
7098.22525947
7097.86489862
7099.36752197
7100.57442833
7101.48736015
7100.98403005
7101.24281464
7101.50286771
7101.33130182
7100.49260417
7099.16652308
7096.84788145
7094.29388037
7091.77088047
7090.04356129
7089.38907255
7087.44123935
7087.76286266
7086.91069957
7086.99347858
7088.02961361
7089.38767164
7090.02436676
7091.03315272
7091.70551872
7094.55632405
7096.88553172
7097.85171197
7099.30038294
7099.9098196
7101.13076293
7101.92346062
7102.02401234
7103.2727717
7106.31694411
7109.57305085
7114.28985826
7118.16207863
7121.11260628
7121.75776958
7122.00246145
7121.86289341
7119.32045504
7116.15266821
7113.0972746
7112.11287558
7113.20027268
7114.27606524
7114.85569951
7114.67248727
7113.4662012
7111.77159077
7109.74502098
7107.34181611
7105.70717987
7105.78003404
7105.29778028
7106.63970348
7110.17697449
7113.67036433
7117.80949595
7121.71040356
7125.87028395
7129.48138488
7133.81994721
7136.70827735
7137.75240661
7139.66267319
7141.1264893
7142.9958647
7143.79455633
7144.12340024
7144.38277725
7145.25685305
7145.48468524
7143.82160569
7141.61139851
7140.44975331
7140.32323252
7139.85003936
7139.86708025
7138.63858875
7136.77192456
7135.10853835
7133.0189974
7131.4747441
7127.54753288
7122.94590657
7118.05599994
7115.09545684
7113.27567078
7114.90625764
7116.91849078
7118.40629656
7119.19696608
7118.93956148
7119.07093317
7119.13052402
7118.88408275
7117.9935097
7116.80115605
7116.5573075
7115.71474168
7114.52171196
7114.86241829
7112.40489862
7110.2416323
7107.60540282
7105.00816875
7103.25825383
7102.94442263
7103.1360682
7103.38478855
7103.08448552
7103.26771867
7100.52504808
7097.36529033
7093.58194745
7089.59688083
7087.43836783
7087.62992976
7088.02302028
7090.15118724
7091.85435645
7093.99623279
7095.80330614
7096.24056358
7094.28583038
7092.08140804
7089.51529364
7087.03400036
7086.32296653
7086.75096125
7085.92832177
7085.32510207
7083.80506147
7083.19770177
7082.52509881
7082.60767569
7082.75587221
7082.52509881
7081.92710638
7081.07766147
7079.87363358
7078.68417235
7078.19823859
7077.05431731
7076.02787712
7074.20658561
7073.16843635
7072.43429799
7071.31319547
7070.12316969
7070.15042118
7073.14522728
7077.98173911
7084.4226457
7094.25795859
7101.70498175
7107.06012215
7113.6733822
7117.67711366
7121.17607925
7122.00246145
7121.86582765
7120.49793538
7119.25450087
7116.95625256
7112.4278986
7107.4956302
7101.59525792
7097.47346689
7094.7718408
7093.68610947
7096.08308343
7098.8990194
7102.59443965
7106.12205067
7108.98258568
7109.41054556
7109.28493781
7106.850446
7105.45998587
7103.61545741
7103.08174643
7103.74833455
7104.51764894
7106.0073226
7106.53768813
7108.22369796
7109.80685607
7110.81868082
7111.2621134
7110.62063708
7111.11215355
7110.13510756
7108.73198351
7109.07022257
7109.48011003
7110.55339351
7110.48509054
7112.90653509
7115.4615189
7118.73611623
7121.13259535
7122.46518614
7121.83026829
7120.57543136
7117.78234204
7114.67809787
7112.36453715
7109.966455
7109.03391745
7109.33835351
7108.36337055
7106.10711462
7102.70796196
7098.96776843
7096.7839694
7096.13798368
7095.77344798
7094.77669868
7093.26478473
7088.86741216
7085.87971515
7082.57531542
7079.84220028
7077.53552562
7073.83890658
7070.64580584
7066.21636572
7062.60177297
7059.55891086
7057.17681022
7055.99851443
7057.15275782
7058.27573518
7060.04607129
7062.50543095
7062.52183063
7061.45589321
7058.19812768
7055.60967542
7053.31251438
7051.94745878
7051.58849884
7052.52821517
7054.48236291
7056.56207659
7058.23086431
7059.66148379
7060.40416002
7060.40416002
7060.29710558
7059.93419382
7059.13049099
7058.17580376
7055.78124131
7054.28056948
7052.33391415
7051.75463534
7051.53933464
7050.82292021
7050.2768659
7049.85170784
7051.20600922
7054.36594818
7057.29647979
7060.24254685
7062.93156477
7065.96751294
7070.07730216
7073.01612074
7073.27518412
7072.71684922
7071.38330359
7067.77165205
7064.13034448
7059.54451846
7055.49882947
7052.1496007
7050.27113682
7049.55395572
7049.3010884
7051.58980914
7057.44328934
7063.50372056
7070.69945851
7076.50346089
7079.01109959
7080.05277552
7079.80252183
7079.3914077
7078.62707665
7078.65769449
7080.93395343
7085.15434466
7089.94956108
7094.57864797
7097.8673171
7098.04549723
7096.71695583
7093.43239881
7088.47361771
7084.89673098
7084.62128186
7085.69594533
7089.11091919
7092.32198083
7094.52169863
7095.49741341
7095.95104265
7096.47830667
7097.37694365
7098.86056065
7098.73752472
7096.51059725
7092.60407206
7088.1016802
7081.15806381
7075.31123269
7071.84797282
7069.08078286
7068.68456992
7068.91221394
7070.13065514
7071.93704546
7074.35736788
7074.25338708
7073.76249787
7071.43293475
7068.97923447
7069.55452663
7067.70191333
7067.21060594
7068.05175692
7069.25777814
7069.8442427
7071.63281152
7073.66089373
7076.3866001
7079.69520255
7082.95946383
7087.05155701
7089.37240802
7091.66581936
7093.17217846
7093.71419035
7093.07508371
7092.98129956
7093.56792443
7097.2111417
7100.25514684
7103.77599725
7107.44171965
7110.75000149
7113.21289479
7113.83473053
7113.83473053
7113.83473053
7113.83473053
7114.08679634
7115.82388702
7117.51904806
7116.31246926
7115.3823711
7115.63951781
7114.22109529
7112.80272156
7110.91896769
7107.29261707
7104.78990594
7100.93613434
7097.3504658
7095.42267743
7095.2623188
7096.00204685
7096.35240619
7095.70203654
7094.9802415
7092.42913981
7090.19514508
7086.90315837
7082.81833458
7079.78263034
7077.32315219
7076.73962187
7076.73962187
7077.27096315
7079.76229278
7082.12296163
7084.93055489
7086.57549233
7088.29740304
7092.62896779
7096.23650722
7098.20709646
7099.78826124
7099.06645227
7097.62244401
7096.82175906
7097.06139791
7096.47830667
7095.92384692
7094.11179025
7091.86557068
7090.28207802
7089.67186772
7089.46681247
7088.61271181
7087.82471866
7087.71088968
7088.68294538
7087.75751691
7089.3479235
7091.96579482
7094.78041352
7095.41232047
7097.41059332
7098.0687969
7097.57326588
7097.00760584
7096.78301455
7096.6984513
7097.91055009
7099.36603742
7101.24177615
7102.68682986
7104.08937543
7104.7398775
7104.98636059
7104.14784415
7102.93561294
7102.06485472
7100.56537471
7099.20675213
7097.85291772
7096.21225967
7095.52986429
7096.28574111
7096.40577311
7095.20388492
7094.77669868
7094.84087558
7095.86019275
7096.23224874
7096.59780201
7097.65883277
7098.91151606
7102.96723443
7108.12911926
7112.68232714
7116.13210066
7117.57827648
7117.46779993
7116.5573075
7116.97173224
7118.42678745
7120.59627074
7122.6090963
7127.05802367
7130.77730813
7133.95237829
7135.69606927
7136.26609931
7134.13621083
7130.76474875
7127.23421743
7122.71412256
7115.66589809
7110.32123313
7106.0890213
7103.23741446
7100.56421774
7096.95570256
7094.36767545
7093.16071332
7091.67345814
7089.73107524
7088.95465177
7090.36602794
7091.59957246
7095.29058089
7097.49409717
7099.53235513
7102.69487985
7105.32668358
7105.10060078
7103.57500533
7101.54041343
7098.11347958
7094.22395347
7090.7314
7086.91882623
7083.14169334
7079.75474461
7077.76059085
7077.70852029
7077.59246798
7078.10091384
7078.23556825
7078.13606895
7077.79950262
7078.02499997
7077.65576671
7077.42026785
7078.89112335
7080.99424125
7083.78902421
7087.03710187
7089.1121598
7088.62543847
7087.57949012
7085.21889096
7082.77269705
7081.27744066
7080.5535129
7080.14284483
7079.98467468
7078.3231424
7076.00313472
7074.10066026
7073.9714213
7074.48281533
7076.45143215
7078.77661134
7081.45371806
7085.47028071
7088.6879984
7090.54600624
7094.19997774
7097.04730519
7099.39813981
7101.8554922
7102.72511437
7104.01013702
7105.96086961
7108.26984428
7112.11363528
7115.50753976
7119.80790122
7122.77842492
7125.455218
7127.90172555
7129.52025484
7130.61871981
7130.84043958
7129.82986938
7129.15141885
7126.13346641
7123.66302494
7122.97564624
7121.44977897
7121.36891663
7123.33445285
7125.14584043
7126.15298851
7126.23162056
7124.76908687
7119.61087506
7114.70041481
7109.54371543
7105.98251747
7103.27775502
7102.05948109
7103.1861036
7104.51446379
7106.24162964
7107.45454388
7108.13067351
7106.81939603
7105.61198087
7104.85199194
7104.3057146
7103.93837012
7103.42721306
7103.69615945
7105.66699961
7105.66699961
7105.55204154
7104.78143776
7101.65593604
7098.26736337
7093.23165083
7089.39000649
7086.90032171
7085.97161748
7085.44745498
7083.4805527
7080.95990159
7078.90429607
7078.69376961
7078.12592806
7079.11686464
7081.17976046
7082.87668482
7085.18292039
7089.69309043
7093.67335493
7096.08982312
7098.71654595
7100.53188535
7103.36839584
7105.89799604
7108.86713974
7111.364303
7113.05998676
7112.77935916
7111.81931224
7112.24793424
7111.3805145
7112.01749538
7111.92965637
7113.0596313
7114.56682677
7117.71481271
7119.81816758
7120.8511523
7119.44894825
7117.8594965
7117.30669554
7117.97488669
7119.4333222
7121.3038267
7122.72568527
7123.8753217
7124.54503224
7123.34798102
7121.04194059
7117.60883857
7114.97451181
7113.33426497
7112.59750601
7111.87166855
7110.85520896
7110.09119154
7110.29915315
7111.70982538
7113.77313938
7115.2864612
7115.86173244
7115.42105288
7114.76526081
7114.98123059
7116.01420835
7116.83695237
7117.80284686
7119.92425323
7122.65350716
7125.7478474
7131.31044063
7135.24453791
7139.10610162
7142.98160471
7146.01332229
7147.6704776
7147.74154753
7144.38774664
7139.26613267
7133.99055128
7130.2913465
7127.0717679
7125.36024203
7124.8224956
7123.93556073
7123.57277443
7122.46479584
7121.13191232
7119.42057464
7119.86011117
7119.86913692
7121.30975093
7122.71592771
7123.53980779
7124.38471543
7124.26764555
7125.01069117
7128.13615805
7130.58464499
7133.31451923
7134.1194557
7135.27502333
7134.97499909
7134.62652852
7135.21759308
7136.29599231
7136.79464575
7137.8015708
7137.96388094
7137.13966631
7136.38756707
7136.6363153
7135.94504054
7134.93428913
7133.00059045
7130.63196919
7127.1310242
7125.35051235
7122.77199886
7120.13723998
7117.81642382
7113.84503173
7111.20250165
7110.19359023
7109.35777804
7108.15098318
7106.66025013
7105.3139639
7103.39918096
7101.57602158
7098.38953506
7094.88165524
7092.52579547
7090.97706763
7091.25543008
7092.52797002
7093.97074463
7095.08109292
7096.5495369
7099.72236979
7102.28209299
7102.84489546
7103.78051361
7103.40277732
7103.76389787
7103.97016585
7104.84347497
7104.13068478
7104.31549308
7104.15467445
7106.19201241
7108.14926864
7112.99767076
7117.13285056
7119.78209246
7119.04587017
7116.74679943
7113.69020704
7110.89592589
7109.05569773
7107.83343714
7107.02600552
7106.49538211
7105.40972744
7105.77750404
7106.93596409
7110.35118886
7113.02043377
7115.36309294
7117.5442853
7118.63642179
7119.86092662
7120.64117645
7120.70218912
7120.70226578
7119.72345646
7118.02667846
7116.20864179
7115.09899048
7114.09870057
7112.81376852
7112.28237147
7110.69708064
7109.57621509
7107.97639942
7107.70893756
7107.58286284
7106.78677788
7105.90769785
7104.06004697
7102.47744643
7100.88643348
7099.66402652
7098.88080063
7101.09832599
7102.8495303
7105.6450869
7109.17273277
7115.23331034
7120.38449671
7124.70286784
7127.62052644
7129.18759154
7130.26663198
7130.83046596
7130.32525404
7129.02125989
7127.43092299
7125.92919177
7124.73276084
7125.45500891
7125.91392815
7126.76034124
7128.11390383
7129.45200067
7129.90133658
7130.80439932
7131.46024018
7129.87838539
7126.3311547
7122.79455278
7118.9077797
7116.86248932
7114.92328459
7111.33712121
7108.70443233
7106.39030706
7104.05674334
7101.92955213
7100.70920123
7098.82074282
7097.3190325
7095.28165969
7093.51848842
7093.62910437
7094.29089038
7095.47849767
7095.98471323
7096.34800135
7094.99763785
7093.23736597
7091.01423002
7089.67186772
7089.84079907
7090.57568318
7092.2350897
7095.15768981
7096.62375713
7097.83959168
7097.42649815
7096.09797069
7095.16525889
7094.86307405
7096.70149706
7099.95554077
7103.47759695
7109.4293219
7113.89209108
7117.88028709
7120.21304233
7122.22609092
7122.81684185
7123.32705801
7123.851109
7125.36240264
7127.04774338
7129.23018331
7130.21817172
7129.72063343
7127.56238529
7124.4981332
7122.42485254
7119.07898316
7115.81618552
7111.93123849
7109.92329868
7106.58500535
7105.38787746
7105.24796093
7104.37969786
7105.06079688
7105.22307217
7105.24045458
7105.66699961
7105.75541709
7106.90215413
7106.53692146
7107.74704783
7110.61288678
7112.86395726
7116.53455843
7121.06548421
7125.37943656
7130.42664212
7134.75786536
7138.44908985
7139.13561129
7137.61239251
7134.68485786
7128.60347576
7123.03112497
7117.5022511
7113.32293225
7110.99232367
7112.73561739
7115.55361639
7116.75998609
7117.57856921
7116.10904492
7114.66041576
7113.53082417
7113.15409151
7113.60133652
7116.23288934
7118.98057811
7120.05906794
7120.5525429
7119.02744928
7117.44525298
7115.37824505
7113.41394246
7112.81950457
7112.79950853
7110.0918676
7107.71322392
7107.16218629
7108.2801176
7109.59566053
7111.03768939
7110.46095451
7109.49673971
7108.631383
7108.09353203
7108.66687267
7108.38957658
7108.50934373
7111.1142584
7114.58277342
7119.10486859
7122.34192717
7123.58765471
7123.77677725
7122.14871343
7120.49348175
7118.38798719
7114.05679182
7109.80181699
7104.68902664
7101.4520517
7099.35257895
7098.70920687
7100.03858463
7103.26482625
7105.69348443
7107.56989922
7109.23832452
7111.21905466
7112.26684998
7112.92877537
7113.64105678
7115.00393784
7116.15647366
7117.95868216
7120.79017448
7123.81140267
7125.78078616
7127.54187349
7127.66849185
7126.88779596
7126.04815741
7123.06416827
7120.89995407
7119.39717739
7118.40561353
7117.12353906
7116.52124633
7115.77500162
7114.07206241
7113.07568947
7111.5011668
7111.04973301
7110.02917524
7109.46943944
7108.8489837
7110.18748478
7111.81967466
7114.7157551
7118.67255963
7121.64769726
7123.68871522
7124.87625979
7125.03023418
7124.43324538
7122.95405414
7122.00246145
7121.42084779
7120.5821153
7119.31436353
7117.45287782
7115.15005043
7111.2055474
7108.37959598
7106.73893793
7104.82025894
7104.19530774
7104.09794117
7105.66288052
7107.67408214
7110.64760978
7112.16439553
7114.7126745
7118.6800172
7122.11158589
7124.22448226
7124.788602
7123.21988508
7119.30609051
7115.87418031
7114.62118338
7112.9080057
7111.03673454
7107.80646444
7104.6949927
7102.37612108
7100.15092906
7099.27660236
7097.83959168
7097.4067112
7096.68599647
7093.86080474
7092.18729854
7090.92687192
7091.51139891
7093.26660382
7095.480951
7098.24395915
7099.75864006
7100.48410812
7102.39866803
7104.24402588
7103.13788729
7101.4423708
7101.6757439
7101.96079028
7103.07642856
7106.40841432
7109.02039625
7111.5843152
7113.70280824
7114.05149486
7113.53823992
7113.75508788
7112.95593626
7111.66246634
7109.36754954
7106.455857
7103.6244065
7101.17837985
7098.39727142
7096.7517067
7094.71397844
7093.01938892
7092.37953653
7091.48848954
7091.98636238
7093.62545922
7095.28433605
7096.79047212
7097.94601187
7098.56767337
7098.90483213
7098.54677824
7098.66163176
7097.74246208
7097.01238705
7095.00363178
7093.39619127
7092.62779689
7091.79287681
7090.9195189
7091.09827054
7090.6432822
7089.37086075
7089.29136447
7087.34100126
7084.64834517
7080.32082283
7077.15983842
7073.22832689
7070.6269598
7067.82961199
7065.42757803
7064.85945769
7066.93687137
7070.18799478
7073.78008937
7076.31473562
7078.67129236
7079.94823714
7081.08993509
7080.92655162
7081.29034156
7082.37872138
7083.56645413
7084.07127575
7085.09425897
7085.35049962
7085.04666992
7085.26893334
7088.16333408
7090.24419079
7093.84749264
7096.51698148
7100.89229499
7104.57359464
7107.60124888
7110.15596087
7111.6124379
7113.05169283
7113.83473053
7113.89381259
7114.08359725
7113.48329785
7112.12381103
7110.49093115
7109.8416627
7110.83521292
7112.78450976
7114.17505352
7114.62339974
7115.28669817
7116.56260447
7117.81929533
7117.70175151
7117.20239413
7116.13596186
7113.7236964
7110.7379509
7108.03734936
7105.73165742
7103.53508295
7102.64648929
7102.63053567
7101.47637592
7100.59516316
7098.80008465
7097.89374617
7098.32008907
7097.40187423
7096.67120678
7095.08780473
7094.07605665
7093.46918483
7094.19200441
7096.13997701
7098.4460941
7102.17642552
7105.38195322
7109.15185854
7113.15746484
7116.47314153
7117.19166778
7117.50698352
7116.5573075
7116.17565425
7114.71468874
7110.88106651
7106.60581685
7102.00871387
7100.13666908
7099.19670183
7100.28306741
7104.090623
7108.48740315
7112.72415921
7115.68059717
7117.83140865
7116.50974634
7114.01121702
7110.95889007
7108.54300037
7108.16801013
7109.22566756
7110.43682544
7111.11215355
7111.11215355
7110.78098873
7109.95873259
7108.99743112
7107.98211456
7107.29692434
7106.52167178
7104.82622499
7101.94104515
7099.09702133
7096.74438156
7094.5935631
7094.33052003
7094.91479612
7096.5153227
7098.31681332
7099.92916746
7102.37248987
7103.39083128
7104.6460376
7104.52376135
7103.14610455
7102.40508711
7101.79986014
7102.58654996
7104.00677066
7105.26954606
7107.31436947
7110.34141039
7114.31777186
7119.95080775
7124.42874296
7128.05189449
7132.26022816
7135.11298501
7136.99416707
7138.36525842
7139.07974225
7141.30551972
7143.0062356
7144.4372872
7145.814714
7145.32268874
7144.55120678
7144.57613039
7144.39422148
7145.4165147
7145.96591446
7144.00485278
7141.79074257
7139.86689207
7139.46002248
7140.20903415
7142.9375284
7145.90981542
7148.8313422
7151.43427747
7152.63145416
7152.42619679
7151.52634011
7151.84219252
7150.12582969
7147.06459548
7144.61983035
7142.58349602
7139.79035094
7137.15052509
7136.15008882
7135.95566932
7135.76995496
7134.93470034
7134.69693633
7133.41732216
7132.20026792
7130.85083836
7130.4348106
7128.5967988
7127.71275635
7127.97747911
7127.75411449
7127.23216834
7126.83256117
7127.91317675
7129.14115946
7130.73797817
7135.58851999
7139.13691462
7141.55309705
7145.5793406
7151.16098199
7155.13203256
7158.15770742
7158.85234854
7159.7782161
7160.52659353
7161.63396576
7162.83351214
7161.08117177
7159.12839705
7153.52190872
7148.02299755
7143.21382085
7139.93129898
7138.33101634
7138.06791054
7140.06733339
7142.17136431
7145.14436225
7145.14436225
7144.62512034
7142.7438895
7141.37313269
7141.06050027
7141.25603493
7141.61891184
7142.11191286
7143.15584696
7145.07551565
7147.47050326
7151.7330193
7155.35119447
7157.14137328
7157.99619182
7157.08880788
7156.24551721
7156.2015524
7155.20667097
7154.9890424
7154.73825902
7155.10970865
7155.47483677
7157.24543075
7159.48981033
7162.23485061
7165.40012836
7168.9589845
7171.54591039
7172.37013199
7172.37013199
7172.14620979
7171.24550281
7170.88183136
7171.25320432
7172.09426469
7173.11323337
7173.48514997
7173.85065445
7175.60893997
7177.83418077
7179.76245006
7181.63689939
7182.92010993
7182.92010993
7182.01386902
7180.53324201
7176.46232972
7171.487825
7166.86860719
7159.80281214
7154.14969658
7150.38982064
7147.49823565
7146.74110429
7148.70983959
7150.93282919
7153.93132922
7155.61271117
7155.57260061
7154.98194726
7151.5124774
7149.1018289
7147.51606412
7145.86478426
7144.89599038
7144.46372323
7144.49397169
7145.43258681
7147.38795425
7149.46888065
7151.13850474
7153.49764026
7155.70454381
7158.23575401
7159.40277981
7160.92938586
7160.99068428
7160.79917811
7160.39207852
7158.36407297
7156.41467855
7152.39226833
7149.146644
7146.515823
7144.45090597
7142.64057081
7140.10920728
7135.91420663
7132.26536483
7129.7057392
7127.9164316
7126.80339998
7124.86008314
7123.78073604
7124.59392462
7124.72016661
7127.51782109
7131.75192867
7135.02718115
7138.99373628
7141.49759044
7144.4614999
7146.90249443
7147.78485718
7146.5010821
7142.65303959
7137.4270336
7132.68182471
7126.2656187
7121.70901659
7116.88210203
7113.17145301
7110.37464884
7107.68869061
7106.67798102
7106.15738002
7107.02829158
7107.02829158
7106.49492211
7104.00131339
7101.78180167
7100.19666417
7097.63061249
7094.52465378
7093.51465509
7092.81218004
7094.33915548
7096.57073173
7100.84154867
7108.14643197
7115.22415217
7122.80716095
7128.85784854
7133.63966921
7137.95651398
7141.99376267
7144.43118175
7144.05250455
7143.07784219
7141.40082327
7139.67070227
7137.30079161
7136.80134362
7135.50122462
7133.32054104
7130.84322049
7128.43494169
7126.7222937
7126.58701202
7127.32353401
7127.52673532
7126.51070785
7125.5988424
7123.35923009
7119.55416966
7115.66678324
7110.35017826
7105.91898875
7103.2909835
7101.40554296
7100.78748479
7100.0172295
7099.20088365
7099.4924676
7102.51801003
7106.72959854
7109.19935001
7108.3751075
7106.87072083
7104.8542989
7104.20880803
7104.33001791
7106.96940467
7109.81455758
7112.34552384
7113.40762793
7112.70069227
7110.84840655
7106.50857573
7102.63393688
7099.91899869
7098.02442088
7095.1163247
7092.82843335
7092.03109385
7091.71379871
7091.99871267
7093.45436727
7095.19766098
7095.78147707
7094.82701984
7095.20157795
7095.56895728
7096.06465557
7098.44808743
7101.18847893
7104.06483515
7106.07759101
7107.65902761
7110.6207695
7113.21270661
7114.41899267
7115.62923752
7116.7047722
7117.70308272
7116.90407746
7118.40127142
7119.60945324
7121.84960918
7125.83715004
7131.73607263
7136.65438074
7140.74846028
7144.0470891
7146.10781735
7148.33970724
7149.92494232
7150.7157791
7153.42593609
7155.37324657
7157.26570558
7158.69645052
7159.30444445
7158.25680247
7157.30428282
7156.11395037
7154.2037047
7152.08663349
7149.2257012
7145.71614865
7142.67646472
7139.14941127
7136.95216771
7135.57544485
7131.51752406
7129.59209144
7126.56316174
7121.49736105
7117.16534326
7113.63188467
7111.05052756
7108.89485123
7107.01510492
7105.61563299
7104.92073399
7104.45290749
7103.35918191
7102.12240345
7101.90674034
7101.24281464
7101.07023117
7100.22323262
7099.81039001
7100.22185263
7100.18381206
7099.73136069
7098.88875305
7098.05262025
7098.27871699
7098.81659585
7098.05430691
7097.12198542
7096.13798368
7097.53669592
7099.57797175
7102.99850046
7106.24812539
7110.29050377
7113.74419426
7116.25330356
7117.68138608
7118.81594009
7120.43426726
7123.84812597
7129.32338898
7133.3935137
7136.8921308
7140.61766011
7143.45467242
7144.53803407
7144.36706757
7143.53424537
7144.20440895
7144.78991866
7145.74689195
7145.86627577
7145.51504521
7145.755848
7145.9813105
7148.42081352
7152.88052997
7156.08754222
7157.78887839
7159.5109494
7158.29654364
7156.03222379
7149.68332407
7144.2132256
7141.64292939
7138.16860862
7134.87641979
7130.77873692
7128.44283137
7128.06262085
7128.17402437
7129.6338817
7131.92350153
7133.91373833
7134.12233418
7135.61884511
7137.08705909
7138.66916478
7138.93819482
7137.81123776
7136.07259981
7134.96452364
7134.00042036
7134.0113349
7134.67746302
7136.2030724
7137.50404171
7137.9976003
7136.60459624
7134.57302918
7131.19589377
7128.57045337
7126.43684308
7125.8781597
7126.2367154
7126.36167497
7125.46298223
7124.18364685
7122.8331788
7117.5791686
7112.21489791
7105.93915206
7101.09140509
7097.02737188
7095.1832616
7095.54894033
7096.77913243
7099.09697254
7100.95078462
7104.71020753
7108.95537601
7111.50598983
7112.46481705
7114.02882943
7115.00165179
7115.45187982
7114.82124136
7113.33664163
7112.47344553
7112.69922863
7113.55747626
7115.24112336
7116.70702341
7118.44023895
7120.71493668
7122.1693228
7124.04487335
7125.48781524
7126.89017262
7127.82089806
7128.69034598
7128.05123237
7127.4526963
7128.23160795
7126.60244988
7125.97664839
7126.40518675
7127.7478348
7128.12826139
7128.05813237
7127.08765182
7125.03371206
7124.38471543
7124.34210972
7123.59110471
7125.26256183
7126.53586146
7126.35961891
7125.07165505
7122.85489636
7121.11507355
7118.74784622
7117.44911419
7118.86469307
7121.11058507
7123.273712
7126.32490986
7127.66682609
7128.15372166
7129.17949276
7130.45871663
7129.99888436
7129.48954639
7129.75766339
7130.92990949
7132.30994296
7136.47238819
7139.36754166
7142.62552325
7146.16099608
7148.92684089
7149.93329201
7152.07390683
7153.78418512
7154.25735738
7153.65162859
7152.92538689
7152.46856553
7151.51477739
7149.5392327
7145.0239051
7141.00543275
7136.56181629
7134.33931457
7132.39943378
7132.67578896
7134.34233245
7136.74744004
7137.75991297
7139.59222356
7140.72017728
7141.48787469
7142.42179224
7142.49875853
7143.07851128
7144.42506933
7146.66254891
7148.20726222
7148.0787481
7147.24039197
7146.14492398
7144.64165942
7143.40384944
7140.80904083
7139.02097383
7137.77468871
7136.38393586
7133.57284382
7131.76715744
7131.06852269
7132.78951339
7135.81357128
7140.21477021
7144.22982741
7146.34387378
7147.09461394
7146.96321437
7146.63409167
7144.58266796
7142.92174205
7141.33847242
7139.71461828
7138.62637089
7138.44521471
7139.16541368
7140.85691563
7141.7954262
7142.39345348
7140.88492681
7139.61640838
7137.26190771
7136.62365835
7135.15735405
7133.71086459
7132.73934556
7132.51197337
7132.13519192
7131.76634199
7131.27461642
7130.55620866
7130.2191196
7131.36811481
7134.33963518
7137.38125668
7140.62628162
7142.4285389
7142.55705999
7141.05964997
7139.59091326
7138.67824629
7139.89323053
7141.62004092
7143.81241267
7145.3505675
7146.33115409
7147.18630021
7147.22694744
7147.92845371
7148.20726222
7147.61421129
7146.50565422
7146.50109604
7145.63336267
7144.87731858
7146.38557343
7147.37498365
7150.76582148
7154.25676495
7157.71237211
7162.28766692
7165.8247149
7168.91521484
7169.14276825
7165.37654293
7162.02160598
7158.61020757
7155.82415763
7154.08338695
7153.06128888
7153.73269305
7154.8580889
7157.49916232
7159.20473607
7159.7193501
7158.82364039
7157.14352692
7154.95609668
7150.36647915
7145.68775413
7141.63689364
7138.91547363
7137.31259826
7136.6363153
7135.71374441
7134.67728878
7134.73098327
7132.46822462
7131.1444714
7130.95392705
7131.5573419
7132.13483647
7134.10313268
7137.02408098
7139.46968247
7141.086316
7142.18685096
7142.50271035
7141.17556288
7138.69249234
7135.5684891
7134.10060966
7132.74209859
7132.42066346
7133.02025195
7133.23309234
7133.25561838
7133.76317908
7134.87848282
7136.69298585
7139.93951624
7141.7509317
7142.32190265
7141.06677299
7138.01613271
7134.88939038
7132.1735531
7130.70984153
7129.70837375
7130.40817244
7130.04427099
7130.2656144
7130.85083836
7130.85083836
7130.75827391
7130.74654392
7132.02349567
7133.23498113
7134.05458182
7134.93470034
7135.48232282
7137.29514616
7139.08841255
7140.16729965
7141.54162494
7141.68002208
7140.84448867
7140.77266601
7140.44148726
7141.91471942
7142.76210827
7142.87843936
7142.69035531
7141.92670728
7141.96139543
7143.76165939
7145.66591809
7149.35117653
7156.01362168
7161.08740964
7164.67853544
7166.97856799
7168.31430908
7168.11096837
7166.87739597
7165.0116239
7161.36489391
7158.06556812
7155.3547978
7153.25782717
7151.7865953
7149.66060288
7146.18798272
7144.96939515
7145.15697042
7146.6075023
7148.25966732
7150.39103337
7152.82181033
7157.27437588
7160.53995443
7164.1238666
7165.908393
7166.81208998
7167.25732771
7169.96269652
7172.2957654
7175.01248087
7177.65473216
7180.74576877
7185.69775442
7187.98072517
7186.77809819
7182.77052644
7176.44544913
7166.99054889
7159.71984495
7155.05641143
7152.89193238
7151.3881451
7151.46228866
7153.04721707
7154.09736117
7154.65045486
7153.10786732
7152.12851436
7150.10942304
7148.52901796
7148.02662179
7146.90935261
7145.69407564
7144.66548182
7144.46372323
7144.51024591
7144.80404623
7144.80404623
7144.93559912
7146.94339954
7149.41706101
7152.1107068
7156.0543874
7158.35659449
7161.44983352
7164.32073944
7167.44118813
7170.70848123
7173.40653884
7175.43778529
7176.9175829
7177.38812061
7177.11139604
7177.51138655
7176.11367098
7176.11367098
7176.08554828
7175.97590808
7177.28459981
7179.23061392
7182.3887547
7184.95087547
7184.2393677
7181.8875852
7179.84927148
7176.59404292
7172.6052057
7169.74517947
7167.71511786
7166.39737948
7164.45235506
7160.23369928
7156.05324437
7150.97713551
7145.88594423
7142.2348791
7139.47550216
7138.68561325
7139.22561786
7140.63698706
7141.73836535
7142.15336857
7141.28474308
7140.68292429
7140.08192095
7138.5006098
7137.44389328
7138.24162309
7139.03986866
7139.85719723
7142.55117757
7144.25966465
7146.54090691
7148.56188701
7149.76210945
7148.97140509
7148.5636155
7146.12402885
7142.50143489
7139.73173584
7136.3274047
7133.50690358
7131.79989408
7131.08986388
7131.94328151
7133.71057883
7136.59916685
7139.27793933
7142.72012982
7148.41094444
7152.6592911
7155.33871872
7156.26604295
7155.64077812
7154.26516343
7153.25027202
7152.77068765
7153.21237782
7152.72419285
7152.29113116
7152.26277846
7151.38293177
7149.62121717
7147.4040612
7146.09513251
7144.8673798
7144.1663405
7144.62146126
7144.8232059
7143.99364552
7142.15042736
7140.06708945
7140.51402082
7140.76735511
7140.2839165
7140.00935254
7139.02914927
7139.25045087
7138.41527989
7136.97285375
7135.47984161
7133.89610501
7132.13195799
7131.30149155
7130.61583435
7129.82410545
7127.83372229
7127.42317967
7127.04258581
7126.47944182
7125.98732595
7125.29929906
7123.65459859
7120.85796866
7117.57462436
7114.41260147
7110.92608374
7106.78940545
7103.66900554
7101.39152691
7102.13039072
7103.11143034
7105.86340547
7108.47387498
7110.06144491
7112.10911195
7114.54882406
7117.41187513
7119.63982715
7122.14942433
7125.89889452
7129.46444157
7132.7258383
7137.00846887
7140.34582129
7143.24650869
7143.78307725
7143.15626515
7139.62011626
7136.08209949
7131.67528996
7127.86263953
7123.32739952
7120.21539809
7117.82148381
7116.62128229
7114.28672886
7111.819598
7109.64349351
7108.09009597
7107.83293532
7109.4883273
7111.71075235
7113.77334847
7116.29105838
7118.25892247
7118.54390612
7120.22991595
7121.56044371
7122.81999912
7123.48655239
7124.13044023
7124.88296463
7125.72706379
7126.68626737
7127.849655
7128.80890737
7128.74175441
7128.46858438
7127.97963972
7127.24949499
7127.479669
7128.79413163
7130.86113259
7132.78436976
7134.86539374
7135.88788211
7136.59622565
7136.44931852
7137.29252556
7137.9976003
7139.02837564
7140.47742995
7141.99970085
7143.19822268
7142.96020777
7140.53175868
7138.275217
7134.96624515
7132.80569701
7131.53148435
7132.20177337
7133.53707537
7134.13503296
7136.47505759
7139.68135195
7144.4093248
7149.95839683
7153.81844115
7156.80809665
7159.59978507
7163.12761214
7167.0973106
7169.29864537
7168.14100077
7167.01595341
7165.47126798
7163.33203315
7160.84287807
7158.6228018
7156.96584861
7155.04998537
7153.45712545
7150.0710549
7147.45756054
7145.86902183
7143.73095094
7140.92050011
7139.22080878
7138.24165097
7137.77328083
7141.28682702
7144.18976563
7147.29237889
7149.59463477
7151.02168577
7151.95080817
7152.2494803
7152.84811394
7152.48805278
7152.16572553
7148.77456013
7146.23686116
7145.1377968
7143.91665833
7142.33103294
7141.14410867
7138.72889503
7136.31536805
7134.70751632
7132.78797309
7132.21212336
7132.34595535
7133.18560087
7134.64625275
7136.09774645
7136.35804346
7138.49992677
7139.8836263
7141.74262383
7143.50477056
7147.44115389
7150.6870361
7154.68103786
7158.21227312
7161.31206366
7162.60193025
7163.18143209
7162.98792562
7161.96905452
7161.35927634
7160.57618985
7159.7782161
7159.57251267
7158.07512356
7156.83098511
7155.97282112
7154.59391674
7153.61540711
7153.08921643
7151.98080572
7150.50930204
7148.3522248
7147.12321057
7145.48206464
7142.23418213
7140.78903085
7139.01856928
7139.02837564
7140.4290603
7143.51228388
7146.48877363
7147.86693922
7148.01780513
7148.20726222
7148.20726222
7148.30886636
7148.04622056
7147.33106764
7147.54434712
7147.68809698
7146.75413064
7145.68344686
7143.846829
7142.35389352
7140.96838188
7140.05460673
7138.69150264
7137.9976003
7138.59675668
7139.42131979
7140.2491726
7141.26039795
7142.23713728
7142.81508488
7142.36261958
7140.83092565
7139.78936821
7140.03953129
7139.90236082
7140.31769859
7141.23528616
7142.58075693
7143.53269113
7145.50521795
7149.71592828
7153.08619855
7154.53661195
7155.55072275
7156.77088547
7159.21743484
7160.84638382
7162.2156073
7162.23568698
7160.56249441
7157.39750242
7152.28162451
7148.17739013
7144.70966268
7141.33954575
7138.4101711
7134.52315408
7132.21212336
7132.54075122
7134.7835417
7138.31123635
7143.83250629
7148.2856085
7151.95710877
7156.56016386
7159.89020508
7162.28873329
7163.06379069
7162.50079307
7162.27383906
7161.68885904
7162.41588831
7164.30854945
7166.26745052
7166.52095208
7166.24433206
7165.52395884
7163.35983525
7162.12569133
7159.91604869
7158.50268616
7157.40072939
7155.37844595
7152.25010757
7150.56738046
7147.37913759
7146.74297217
7146.88507718
7147.96379004
7148.48648194
7147.58822829
7147.39973999
7146.16533123
7145.46853647
7144.44976294
7142.42351376
7139.71502253
7136.33157258
7132.38035077
7130.20895779
7129.79602457
7129.48954639
7129.18483851
7128.2179613
7127.06404548
7126.03276833
7125.00561724
7124.72503843
7124.96025152
7126.51293118
7128.12806624
7127.78793839
7127.46141539
7126.20804906
7125.08789443
7124.94445821
7126.3094929
7129.31326202
7134.05809455
7140.14464119
7148.35163238
7153.7624606
7156.03467015
7155.76245496
7153.96439343
7150.98768065
7147.0887803
7143.89989622
7142.10062196
7140.73580332
7138.99352022
7135.3762302
7132.56349331
7128.52883038
7125.19329705
7122.28281723
7120.26536379
7119.26618207
7118.99616931
7119.27988448
7119.39554648
7120.03068039
7121.87594764
7123.75209758
7126.74301459
7128.43174957
7130.47983479
7132.86953937
7134.56598283
7134.25405435
7133.95908313
7132.9876338
7134.83501286
7138.20413313
7144.94793548
7152.70360439
7159.80569062
7165.22485459
7167.57307558
7167.81987927
7166.61197624
7164.81726015
7162.2751633
7159.16874459
7157.02839461
7156.84913418
7157.68893304
7159.02786624
7160.68732155
7161.49073863
7161.65651968
7160.71121365
7160.00130891
7159.23336755
7158.36333418
7156.85021448
7154.96639091
7153.22818507
7151.77504653
7151.22557708
7151.66316209
7152.75493615
7154.57624161
7154.57665282
7154.30416582
7153.31209317
7153.25804323
7153.05938615
7153.54035052
7153.99273916
7153.68598916
7153.43446002
7154.64238396
7156.32989925
7157.86521044
7159.25907874
7160.74661968
7160.18475115
7160.07021823
7158.73214927
7156.2314454
7153.60070804
7151.35479513
7147.33012673
7143.77615634
7140.65559613
7137.94454006
7136.75922579
7138.12229503
7139.6992083
7139.57016449
7138.61937332
7137.81643018
7139.89850659
7141.79056136
7145.80515159
7151.61610275
7156.5023921
7160.83958837
7163.19272299
7164.65993334
7166.24277085
7167.1117518
7166.8423454
7165.70016654
7163.54325658
7162.45352464
7162.11624043
7162.60841903
7163.92876407
7164.00733339
7164.13231387
7166.21867663
7167.69389515
7170.65620856
7172.89884571
7175.09926048
7176.86187417
7176.39937948
7174.71882692
7171.64009878
7169.47690216
7166.31233532
7161.9800736
7158.90720697
7156.04589135
7152.82342033
7151.36589785
7151.64144454
7152.70016136
7154.9482976
7157.17026962
7160.12628242
7162.16042826
7165.02690146
7167.47472628
7169.51436424
7171.88228157
7173.82765447
7175.38926928
7175.7182944
7175.15987587
7175.23720458
7174.87480161
7174.23808558
7173.03904799
7172.65522716
7172.19308793
7171.45973018
7171.14508352
7170.11790455
7168.33126633
7166.32277592
7167.01198765
7168.85363763
7172.70296257
7175.96900809
7178.29057001
7179.32705352
7181.02842455
7183.46779514
7185.6304551
7184.96894091
7182.37219472
7178.245504
7173.72847579
7169.37862953
7166.45694942
7165.09128048
7163.52176205
7163.52176205
7163.81892176
7164.45733839
7167.60432767
7169.75423309
7173.04075556
7179.2883578
7184.72331509
7187.51215291
7188.63266997
7189.50158123
7190.13645029
7190.28483499
7189.81263849
7190.56536501
7191.08781297
7191.60823972
7192.59786601
7192.78946279
7192.99402319
7193.90914348
7195.01237571
7198.24868157
7200.65663977
7201.58144793
7200.93967888
7199.35811682
7198.2346028
7197.46250054
7196.22830783
7193.91227984
7192.91442933
7192.31879962
7192.25781483
7192.47861461
7192.6520902
7191.6133276
7190.16042602
7187.148126
7183.53098235
7181.55772371
7179.49775517
7177.68422789
7175.42804863
7173.79355178
7173.3151662
7175.97149627
7180.02408525
7184.01649792
7189.457254
7193.80118299
7197.97435457
7201.7530417
7204.66943878
7208.26788973
7210.89999316
7212.35575231
7211.05548694
7208.87494973
7206.12094642
7200.67329733
7195.04673629
7188.68103962
7184.21825651
7181.37532693
7179.640822
7178.52673796
7178.83624795
7178.83624795
7178.96030146
7178.17005013
7176.77878849
7176.16352517
7174.48000352
7174.19823289
7175.09270897
7176.6444059
7178.85947096
7181.70442872
7184.3490288
7187.84551318
7191.07484935
7192.69446591
7191.55743068
7190.24545624
7188.05000389
7185.31431693
7183.92462347
7183.8947235
7185.48504645
7185.9830099
7185.29252271
7181.94956666
7178.89933759
7176.72690612
7174.4492881
7171.71171235
7168.86698459
7166.26021598
7162.75552827
7160.13026908
7157.48649142
7156.76667578
7156.44469004
7158.15294712
7160.48629479
7161.59744458
7162.37419563
7163.18401088
7164.20240107
7164.03789548
7163.30202167
7163.23754507
7163.4105955
7162.77431159
7162.01703386
7161.58133066
7161.31877547
7157.99634515
7154.54438315
7151.92942516
7149.69415497
7147.97105942
7146.69330615
7145.48094949
7144.94766366
7145.99068474
7146.83665874
7148.32188574
7152.28341572
7155.93452267
7158.43851623
7159.98232347
7161.3393709
7166.32644895
7171.22257253
7175.17968373
7177.6932397
7178.58378487
7175.66456506
7173.00912014
7167.50769989
7162.00663508
7157.88639133
7153.74279214
7149.57031055
7145.84915821
7142.0802844
7137.51771624
7135.23677367
7134.15771233
7133.65456344
7134.87297676
7134.50074653
7134.37304787
7134.45476748
7134.27391797
7135.95566932
7135.95566932
7136.28951747
7136.9766383
7136.37081193
7135.57943848
7135.49584402
7136.91397381
7138.71764595
7141.1093578
7143.52729659
7145.17805373
7146.94012379
7147.06690245
7146.00626896
7144.78945169
7143.58263593
7142.08349743
7140.61361769
7139.56553662
7139.20712031
7138.98184599
7138.23268098
7136.11873218
7134.5537789
7134.35234789
7135.0009333
7136.33396318
7138.84967279
7142.0190975
7144.62489731
7145.81320855
7145.09351836
7144.54860709
7143.33436163
7142.55581938
7142.9141869
7143.17748088
7144.00762672
7144.70005845
7144.33634518
7142.95111929
7141.14873655
7137.21121715
7134.70380148
7132.391335
7131.41352234
7132.21900245
7132.96511473
7135.53217701
7136.52125966
7137.64875338
7140.50692567
7142.76210827
7142.76210827
7142.34421959
7140.76206512
7138.3774275
7136.56490386
7135.61534632
7135.51961763
7135.27502333
7134.99301573
7134.58652947
7134.6202558
7136.98145435
7139.01540504
7141.73447627
7143.67830887
7145.03907114
7146.84597721
7146.7409858
7146.24931599
7144.3530794
7142.32289234
7140.93037616
7139.70606648
7136.90770806
7133.23847294
7130.82437445
7129.77683004
7129.48954639
7129.83017605
7130.91601193
7131.68448995
7132.03149688
7133.15639787
7132.89276935
7133.27845805
7135.09402745
7136.661908
7136.9766383
7137.07344032
7136.70914159
7133.91453984
7131.47249289
7128.89732486
7125.13369226
7122.67951108
7121.05070846
7120.94784281
7121.11784052
7119.23337574
7117.49468202
7115.65447477
7113.87932957
7113.54742597
7114.44073113
7115.73098803
7116.82690208
7118.34484481
7118.91793454
7117.65878337
7113.72295761
7110.53638746
7107.64230036
7104.47062444
7102.60410661
7102.99428379
7105.05136689
7107.46447569
7110.80510386
7113.68663159
7116.3466765
7119.04207865
7121.71609083
7123.73573275
7124.72503843
7124.61434581
7123.423867
7121.31716668
7119.68676104
7116.87292294
7115.15353527
7114.54096225
7113.06625948
7111.61372729
7108.69140597
7105.92191602
7104.71463328
7103.23096053
7101.77200229
7100.18807751
7099.17478216
7098.29535364
7096.80156786
7094.98888392
7092.86823725
7091.43662111
7090.64938765
7090.59077256
7091.58872762
7092.83607213
7096.18191364
7099.06702378
7101.65499513
7103.5821423
7104.42914781
7103.06989796
7100.84586988
7098.74219441
7094.50666501
7093.29139501
7092.11996436
7092.33278385
7093.2971241
7094.77669868
7095.10132593
7096.32086138
7097.90583161
7098.76908347
7097.49220839
7094.94118336
7090.44317544
7084.61250702
7080.37640611
7077.52208108
7073.8819026
7070.00250345
7065.08075231
7060.27487227
7057.54577167
7056.33726227
7054.97307091
7054.27836705
7054.72760539
7055.4882216
7057.69243485
7059.94584714
7063.47421786
7068.58695244
7072.4460001
7075.27277394
7076.39930584
7076.75057125
7077.42026785
7077.88654708
7078.25670732
7076.67242708
7074.83198286
7072.75505706
7069.64332048
7067.38879304
7065.70741108
7064.66411121
7063.46705999
7062.16678068
7060.35195704
7059.02604322
7056.2381254
7052.90452964
7052.09792742
7051.89694944
7052.33060355
7053.57499988
7056.40874341
7059.34347078
7062.02714294
7062.75295252
7062.2308391
7061.01890062
7059.56225632
7056.96356558
7054.48834291
7052.11553982
7050.90725346
7048.34603177
7045.26238304
7043.05445495
7044.21316591
7045.17275283
7045.65108265
7046.24336691
7047.50780807
7048.79845526
7048.34737692
7047.70990817
7047.09380848
7047.46905659
7048.9133506
7050.62523889
7053.13774941
7055.80758674
7059.8360815
7062.46137554
7064.10337874
7066.18524606
7067.43314814
7068.02455422
7067.77716507
7067.06657033
7065.70188412
7065.16867495
7065.29532816
7064.0494194
7061.93431364
7058.94502057
7055.77443889
7051.38103904
7046.37126072
7042.33476476
7040.22420323
7039.13525886
7037.26661528
7035.64441993
7033.4396282
7032.60953812
7033.74274001
7035.16288405
7037.0907003
7038.67525932
7039.75862794
7041.21884769
7040.18963357
7038.48289588
7036.75859457
7035.56064426
7035.66400476
7037.01361553
7040.43155151
7044.45598991
7048.8088401
7050.87514409
7050.95087675
7051.00607669
7050.15097239
7046.7202331
7042.7316886
7038.04052966
7034.3118152
7029.92683474
7026.17937182
7023.92077408
7021.00242548
7018.78432164
7015.36736142
7012.28850086
7009.98634256
7008.67520448
7008.59839849
7008.96827994
7010.24812412
7010.03652433
7009.98466983
7009.55394299
7010.57089046
7011.66624694
7014.17812322
7016.18316363
7017.06009003
7018.731352
7021.04675271
7023.30765045
7025.09802442
7025.82398733
7023.86215899
7021.22308587
7017.71998028
7013.74628122
7011.1681232
7012.48609157
7013.24955142
7014.70593784
7015.28393423
7015.53156732
7016.8988114
7017.5396047
7018.65991267
7018.88489427
7021.04501029
7023.82284993
7025.09007897
7024.70521269
7022.39664227
7019.28753326
7017.21293533
7017.86808619
7019.82120242
7022.00877902
7023.88292866
7024.68507028
7025.18340312
7026.21247785
7027.1781284
7028.89894486
7032.90623782
7036.78438243
7041.61904729
7047.18476294
7051.37632753
7055.95443114
7059.60597021
7061.83599919
7062.10577498
7061.98110814
7060.89954468
7059.65514137
7058.36222903
7058.36222903
7058.59736546
7059.73529281
7060.74917361
7062.44609798
7062.19889004
7061.42512203
7061.0281703
7059.80144911
7059.00879323
7058.63028331
7058.87222216
7061.44749473
7066.71266341
7070.77144147
7073.82708599
7076.1523767
7076.518153
7078.69329567
7081.5400307
7085.06216354
7088.89626668
7092.27112997
7094.0829427
7094.0553497
7092.51452549
7090.32126162
7088.47305316
7086.65395013
7084.85603496
7083.86355808
7083.67351554
7083.84550658
7082.26340089
7079.47369883
7077.07224335
7076.58262263
7075.63225661
7075.49161524
7075.44866801
7074.273411
7073.0164065
7070.15256088
7068.04349783
7066.48384849
7065.84932094
7065.9024927
7067.06288336
7070.61851253
7075.11725925
7078.07651992
7079.51017819
7080.54563018
7078.76607317
7077.41464331
7077.01299402
7077.11159422
7076.82694511
7077.65941186
7078.65712298
7078.86055429
7077.24661106
7075.47299919
7072.36813472
7068.93248876
7065.53575459
7060.06229673
7054.81004986
7051.42406294
7048.25735641
7044.83068044
7039.86393995
7035.20853552
7030.56832501
7025.81436915
7020.95600735
7017.95743762
7014.54159255
7011.87045886
7009.09038891
7004.48558442
6999.97613227
6992.83246486
6987.32592886
6982.62055174
6977.97399184
6975.52644581
6975.20326825
6976.04924922
6979.23481573
6983.57881442
6989.71283859
6995.50840764
7003.83154871
7010.57416621
7015.93580934
7021.26720401
7026.37870495
7033.15972545
7037.90183283
7042.86320665
7048.68173386
7052.08985652
7055.41219622
7057.02130946
7057.6273728
7057.42912693
7058.48270012
7061.15145018
7066.32197047
7071.20216831
7076.16240608
7079.74347462
7082.62307174
7085.07487626
7086.72302673
7087.97025276
7087.27973769
7084.35738849
7077.75161388
7071.47331016
7066.9287238
7063.17999937
7061.0777945
7060.13018848
7059.723521
7059.76735338
7059.74499462
7058.05549297
7055.35578355
7050.72261243
7047.2935598
7044.94791063
7042.45227373
7040.14119422
7034.17980927
7027.83056108
7021.43064324
7016.5526966
7013.4072058
7010.57981166
7010.5316511
7010.89574771
7012.56080665
7014.9879315
7018.41527655
7025.41500592
7031.66904815
7038.11531443
7044.61462005
7051.78793651
7060.06985884
7065.21951884
7065.89319514
7064.12073327
7062.65630383
7059.82580817
7056.99587009
7055.44957467
7054.60903703
7056.08077768
7058.06133357
7061.83582495
7064.62683731
7066.35886103
7068.43642805
7069.03838623
7069.10694707
7068.97434175
7069.93318291
7070.30933011
7072.01072902
7074.17638594
7075.39942018
7076.73962187
7076.73962187
7077.1879193
7079.03885987
7081.54772524
7082.9031557
7083.05556888
7082.62934446
7082.09971075
7080.08959639
7079.00301475
7077.22699835
7076.11184098
7074.89517007
7073.0290983
7071.66846148
7073.04891313
7073.50992328
7074.24412436
7074.96809394
7076.29684443
7077.42026785
7077.42026785
7077.10249878
7075.23830882
7072.00486751
7070.21941414
7069.45890248
7068.71647716
7067.61907856
7065.81703733
7064.79057624
7063.58322381
7062.71404771
7063.69827945
7065.10617077
7069.46631126
7073.482163
7077.70090939
7082.01441568
7085.87619546
7089.1665652
7090.78661388
7092.06477139
7094.01790156
7096.08006556
7098.89011214
7101.27717521
7102.10195438
7102.39240924
7100.666944
7099.25096087
7097.82715078
7095.45733769
7095.29132665
7095.5507176
7097.82299684
7098.86056065
7098.89592486
7099.49421699
7100.56216865
7101.57450915
7104.88990705
7107.02829158
7106.65095953
7105.27037546
7105.88740211
7106.08838706
7106.71494825
7108.10090596
7108.21780857
7107.70893756
7107.84361985
7108.65997267
7109.44998703
7109.82731908
7110.51264173
7112.3524308
7115.75337467
7118.36345388
7119.8190597
7120.44652695
7119.83847028
7117.91354645
7115.5131643
7114.63454427
7112.9620208
7110.53128565
7107.50088535
7102.73646102
7099.1140204
7098.75885197
7100.40371972
7102.91657175
7106.80098211
7110.67552338
7113.9892625
7117.63773491
7120.0893373
7123.40294399
7124.3355373
7123.12812911
7121.72779991
7121.09891084
7120.62980192
7119.62219383
7120.06407915
7118.18646557
7116.34655802
7114.79847835
7111.91193942
7108.79222254
7105.98332596
7103.6207962
7100.86403289
7098.76493651
7096.69227616
7094.33966427
7091.82855466
7089.87398176
7086.88783899
7083.86813716
7082.5073261
7080.31213163
7079.35216137
7077.76896144
7076.28216626
7075.79659493
7076.47540092
7077.68538789
7080.18754145
7082.73982102
7085.22199944
7084.77547232
7084.03255215
7083.30232379
7082.01301477
7080.83473292
7081.16381381
7081.16381381
7080.93377222
7079.80091184
7077.08582031
7075.03801387
7074.79974108
7073.04742859
7070.69314397
7068.33372967
7065.94072842
7066.93989621
7067.91036979
7070.46234966
7073.41518428
7075.47764101
7077.71547604
7079.58023751
7081.76366018
7085.90057543
7089.34208987
7092.33992778
7094.17885261
7094.54681042
7093.71506156
7089.48632063
7085.88073272
7082.08536016
7079.9688047
7078.78155982
7078.34373087
7077.71698846
7077.26903952
7078.00610515
7077.64053793
7077.27967527
7077.08714455
7077.47229659
7077.93300704
7078.55438975
7079.18635942
7079.80252183
7079.72234252
7079.66085591
7082.03324081
7084.23740528
7086.22419905
7086.60896775
7086.60896775
7086.41293825
7086.05096043
7086.55408842
7086.94929075
7087.00575918
7086.84121176
7085.35611022
7084.49570199
7083.11232307
7082.18477581
7081.86157735
7080.82349081
7080.42921545
7079.35254471
7078.84671946
7079.24845239
7078.44123683
7078.56651701
7077.91211888
7076.75873276
7077.07995183
7076.80023726
7076.17779516
7076.25972386
7076.05898285
7076.1589979
7077.07836971
7078.66065661
7080.47231601
7082.11256286
7082.8654218
7082.94092445
7083.83364417
7086.1438664
7090.4263506
7094.19691108
7095.26040213
7094.24259739
7093.51224358
7090.66111764
7087.23357743
7085.31264723
7084.06363697
7085.14261468
7087.63421612
7091.67743087
7094.27081767
7095.53714761
7096.12191157
7097.60352131
7101.10305841
7104.12225842
7105.94841478
7106.9276841
7106.43844671
7104.85137163
7103.2305075
7102.08294804
7100.96471007
7100.45864087
7101.45953018
7102.27112967
7103.04335738
7103.79364451
7104.08237786
7104.02634155
7104.49407744
7104.07866998
7102.1131268
7100.74669119
7098.47663528
7098.42824472
7099.27675569
7100.74795271
7103.23546295
7104.08727058
7103.31071469
7101.89995883
7100.85394775
7098.6824781
7097.14056662
7094.98012302
7094.93127943
7095.33998205
7097.38246365
7100.39667336
7104.52068075
7111.52740071
7117.66363428
7122.3052666
7125.43560529
7127.60938191
7129.19432426
7130.11026001
7128.59353001
7125.80467826
7124.46849111
7123.78399088
7124.42718175
7126.76696941
7126.59552201
7126.31200199
7126.63223834
7127.03776278
7127.78793839
7128.0190324
7128.17336922
7126.50877028
7125.04961689
7123.56483595
7121.7993159
7120.48866569
7119.15673702
7117.36449518
7115.16670101
7114.39987481
7114.10704329
7114.97257424
7115.6101336
7116.21845511
7117.62531492
7118.24841218
7120.16171753
7122.79811429
7125.70557623
7128.1073105
7130.85083836
7131.36672088
7132.17181068
7132.40909377
7133.66535252
7135.06275445
7135.0412669
7133.93587406
7132.05140231
7128.40270687
7125.44075589
7120.86248502
7116.20536604
7111.86221068
7106.79502302
7103.45399061
7101.94721333
7100.36451521
7098.67904205
7097.09342363
7096.16882456
7096.89836989
7099.12247463
7101.55900856
7105.88385454
7109.53606271
7111.43155354
7109.56550965
7109.07022257
7108.65234783
7108.06863629
7109.99915679
7111.53695616
7111.90464216
7111.99919994
7111.79279954
7111.98440329
7113.41867488
7113.57367382
7115.41324683
7117.92955583
7119.38406043
7120.64117645
7120.93365949
7121.78442167
7122.57238694
7123.40196823
7124.44102356
7124.81468258
7125.29732664
7125.33407782
7124.41517995
7123.86231626
7122.43926586
7121.00637427
7120.01573738
7122.29540449
7124.55399526
7126.59252504
7129.28616386
7132.57809482
7136.68211314
7139.01856928
7139.14403067
7139.60454597
7139.35889228
7139.92131141
7140.74282877
7141.68873419
7141.48742863
7142.19534702
7144.32028701
7148.61770029
7151.94093212
7154.48912048
7155.33386782
7155.77515374
7154.75940506
7154.05139607
7154.94882032
7156.53204813
7158.85127521
7163.81908903
7168.02776421
7170.06079491
7172.48870036
7173.84911415
7175.04271538
7176.46085214
7177.42647482
7176.8003109
7174.77309292
7170.17670782
7161.39158782
7154.90818703
7150.44683967
7146.79721726
7143.73952365
7139.63726867
7137.21752472
7136.41394037
7138.82195433
7141.25691311
7146.85176206
7151.74930746
7156.13784247
7158.86186217
7161.15770593
7164.00278915
7166.46007881
7167.72252664
7166.00239321
7164.78815473
7164.91370672
7167.03485521
7167.77088235
7169.16378187
7168.423092
7167.94594702
7169.10867253
7170.75079422
7172.15428069
7172.52186911
7171.91009063
7171.68948601
7171.68245359
7171.24507069
7170.49579417
7169.53436725
7168.08580082
7165.42701045
7162.72824891
7158.89199911
7156.30862775
7154.93292943
7156.39485676
7157.97248791
7160.94222403
7163.73803153
7167.02053249
7171.12638384
7174.22399984
7177.4916693
7179.72965069
7181.57264582
7182.23947091
7182.2229179
7180.53786292
7180.11659394
7178.50113829
7177.68144698
7176.25838962
7174.71401783
7174.26039556
7173.83644325
7174.20014956
7174.85477769
7175.24658578
7172.51583336
7169.44655613
7165.91555784
7161.23587101
7157.95058217
7154.44044417
7150.43395272
7145.78570615
7141.44698352
7139.01781656
7138.38506628
7138.92604665
7140.14082877
7142.12285527
7146.0513071
7149.10515344
7150.92983919
7151.24111949
7151.6959963
7150.09612487
7148.35117935
7145.30238603
7141.7476211
7136.87671385
7131.12763263
7126.67087133
7123.7650612
7122.2533912
7121.42320355
7119.61452717
7116.73985065
7114.33201791
7112.82753366
7112.01214265
7112.87010452
7116.20807725
7120.07690338
7124.85182406
7129.64467775
7135.94476175
7144.48256927
7151.62538637
7156.76326063
7158.89857153
7159.99709921
7157.22464017
7153.49161148
7148.05500934
7142.35645837
7136.71820219
7132.06470048
7129.365235
7128.76315136
7129.28468629
7132.85895938
7136.2573175
7140.6001174
7143.61978438
7145.21803187
7145.79488523
7146.25131629
7145.67840778
7145.43595317
7144.80404623
7144.61043521
7143.39231461
7141.08589782
7139.6992083
7139.86843237
7140.45050603
7139.6992083
7139.1484634
7138.3379233
7138.3379233
7138.58583517
7139.46942459
7139.56622662
7140.11607243
7140.9119483
7139.92432929
7140.82470172
7140.16375208
7137.49900959
7135.84910276
7134.46027354
7134.40494814
7136.10752492
7138.98204114
7141.81894194
7143.56017262
7144.30687036
7144.332707
7142.33099112
7140.70488578
7139.40883011
7139.35945682
7138.00068788
7136.50966907
7135.42779197
7135.61534632
7135.92679389
7137.29706979
7139.16770671
7142.55068272
7144.52592075
7145.56747819
7147.48937718
7148.33259815
7148.2572558
7147.69940878
7144.64167336
7141.37654784
7136.8704481
7131.03150667
7127.39608151
7125.74600741
7125.92369268
7126.42665339
7127.11261028
7129.98835316
7132.49170551
7134.08915149
7133.79443814
7133.45568333
7129.93831079
7126.76564517
7122.98257411
7118.12166139
7113.86139656
7110.3716449
7109.55537572
7111.45715321
7114.11270964
7118.48304679
7125.98915201
7133.5265372
7139.26661358
7144.57541948
7148.72741018
7152.90265176
7155.68457565
7155.40861077
7155.51694066
7154.66707061
7153.30667772
7150.27518318
7147.44392783
7144.38974694
7142.88061391
7143.22248417
7146.28723808
7148.86101914
7151.65454059
7152.97177018
7152.45325312
7149.52718211
7146.62834864
7143.75646
7140.04689826
7135.89685907
7130.85414199
7127.99168334
7125.69964503
7123.65853646
7122.56128423
7122.34278444
7122.35699564
7122.79918762
7123.36375342
7123.24589597
7122.88425966
7122.68310744
7122.42548679
7120.46267572
7118.02856027
7115.40133563
7112.17186007
7109.39158103
7106.86549356
7105.79832947
7104.77873352
7106.80330998
7109.22300514
7110.81293779
7112.87407028
7114.64483851
7116.04576014
7117.45259206
7115.86124456
7113.90444137
7111.21119285
7105.56379941
7100.6328204
7096.76323457
7093.45468788
7087.36354124
7079.43889917
7073.07252644
7067.07687153
7060.64026524
7055.64507448
7047.24790833
7040.50661507
7034.6715906
7028.49993011
7022.59032995
7017.41679876
7013.76551757
7011.96482846
7008.8409437
7006.51933997
7004.38862907
7004.18658472
7005.20367855
7007.4651966
7009.89908204
7012.00469509
7012.11467679
7011.69774994
7011.63216516
7012.95605777
7014.38219574
7014.95106184
7015.07059202
7014.31194126
7013.46637847
7013.40190884
7015.05323749
7015.88297909
7016.8561569
7018.00085879
7017.77615598
7018.20423434
7018.12694048
7016.78025698
7014.15191718
7010.99353246
7006.80614271
7002.80533156
7001.27374915
7000.35966734
7001.21372618
7003.15374636
7004.96488303
7005.9743799
7008.31006242
7010.87602349
7013.97119312
7016.19898483
7017.35462913
7018.38663113
7018.88489427
7018.3266221
7017.47520477
7014.99511028
7011.79658014
7009.10732526
7005.24262518
7002.17625431
6999.33303897
6997.77210023
6995.05642325
6992.33399264
6990.29542801
6988.11043716
6987.15029267
6987.12024633
6988.52339129
6992.42097437
6995.95503235
7000.23176656
7003.10648489
7005.05688991
7008.89468001
7012.34133111
7014.93196489
7018.62506422
7021.99323661
7024.71503995
7026.24112327
7027.81299746
7028.18260012
7029.07611438
7032.38852925
