7030.29177149
7021.94570014
7014.43201189
7005.51777838
6995.24850471
6985.45826481
6978.81099266
6972.56215679
6966.78502954
6961.72975308
6958.11840821
6957.22468486
6958.60625863
6959.94371426
6960.63705205
6964.15788853
6970.78006979
6978.08755278
6983.70061353
6990.87887151
6997.51976638
7002.47469324
7004.70385798
7002.80704988
6996.15981259
6989.51575348
6984.2710269
6979.17137443
6976.11415476
6976.15217441
6979.21464226
6982.97502002
6987.04070504
6993.59556606
7000.12185135
7003.76476195
7004.59246143
7004.38869557
7004.70302859
7007.51738244
7011.00449956
7014.11746978
7018.26879139
7021.95483043
7025.16401025
7027.18085733
7026.24303675
7020.76486041
7014.43910704
7010.80028765
7005.82825716
7002.84780863
7000.8962327
6998.83283507
6995.68390125
6993.41546927
6991.32261773
6991.69649281
6996.41735657
7001.49384877
7005.24069836
7008.11339548
7010.94742477
7014.50270546
7017.65681776
7019.00926519
7017.71031013
7016.99450206
7017.74124858
7020.00452299
7023.31823422
7025.46170662
7024.97371681
7023.18521071
7020.80393249
7017.92903991
7014.49670455
7012.16912082
7011.47328788
7007.89994176
7003.1502862
6997.10845709
6989.72009782
6983.51628614
6980.01062268
6976.83146131
6977.72209709
6979.47020685
6981.27992171
6981.92744076
6980.93851145
6979.03779335
6976.54694463
6972.07731728
6967.09670711
6962.20505806
6959.68548724
6958.44521697
6958.2421202
6956.65841148
6954.81171545
6953.57296457
6953.76876407
6954.29499657
6955.27191711
6957.83496485
6961.91509108
6966.72165415
6970.90971299
6975.18278811
6980.74993951
6986.65957451
6990.56417606
6996.20206982
7002.20699442
7007.74014071
7014.85033966
7019.62130852
7021.16825213
7020.28471846
7018.13223425
7014.07730346
7006.37233207
6998.97597856
6991.51337814
6987.00645598
6986.27327945
6985.03472371
6983.16292983
6981.24211114
6979.46032383
6978.07431734
6976.78817257
6975.00468465
6973.75970984
6973.96132903
6975.81923232
6978.18538632
6980.20780218
6982.04759125
6983.96068055
6987.03752686
6990.44309164
6990.7007332
6989.95625182
6989.17631563
6991.35892284
6995.54294624
6999.68878967
7000.4868819
7000.19983522
6998.94354162
6998.74695455
6997.85461817
6996.97399087
6995.0145601
6993.69771384
6993.87739245
6996.5458916
6998.60948438
6999.50062894
7001.36556466
7003.46550437
7005.81287506
7007.60628084
7008.30067105
7005.54427017
6999.14959354
6992.29864615
6987.14356373
6981.00880774
6976.07766843
6972.93384339
6969.9201564
6967.89108449
6965.27280893
6963.45707923
6963.07906415
6964.82022514
6966.5231295
6963.13105107
6955.55549986
6948.21715508
6943.1180323
6939.55329374
6936.89306064
6935.88955074
6936.17698075
6937.34282171
6939.99671936
6941.56763173
6941.59440231
6940.3146348
6938.09676095
6935.91700435
6932.32829006
6928.47672088
6927.66265412
6928.10351489
6930.04279628
6933.77263285
6941.40293795
6948.65672646
6953.06316659
6956.76209259
6959.60489672
6960.68781927
6961.99308888
6963.3229127
6964.6413132
6968.83811203
6973.1949698
6978.87266048
6983.7235229
6988.16524361
6990.95592143
6993.200531
6993.50296676
6991.84759569
6990.70870652
6989.9114855
6990.20411491
6991.50126482
6991.59822018
6990.97926989
6990.49951825
6989.28695946
6991.31630319
6994.08460133
6997.12664799
6998.26914048
6998.75192394
6999.40317177
6999.54529769
6998.17993542
6997.92257961
6997.76176796
6995.94783644
6991.92609531
6986.12420475
6981.77461637
6979.61182399
6977.96649624
6976.08224055
6972.45919356
6969.41868721
6966.28965882
6962.13681782
6958.6381589
6958.3427695
6958.89922955
6961.56968021
6965.76570541
6969.24814586
6972.26190255
6975.59068225
6978.69751217
6980.08230594
6979.88493826
6977.99772742
6971.72899308
6963.0243033
6955.5477635
6952.43983237
6950.59638421
6948.9613507
6946.94318635
6945.05696521
6943.04804267
6941.78902393
6940.09991956
6940.77214616
6944.12748038
6948.6419298
6955.45906723
6963.49473647
6969.38038179
6971.48367393
6971.29205624
6970.43605286
6969.10912146
6968.62720921
6967.06887016
6965.07486276
6962.68130395
6958.96807614
6955.89902891
6954.9402226
6953.74410531
6952.20803442
6950.86627849
6950.57818635
6952.81232048
6955.27009802
6957.37228198
6961.0385968
6963.41208291
6964.91915989
6966.26219127
6965.70089426
6962.24042924
6957.13048253
6952.56495921
6949.12835144
6946.91419244
6942.78757839
6934.62298382
6928.44055516
6926.73063232
6929.96919636
6932.76280841
6934.26313873
6935.64729128
6936.86270067
6935.1508542
6932.79190687
6929.38940178
6925.43104998
6923.23317218
6925.36370187
6927.41849891
6930.07898291
6935.02557403
6942.18897959
6949.63379336
6954.2991993
6956.2610834
6955.86406895
6952.76102356
6948.1608818
6944.51602666
6939.51344105
6936.5663843
6934.69907193
6930.48986008
6925.87839954
6920.77782706
6918.2335487
6916.68790145
6917.88914147
6922.95670549
6928.78627269
6935.24871562
6942.85864134
6948.73678031
6956.69905175
6963.77753861
6968.21690356
6973.05785508
6976.7300802
6979.23852042
6980.22583277
6980.32316449
6980.80421249
6982.09833756
6984.7974685
6989.35526242
6994.18670729
6994.98277831
6992.40293362
6988.99767551
6987.7129177
6987.08407742
6985.90832557
6984.61872383
6983.76170984
6984.11427857
6984.99034073
6985.4079088
6986.19447316
6987.47534885
6988.40900852
6990.46016041
6990.96509354
6989.21102469
6984.41605221
6974.74224098
6966.03540453
6960.41530439
6957.64392565
6956.85659462
6960.29495179
6963.87252851
6966.59010125
6967.7493907
6967.28635237
6966.42398566
6964.69180163
6964.96058773
6965.85247108
6967.76921946
6969.67584786
6968.89879015
6964.78056063
6961.06885223
6958.25188474
6956.7986765
6956.40328598
6956.75034866
6957.40969528
6957.16430643
6959.40937601
6963.3158524
6968.73365032
6973.82860522
6977.44869706
6980.12266741
6984.49662183
6987.83687364
6990.06724414
6993.55275823
6996.93682848
6997.78080218
6996.70176174
6992.69707545
6984.39839799
6977.38274985
6973.21538402
6968.44002425
6964.28487628
6962.86940194
6963.5894894
6964.42863311
6962.82901259
6960.74827436
6958.87845987
6953.9159012
6948.04738737
6942.56890436
6938.71258185
6937.95526928
6940.45095496
6946.06821147
6951.50988057
6957.83240001
6963.35843721
6966.76455956
6968.56542988
6968.74788939
6965.67190732
6960.26422939
6955.25262501
6951.50217906
6945.22842655
6938.92071074
6929.77824776
6920.79590644
6915.10684122
6909.73116114
6906.6468015
6905.84797048
6903.21475887
6899.64913516
6897.78711278
6898.69116521
6902.15248751
6911.71680491
6923.71418534
6931.58987231
6938.99604612
6944.29554051
6946.08137721
6949.97419302
6954.37851437
6959.06245969
6963.45159408
6967.37824076
6971.76160426
6974.49786274
6975.54523987
6975.67470883
6975.38302034
6974.87749478
6976.07260843
6977.73101132
6978.86454079
6978.86888291
6979.95825243
6980.10649076
6979.86152707
6979.19677198
6978.95926585
6980.44513406
6982.22745804
6982.5335947
6981.74285549
6979.0051752
6975.06090217
6972.35206246
6971.40483977
6971.96592769
6970.6709105
6968.4848742
6966.5627034
6966.37694025
6967.03714414
6968.03942041
6970.71916167
6972.80873049
6974.76473217
6978.46743574
6981.28579019
6981.49009271
6981.51928177
6981.7531776
6979.37299362
6976.14196382
6975.99215033
6975.70313123
6975.94558583
6972.86136558
6966.1553529
6958.68749036
6953.09065505
6949.12772417
6946.66793935
6950.10502107
6956.01561091
6962.92178613
6971.4732194
6979.04080425
6984.41111767
6991.88182384
6998.41260458
7005.88411923
7013.27811002
7015.50885688
7014.22182695
7010.23455791
7006.3473318
7001.37440919
6998.00252893
6996.45546684
6996.22097162
6996.00903729
6995.67270792
6996.53824585
6996.22097162
6994.92645625
6992.4988714
6989.21715802
6985.37416853
6983.96937175
6985.34454734
6988.14965939
6990.83802912
6996.31790607
7002.10466543
7005.80090113
7006.49676892
7005.60590314
6999.90936641
6992.62245794
6984.43744916
6975.36597944
6968.34020435
6964.54991268
6960.49908704
6957.87929208
6953.62478421
6950.60855329
6950.08839139
6950.3743508
6950.06089596
6951.75966729
6955.93038555
6961.18341302
6968.01446195
6974.78823396
6980.08207594
6984.12947947
6985.58692528
6984.46927276
6984.49726304
6985.58744801
6987.56001664
6989.73275477
6991.04455498
6991.01397198
6991.35198103
6989.82769589
6987.23730606
6983.90942545
6980.74891497
6979.00669459
6979.06346969
6978.04995827
6977.03659323
6975.1951384
6974.57134418
6975.02948281
6976.9006773
6977.70148771
6977.50325579
6976.1978677
6973.60682969
6970.65006416
6966.19114225
6963.89037092
6964.52045877
6968.63764981
6973.18524011
6977.81098851
6980.77268858
6978.75535363
6974.73542462
6970.14998193
6968.14701848
6965.2704253
6963.45253499
6961.48759817
6960.97366717
6962.80355231
6965.01283252
6967.34762292
6967.09538984
6965.91482192
6963.92904573
6962.62553249
6962.22146471
6962.24761499
6962.04652549
6962.86940194
6962.42967026
6961.50811694
6961.35127103
6961.3237547
6962.07700394
6960.58728846
6956.25473401
6951.8560372
6951.74917791
6952.73175087
6954.85529692
6957.41718073
6959.2111162
6959.90674005
6960.56451849
6961.1014425
6960.59547785
6960.14682497
6959.97344696
6959.46618595
6958.83469719
6953.5829382
6945.30379678
6937.43466131
6932.74548176
6930.59651724
6931.31091744
6933.69091324
6937.55663786
6943.66768296
6950.71132137
6955.9257507
6958.25937019
6959.08883996
6958.59191501
6958.7894639
6959.93112003
6959.80628591
6958.36222887
6957.07935985
6961.04905134
6966.52449556
6971.17604575
6973.21992826
6973.2097316
6971.5685787
6969.90816157
6967.38776833
6962.2990513
6959.42399145
6957.09904226
6956.3967275
6955.59611921
6952.03859429
6948.38630945
6946.28930397
6945.93260918
6948.06595462
6951.88211081
6954.92519594
6952.14149479
6946.61871243
6941.13437489
6936.61236335
6934.39266345
6933.89543879
6937.26247512
6941.78590848
6945.73780634
6948.83743658
6951.7175843
6954.35299137
6955.76652813
6956.90949457
6957.67938743
6958.01422528
6957.73177162
6957.17520006
6954.38818133
6945.71912757
6936.07012147
6928.65613464
6922.8843392
6918.21309266
6912.76864962
6908.99647218
6905.72078757
6903.39965777
6902.79500232
6901.30537047
6899.04197759
6896.35332209
6893.6300133
6892.05282124
6892.01954794
6893.43408138
6894.64020714
6895.81935323
6896.50659951
6896.34133423
6893.4046205
6888.80943418
6884.34939016
6881.08053585
6879.99605209
6884.16009338
6888.91837044
6895.40724243
6901.79763271
6908.6555707
6915.7833263
6921.83397904
6925.35078006
6929.19165077
6930.97858868
6932.08761969
6933.27899759
6936.02270667
6938.69797338
6941.20154876
6942.30538038
6943.7567556
6945.30476557
6945.03830038
6943.22372068
6939.08063724
6933.01252543
6926.86693855
6920.7147444
6917.91233659
6917.25138695
6918.79448329
6919.78440927
6920.87524939
6921.77511303
6922.22522955
6921.569319
6921.4529879
6922.6585073
6924.34918682
6926.22260465
6929.65391546
6932.71749149
6935.42039999
6939.92725943
6944.07600922
6947.21458608
6947.18107581
6945.46110965
6941.60770744
6939.00105732
6939.01648125
6941.28988958
6943.61898574
6945.37071277
6947.7365601
6950.13243286
6953.69801475
6956.12091596
6959.98593664
6964.49826031
6969.09382996
6975.75373118
6979.82659498
6977.9775641
6974.62825867
6971.292342
6968.72021973
6966.15099684
6961.51696844
6957.020229
6954.49495698
6957.69385651
6960.96544293
6964.43473159
6966.74786018
6969.9193061
6973.87917729
6977.1629328
6977.55145817
6980.17870372
6983.00974301
6983.2414852
6980.17142737
6974.69313951
6969.56439555
6965.84522957
6963.66323569
6963.230404
6964.07598073
6967.82623153
6972.20544806
6978.12816517
6981.65396406
6983.70427959
6986.91528547
6990.64022932
6995.11124364
6997.93442112
6998.28864167
6996.61500304
6995.54032563
6996.1556029
6998.1493803
6998.94354162
6997.35061897
6994.17107427
6990.96069567
6988.6394892
6986.47004076
6980.95596355
6974.21025848
6967.55547301
6961.83199843
6959.11702539
6963.53479824
6969.59431643
6972.39842484
6970.10118016
6965.9242101
6960.57379514
6955.94305644
6954.18123729
6953.01457392
6951.74264731
6949.26697857
6946.45548926
6944.3866483
6941.05884436
6939.2193062
6939.24948495
6941.21433117
6944.66038288
6952.53252925
6962.11960269
6971.19952664
6979.66579029
6983.77499406
6989.42998447
6995.07304974
6999.97245605
7003.76051741
7005.8307314
7004.82064908
7002.30263251
6997.96055745
6993.45072196
6990.38063625
6989.0742027
6989.30446035
6992.23570288
6995.56276106
6997.58225662
6998.08254097
6998.94354162
6999.15009536
6999.62609033
7000.34795507
7003.65659933
7007.02449991
7004.99468921
7001.65552467
6994.77813427
6985.54216593
6977.58756116
6972.09129151
6967.43546192
6964.94991016
6964.50862424
6965.80336961
6967.90471721
6972.45188933
6977.57571966
6982.45002115
6986.77440713
6990.16267313
6990.97441202
6990.62469388
6991.20878178
6993.49883373
6997.82364486
7002.35086276
7006.09424144
7009.21699014
7010.29755694
7007.57964965
7004.71190101
7001.20524785
6997.75435918
6993.98359658
6989.71045874
6988.07091583
6990.69149836
6998.23076537
7006.53812009
7012.68690606
7015.28496255
7015.77837479
7018.19710813
7021.84007448
7025.63330736
7028.15004848
7024.77310125
7018.59542591
7013.41134958
7007.8262582
7001.86171598
6996.92355819
6992.28989919
6989.59488037
6988.62452528
6988.31509892
6986.35000876
6984.80803455
6984.36309651
6988.1317891
6991.97330799
6995.21176748
6997.14761281
6998.78183785
6999.85099526
7000.37678171
7001.14433276
6999.83982285
6998.28809107
6996.43849564
6995.71179395
6998.14452939
7002.21308593
7006.69182266
7009.74462355
7010.72060318
7009.4935335
7008.66267675
7007.3097275
7005.68203307
7003.28058456
6999.16297534
6993.72227503
6988.05743645
6983.69015203
6979.78437957
6974.33484169
6968.60703196
6965.19447658
6963.51025797
6963.21731493
6966.43105989
6969.07080907
6971.96044952
6978.41422912
6985.19754961
6991.64112559
6995.52037838
6995.02286797
6991.72676914
6986.75924108
6979.83464497
6971.2228751
6963.82016523
6955.176976
6948.71884033
6947.00877113
6948.21202539
6952.3313143
6957.81480851
6961.41330127
6965.02227645
6968.06081038
6973.71332655
6979.93915548
6984.99940132
6990.04158174
6992.86817437
6991.53988388
6987.90846629
6982.85827771
6973.44652682
6965.79495023
6956.99071236
6950.4010238
6946.45863956
6942.12154784
6939.6752215
6936.61329729
6933.74010531
6931.80277543
6933.08987505
6935.88689529
6941.21529299
6947.52127335
6954.56194964
6960.53387276
6963.2900297
6964.31545928
6965.69666366
6967.91074599
6971.46569213
6973.25405883
6973.627223
6973.66450387
6975.12595029
6975.80164083
6974.85539389
6970.33850508
6967.08338106
6966.87689005
6968.05467706
6968.75644817
6968.99817096
6969.4926635
6970.26931696
6970.74763285
6971.14545579
6971.36097254
6971.12403096
6973.09452262
6976.04553119
6977.39289075
6977.84357181
6976.990196
6972.1661181
6967.60627508
6962.72544299
6958.53571839
6957.15387978
6958.11560639
6958.94605192
6959.46618595
6959.30621762
6958.33509587
6958.10489398
6958.81906417
6962.56739133
6965.50926263
6967.55139574
6969.43820931
6970.5524885
6971.5962623
6972.54848923
6973.45198408
6974.38357376
6976.56731703
6977.47690339
6976.65238907
6976.14196382
6976.08231721
6975.68733791
6975.49003993
6975.80164083
6974.83858997
6973.13368531
6971.08206645
6969.46502171
6971.70638341
6974.83265876
6977.1521019
6978.57196715
6979.26163191
6981.233176
6984.80311395
6986.78474318
6985.80487446
6983.69160869
6982.48730202
6982.35020822
6982.12673905
6980.17270979
6976.93352545
6974.09141132
6971.95146559
6968.89152077
6967.29359388
6967.10848588
6966.8855255
6967.57125239
6969.01743519
6969.67584786
6970.80986521
6973.49733586
6977.97180714
6985.46442601
6992.76816628
7001.08115252
7008.45456878
7012.9668576
7017.40765134
7021.70661189
7026.93818666
7032.48868747
7037.50693397
7040.79147008
7040.12461014
7037.66089442
7035.23697563
7034.44710067
7033.77612861
7030.84063457
7025.96710672
7020.69287745
7014.73411311
7009.96563939
7001.37817979
6994.0145211
6991.11613369
6993.65880903
6998.10811276
7001.72825338
7004.46504853
7004.26138024
7002.30471644
6998.23803475
6991.64985861
6985.45262633
6977.42084618
6969.87487433
6962.91475371
6955.75392693
6949.11853811
6942.49517898
6938.27305229
6939.60247187
6944.09177466
6951.41873794
6961.0375165
6970.30233239
6978.566022
6986.7990868
6992.95162246
6998.95670737
7000.20608006
6999.05764242
6995.54039533
6993.38687263
6992.59049495
6994.02878805
6993.13592198
6990.5227552
6987.15034523
6984.69376648
6981.75705275
6979.02667669
6975.42328423
6971.66660042
6969.13154295
6971.96480557
6976.61014577
6981.55043629
6985.37720731
6986.35196725
6983.62008573
6980.7187153
6978.36539947
6975.28116529
6972.45884508
6969.30708853
6966.87281975
6966.61294789
6966.61294789
6966.38565933
6966.05258482
6967.77542946
6971.64226923
6976.22372525
6979.74549567
6981.4579485
6982.16553931
6981.32056197
6982.91947159
6988.07766249
6993.88471062
6999.28010795
7004.43796431
7008.82544689
7013.43725592
7017.45305887
7019.97379362
7020.3838414
7019.28934219
7017.13984797
7015.85368229
7015.73313453
7018.17762784
7019.6191061
7020.86275667
7018.48302572
7015.14939511
7009.78863017
7004.96239166
7002.00120735
7000.98547958
7001.37824949
7003.74123925
7005.06934853
7004.65600409
7003.68524476
7002.60138827
6999.87341675
6997.51791244
6999.1338978
7002.88593283
7005.41477333
7007.87503906
7011.27691687
7014.63106624
7016.29997245
7015.82775504
7014.82043969
7012.68788879
7009.76139959
7007.02814505
7004.30136536
7001.68635858
6999.95019486
6999.04466486
6996.00748304
6992.98878485
6987.45565947
6985.8032087
6986.59703548
6991.92782379
6997.48964338
6999.59514491
7000.18623735
6996.89544943
6994.15089702
6991.1897615
6989.37504937
6988.0097568
6986.66058512
6984.24496026
6982.59468403
6980.37802989
6977.69567499
6971.27983838
6964.84671693
6957.57450754
6951.81865875
6948.98385583
6949.59545309
6952.4309948
6957.60680508
6961.96007346
6967.85816665
6975.30006708
6983.70840565
6992.39486272
6998.79183935
7001.65236043
7003.64095238
7006.08079691
7008.19218086
7008.61878861
7008.1281085
7006.05544815
7003.1937701
7002.10930028
7000.29254603
6998.76421847
6996.93987423
6996.23751069
6997.15335584
6997.92257961
6998.11684578
6999.18145199
6999.79418532
7001.71919279
7003.46574831
7005.94216281
7009.60813611
7013.10814019
7014.04045471
7014.10966373
7012.90921826
7012.19119383
7011.4054728
7006.99227206
7001.42650763
6995.85364805
6991.51266027
6989.86726282
6989.4145257
6989.61366368
6990.14220315
6992.81033988
6995.41301727
6998.24581293
6999.02933154
6997.62153082
6993.64256965
6989.37841573
6989.00392732
6991.11189612
6993.44832439
6994.27081751
6993.62815633
6991.25212628
6988.76322211
6990.14103921
6992.84127136
6996.54402372
6997.45261342
6996.99303903
6995.29269255
6994.50571697
6998.15054423
7001.08189827
7003.38313658
7003.17251255
7000.46371465
6993.65167904
6986.69327993
6980.5010937
6975.19505477
6972.5929001
6973.09531717
6975.35057643
6979.50564773
6983.85919489
6987.41823921
6989.62861367
6992.80430413
6996.63782181
6998.28613258
6999.42037993
6999.54973738
6997.90151024
6994.92767594
6989.75185172
6985.5682047
6984.85044511
6985.33066372
6984.9901177
6984.36743165
6985.19485234
6985.52492989
6984.21089939
6980.05765415
6976.74329473
6975.89717437
6976.14603412
6979.08481785
6982.07067486
6984.15704459
6986.05297451
6988.22387265
6990.89167483
6994.21840544
6994.58534568
6990.68868958
6985.1784666
6980.74888012
6978.24175717
6978.98451007
6979.9603503
6980.97561111
6981.96939132
6983.3890893
6985.59329558
6987.32067052
6990.3824414
6994.16289186
6997.57169754
7001.45237214
7007.34774019
7011.2337257
7012.47087355
7010.61867146
7007.43783737
7004.97435862
7005.56356228
7007.319499
7009.1532105
7008.07244159
7005.32805645
7000.2339867
6993.59761515
6987.91804265
6983.3339939
6978.07527916
6972.92628128
6967.37043471
6962.91398008
6958.75795393
6956.58455368
6955.70069244
6957.48438945
6964.00789383
6970.89955118
6975.30994314
6977.75700129
6977.30922659
6978.57860926
6982.76045114
6987.30745599
6990.7057235
6991.06701829
6989.75484869
6989.42356539
6988.6438801
6986.536671
6983.58730728
6980.99691048
6979.20486379
6979.34279395
6981.72222521
6985.1969781
6987.57838875
6990.25598334
6992.1945608
6993.1876092
6994.09301375
6992.76946265
6991.11613369
6991.36400375
6992.01442916
6993.38458658
6993.80324888
6993.90425363
6994.97184984
6998.46726089
7002.8806986
7006.41640142
7009.82008438
7011.8833008
7014.8489736
7017.71929406
7021.76673941
7024.31943716
7027.897446
7029.99193542
7031.22508268
7026.70303629
7020.53092973
7012.73227874
7004.5542048
6995.1786266
6986.57363127
6977.94296656
6970.30895359
6964.18143911
6959.7764417
6958.10489398
6957.86133119
6957.42424799
6957.09019075
6956.40328598
6957.10318225
6958.83208355
6960.75800405
6962.12486481
6961.58147292
6961.59720352
6961.28362322
6963.23627248
6965.97287944
6966.90152094
6968.41941487
6970.38769715
6971.93117682
6972.81853684
6973.59827788
6975.15654026
6979.86832949
6983.19250919
6984.53989663
6984.24838238
6982.93718157
6981.21656026
6979.79330077
6978.39001642
6978.11105458
6978.84653808
6980.79667129
6983.66223842
6987.19523701
6988.81401721
6989.81995953
6991.99181251
6995.20073446
6999.23207285
7005.08757427
7010.69224351
7019.01720367
7025.96338491
7033.49113798
7039.84247709
7046.14147382
7052.41482209
7053.57269669
7052.58195526
7049.72710054
7045.57476833
7041.6139632
7038.04053344
7035.81434475
7034.55255207
7035.09786062
7037.39200378
7040.87998514
7046.06940722
7052.57777344
7057.28078086
7056.45173624
7053.56949063
7050.09461229
7048.52831386
7052.42332511
7057.39118075
7061.31574349
7061.56100688
7056.68793903
7050.8341661
7047.13493343
7044.27415447
7039.65408637
7034.92717291
7030.48810765
7028.35124252
7025.42499726
7023.85645459
7023.65388752
7024.93380139
7028.43844728
7031.74188519
7031.45787032
7029.72011751
7028.88103653
7029.69642057
7032.52158441
7036.49298347
7040.65855809
7046.02257091
7051.22892934
7056.19058195
7059.36269696
7058.78916117
7055.53278261
7048.35037767
7040.89699118
7039.05232333
7041.56134204
7045.91147405
7051.7782803
7056.77004198
7061.18541029
7064.91684292
7067.72186436
7070.62306752
7072.00648826
7071.62364319
7068.39186066
7064.94186411
7063.43195047
7064.74092795
7066.41212022
7068.89869652
7070.58090089
7069.58953219
7065.29550618
7056.51697253
7048.01548407
7044.39535738
7044.90428415
7047.67264502
7051.57462596
7054.42439281
7056.39500296
7057.58960783
7059.07463967
7061.1582982
7065.35474855
7070.22147398
7073.76416741
7077.22378213
7078.57889199
7078.31614861
7077.62278991
7074.07746194
7069.02206003
7063.25680216
7059.18057896
7059.49240289
7060.30492935
7063.11399321
7066.3337112
7070.63994114
7073.89436819
7076.53789494
7079.85964222
7083.82784219
7088.90408348
7094.27122569
7098.64338192
7101.83982115
7104.41199222
7110.44041164
7118.31219559
7128.20790781
7136.70185508
7142.5962613
7146.46291289
7146.41914324
7144.26668691
7138.85702959
7132.30670584
7122.9283537
7106.14221079
7091.28255292
7079.69655845
7069.94791365
7061.03744377
7053.02578512
7051.68948645
7053.53046037
7059.12328811
7063.05363569
7066.2258901
7070.36595566
7072.79342899
7071.49176968
7069.25686889
7069.56123525
7071.61255441
7077.75577857
7084.86604722
7092.20102564
7099.44441536
7101.28901352
7099.25008647
7095.42456999
7088.52569204
7083.61756665
7084.31355292
7086.22060647
7088.20703084
7090.91295026
7096.92089971
7102.55422135
7106.64792452
7113.59922151
7120.10409592
7123.76061832
7123.98454749
7121.70859522
7118.61557922
7113.3297036
7107.25220362
7099.61614156
7093.82599492
7091.80430391
7086.37485268
7079.16748231
7066.67181086
7057.22620819
7054.02990836
7052.8171823
7052.61178553
7050.97760232
7050.67246929
7050.82656913
7054.64561077
7058.7885339
7060.90564693
7058.69423399
7056.53397858
7055.92183071
7057.15929917
7060.52600792
7063.37068689
7064.69402193
7065.57638469
7063.55419883
7059.91079338
7056.84294494
7054.36661408
7053.60231787
7053.66260569
7054.8608348
7055.54950987
7055.77734903
7055.57188257
7055.04093159
7053.89149031
7052.56578558
7051.43355944
7052.21555865
7053.19006071
7053.36848477
7052.60718554
7051.3533383
7050.14402739
7051.56068658
7052.05448912
7051.53482903
7049.30278581
7046.0294709
7039.76671656
7033.15882317
7024.48114093
7016.60030336
7010.60407693
7006.00986638
7004.98889043
7004.1182716
7005.73308605
7007.46898492
7009.48174078
7014.98533558
7021.16839152
7027.86905149
7035.08845154
7040.85140941
7045.44610785
7051.98144677
7058.00409529
7060.68547443
7061.91876107
7062.75533296
7063.80078646
7064.47810094
7062.55544225
7059.59457855
7054.32138079
7049.05083152
7043.26745245
7038.58918743
7029.84940526
7021.20627178
7014.89818658
7011.06057072
7010.14091315
7012.86215195
7016.06782601
7019.20248591
7021.75547639
7024.78873426
7026.88458277
7027.90269418
7029.64219638
7031.3909613
7034.01372534
7036.03862938
7037.08261924
7038.48959056
7035.31691798
7030.96260415
7023.53952885
7014.82973725
7006.29682245
7000.36905232
6994.47431155
6989.02328215
6984.82660877
6983.82083372
6985.22721261
6991.75942214
7000.52582853
7009.82526286
7016.88445065
7022.88833677
7027.82162971
7031.91905471
7034.34868864
7035.11793333
7035.83609019
7034.9409032
7032.23945136
7027.43748131
7020.87556696
7014.12510159
7005.12735726
6995.50170658
6986.43362413
6979.2921243
6973.7281232
6970.00975874
6968.0683725
6969.40290783
6973.51324766
6979.46560686
6985.3419128
6991.63693681
6997.46012674
6999.58848886
7000.98547958
7001.76998789
7003.76294286
7005.40966455
7003.78229072
7001.09528008
6999.14886172
6997.24193363
6996.39669144
6994.91136687
6995.08752578
6994.85967965
6995.37746489
6996.53987675
6996.22097162
6996.23193494
6997.66033109
7000.67109777
7003.58503456
7004.63990411
7005.24981471
7005.26517591
7003.75491378
7005.58104923
7009.00626156
7011.15638305
7011.68294313
7006.42758081
6998.69259793
6991.28646595
6982.94880701
6976.46521107
6970.17333736
6966.15880289
6964.8964387
6963.37561749
6960.68279413
6957.30896235
6954.78021942
6951.61341532
6950.69092806
6948.43569668
6945.87894954
6945.86997955
6947.95914412
6950.45457193
6952.31029371
6954.25055783
6954.61788837
6953.70119293
6952.89092465
6950.95455658
6949.2230068
6947.35374291
6942.24853559
6937.66461927
6934.13939188
6931.90610109
6929.0723018
6926.23578433
6926.01044031
6927.85799362
6928.05001555
6927.81623124
6928.1095367
6928.8835835
6930.99538563
6934.75989641
6936.69103721
6933.43808077
6928.84278991
6922.54405802
6918.40358822
6916.57417005
6915.39723335
6918.19708328
6921.95391346
6926.93238394
6932.33801974
6934.71259313
6931.94437165
6926.19260013
6919.28264734
6914.88399235
6917.98657076
6924.15200732
6930.50686612
6935.82797353
6938.31749104
6941.15461487
6943.59177607
6947.91354841
6949.06811938
6951.3132935
6953.75653226
6956.37103026
6958.81136266
6961.66414739
6964.48092669
6964.87457478
6963.24495672
6958.47525633
6951.63051197
6942.32350158
6933.38072022
6930.24983092
6929.52756892
6929.85816222
6930.40109411
6931.4539076
6933.2779382
6935.43907876
6938.7003849
6941.08879311
6941.32153894
6941.95140377
6945.0947479
6949.55149526
6952.62351158
6953.20670736
6949.46710625
6945.49225023
6943.22033341
6941.02782227
6940.55821849
6943.51628735
6948.72588669
6958.90111833
6969.56668858
6979.92552276
6987.80076368
6991.09852129
6991.61450138
6988.35449161
6984.87232994
6981.41238067
6978.16077635
6973.19439131
6963.38517294
6954.7554143
6949.64281214
6946.93904636
6949.15429262
6953.25858973
6958.81292388
6963.6799281
6964.5710169
6964.35234288
6959.77327746
6953.76405953
6947.5830945
6943.13527531
6943.21669523
6941.3769201
6939.27051948
6936.65700421
6934.96299318
6936.55901037
6940.18796765
6947.29864751
6954.22832452
6962.55821225
6968.31455589
6967.69479014
6966.06132481
6960.90309209
6954.92426898
6950.50112946
6947.82566062
6947.53648121
6946.20879012
6941.80142301
6939.00908641
6938.61865831
6942.25487104
6947.46309038
6953.36243811
6959.34998728
6965.91300981
6972.04347246
6977.76125281
6984.30377051
6991.02427318
6995.21700868
6995.70579304
6993.1597165
6989.37658968
6985.59020104
6983.07336931
6981.26030203
6979.10263934
6974.75279309
6969.32600427
6960.3287966
6952.58138677
6946.02920908
6942.58402859
6940.43991498
6939.53883163
6934.88438902
6929.40998328
6926.63429727
6928.92392407
6932.38563667
6939.35030849
6947.77037704
6958.21199023
6967.07980561
6972.94429096
6977.91603568
6980.7116341
6982.26776375
6983.8447746
6987.44320464
6992.36332487
6996.74997109
7000.12093832
7003.77151558
7005.77465328
7008.48292148
7008.99034279
7007.71134195
7004.49491365
7000.29732724
6995.73452907
6990.12282044
6985.06007248
6979.88668765
6974.33859835
6967.00927932
6959.57268978
6955.94731492
6955.26145561
6957.07002744
6957.48379005
6951.93772196
6944.36855499
6935.47254025
6927.26993299
6921.76155699
6918.2653026
6916.83967342
6915.63671887
6914.60304415
6918.79738965
6924.12638674
6930.74437225
6938.34618525
6945.03433462
6950.31129601
6956.52799464
6962.52775471
6967.98445743
6971.60038139
6972.64138823
6971.60829199
6969.75615263
6967.6057872
6967.49260641
6968.01279619
6969.22055286
6970.75634496
6974.69524436
6980.22853004
6985.98357731
6994.24374026
7001.18858332
7003.67816356
7004.5857078
7003.92203301
7003.5118319
7002.19716019
7001.20780572
7000.40837531
7000.01679722
6999.50456682
6997.65019716
6994.12047433
6990.35914869
6991.23364964
6994.76404853
6998.65702464
7001.96122224
6999.20383864
6993.57947305
6984.68863679
6976.39591841
6970.33773144
6964.57142115
6959.91623277
6958.10489398
6958.48621966
6960.32424539
6961.23867569
6962.39022181
6964.4777973
6968.54553838
6971.61515016
6974.40237101
6977.77059916
6976.90197366
6971.35533406
6961.2341663
6953.43511107
6951.85395326
6952.69701393
6958.03166344
6962.63948581
6963.59185213
6962.84883438
6961.38411918
6958.41878094
6957.30867659
6956.04611725
6955.04199401
6955.99596336
6957.42424799
6959.024907
6962.12948571
6965.01316707
6965.83508867
6962.06505093
6958.17323179
6957.08393197
6957.27300572
6957.98369107
6957.64882534
6957.20192882
6957.58181874
6959.47749776
6961.31994925
6958.69874641
6955.01833888
6946.26566279
6937.86665664
6931.51114966
6926.64672422
6924.8917284
6924.36601863
6924.60845929
6926.89800246
6931.1775803
6937.49342974
6945.16376177
6953.72341927
6957.76813947
6959.3289876
6960.14682497
6960.81334339
6962.2382756
6966.55750401
6972.18998929
6975.63344827
6975.78592417
6969.31469246
6961.69330857
6951.83244479
6942.27712526
6935.24479169
6929.06614059
6925.15297329
6922.03075429
6923.63293966
6927.21891486
6932.42383754
6937.93912748
6940.05325748
6940.86008274
6943.45887105
6947.50312428
6950.79006493
6952.00583674
6952.61765704
6953.5109413
6957.69793378
6962.02126036
6967.2652133
6971.81776602
6976.10658567
6978.83594416
6976.13723837
6971.8531372
6966.04271574
6961.60273048
6959.12586296
6960.57412969
6962.94504399
6962.69230212
6961.48852514
6958.36827159
6955.17765206
6954.73536947
6955.64002826
6959.43407659
6964.95697046
6968.67415007
6969.33552487
6968.8660117
6967.92186264
6967.63391687
6967.48933065
6965.15268632
6961.96930132
6960.04828749
6959.16532534
6959.25200041
6958.29582166
6953.08181052
6951.04921891
6954.52060544
6960.89683331
6968.7989354
6975.8847962
6977.25890543
6977.40887922
6974.53054361
6971.962638
6967.7335695
6964.19879364
6962.10167665
6961.71170855
6961.67606556
6963.53599006
6966.23828524
6972.29608191
6979.91959853
6989.35283
6997.71820739
7000.77370555
7000.20594763
6993.70224414
6986.83656282
6982.17051567
6980.09809926
6979.05706454
6978.06344462
6978.22185871
6979.60175278
6980.94302781
6982.79021869
6982.15773326
6982.75468024
6985.77194267
6990.99155048
7000.98363958
7009.98241543
7014.65599682
7017.09000772
7018.21216963
7018.5539911
7016.60190639
7014.8558248
7012.61725098
7009.19511228
7002.83162501
6997.04227292
6992.83699894
6991.08974645
6990.2522685
6989.8347771
6995.81648566
7003.4221529
7012.22860713
7024.31749958
7034.80137001
7042.25217771
7046.58864913
7047.77482067
7049.87987614
7053.52676643
7058.52354629
7059.60593914
7058.97239432
7055.39889486
7049.48643714
7038.0097971
7024.95017319
7013.52076674
7005.17486266
7004.64248986
7006.35494967
7012.40694058
7018.25717989
7019.93160609
7020.14778496
7016.66941481
7012.12444511
7009.262551
7009.76703807
7014.7609255
7021.34310771
7024.83023877
7027.15980189
7025.52756322
7022.24453953
7017.96307988
7012.68410425
7007.95269534
7004.0153711
7004.20948393
7006.51112648
7010.62552964
7015.65797339
7018.18761541
7019.70879207
7022.08279394
7025.88577044
7029.20470894
7034.34011592
7040.0445284
7046.59945215
7052.18454353
7052.19729807
7051.20892633
7050.92693267
7051.07810525
7051.4929412
7054.53291088
7057.68774106
7059.67563604
7058.96103373
7058.77292179
7055.84969441
7053.74819349
7049.47556442
7043.93744875
7037.27100996
7030.83993761
7030.81122248
7032.29806645
7036.09724447
7039.2958443
7041.65738436
7043.59509758
7043.16402225
7040.71215501
7038.96910523
7036.98211631
7035.1477636
7032.91209614
7030.99152836
7028.53499143
7029.05318788
7031.32070682
7033.5425046
7036.08469903
7039.38679876
7042.18087778
7046.33314029
7046.58864913
7046.42507051
7045.77465903
7045.80365294
7048.8218075
7053.35524236
7060.41958075
7066.97715298
7070.66279475
7073.0000106
7073.81441887
7074.07606104
7075.175676
7075.051964
7073.16581952
7070.28482846
7064.35257682
7055.84049442
7040.28839785
7025.47623842
7013.66924902
7005.23252291
7000.88971604
6998.5602017
7000.12075014
7004.51605969
7011.54982205
7019.6129658
7028.56314897
7037.60771569
7046.54195221
7054.85734995
7062.6779694
7068.83757234
7070.36608808
7069.15810838
7062.56596649
7057.0685538
7053.55332095
7049.25748282
7045.53406534
7042.49569868
7040.1232162
7038.28935137
7036.81400739
7037.37276744
7039.6781318
7043.48637041
7049.19698592
7056.12750626
7063.11169321
7069.76593504
7076.55107462
7082.87528769
7087.00894113
7087.49223338
7085.72380696
7078.42988699
7069.40595055
7057.46401401
7046.00911941
7033.27208063
7020.02823387
7007.19472761
6996.58292156
6989.79570501
6983.57642063
6976.55675098
6972.43743419
6975.62284737
6982.48365687
6990.18808462
6996.92606031
7000.95019901
7001.51068057
6996.55433886
6988.66982826
6978.65925554
6968.52269174
6966.30667184
6967.43413071
6972.19425474
6974.38041649
6969.79615168
6965.23459412
6960.99850017
6959.73694447
6960.72008197
6966.26608733
6973.08301567
6980.42651105
6987.44845979
6991.39001463
6993.49839464
6993.11614897
6992.75381569
6993.0866393
6991.13946822
6984.20350455
6975.57698681
6966.74802049
6960.416775
6955.83152049
6950.29852057
6945.00996859
6941.63376711
6945.07411064
6950.21118339
6956.14618806
6960.74662255
6963.40444413
6965.52550201
6969.5587501
6974.07364558
6978.17913451
6981.24679477
6980.12752529
6977.3731038
6974.21602938
6970.12198469
6963.62654027
6955.7814363
6948.9676513
6945.47829691
6945.03633492
6946.5924367
6950.73770165
6954.03384926
6957.84817242
6959.80246652
6960.99107048
6959.90773672
6956.40140417
6949.97760816
6944.41779585
6938.27618865
6931.49656907
6925.82088566
6923.53420703
6929.94257214
6939.12780811
6948.37285795
6954.64134138
6959.23821436
6962.8215132
6963.87462639
6962.93584399
6960.57689666
6958.98941733
6961.17385061
6963.53967703
6964.80955455
6962.77773658
6955.97949398
6946.99657418
6934.72249009
6922.25064801
6913.45006227
6909.4388384
6911.57609384
6916.79414044
6920.29939269
6922.75429175
6924.74176855
6928.39020612
6936.20022467
6945.05636581
6954.38754709
6962.94463974
6968.45996453
6973.77277104
6976.48228681
6975.805049
6974.28866749
6970.06882686
6964.43339341
6955.52104171
6948.12006033
6940.65477658
6933.80303464
6925.82069747
6919.09530905
6915.67213186
6914.04898167
6918.95631252
6924.72864463
6933.89955091
6943.56593246
6954.14511339
6964.66176227
6969.93747608
6972.03933247
6966.01515758
6957.10794952
6947.04041353
6938.22100962
6930.9374466
6927.3972065
6926.58111853
6926.07941934
6925.6697549
6925.31059283
6923.15516741
6920.95705264
6920.92493631
6922.37107729
6923.81993644
6927.57740784
6932.23870166
6939.60358005
6948.69759672
6957.50211337
6962.8414953
6967.64518686
6970.10175168
6970.83529761
6970.01617085
6972.15357266
6976.01457879
6980.73873922
6985.78576357
6988.66870614
6990.84846972
6989.20296773
6985.45683602
6979.27339675
6971.14540003
6963.34237904
6958.09877459
6952.61838189
6947.46986492
6941.07462373
6935.37594731
6931.53989963
6930.66246445
6935.55079593
6940.40197198
6941.6650889
6939.76112293
6936.25926491
6933.18197254
6933.22445977
6934.58710386
6934.28234719
6934.0005696
6929.58390492
6925.47803963
6919.93849517
6914.7722961
6912.79444444
6911.82109238
6911.25574598
6909.7278366
6908.14350757
6907.38107925
6906.53900827
6906.04413937
6907.39950014
6908.96143554
6910.1099847
6911.67638768
6912.82042047
6916.23979918
6920.75445769
6925.60312466
6929.69164936
6933.09632899
6935.64363917
6935.895698
6935.99003276
6932.63970278
6928.22508022
6918.95714888
6908.45940877
6899.53981557
6894.57744508
6894.91042202
6894.78086245
6897.65832685
6900.49677492
6907.26653239
6914.35828954
6919.8164559
6924.57744417
6927.7197777
6932.15914265
6934.8104406
6935.88558498
6935.37561277
6936.63731484
6941.27483505
6944.15169308
6944.44556309
6945.13365271
6944.01537292
6942.76083568
6941.18390847
6938.64642556
6936.03576089
6934.27723841
6933.7679771
6932.98785273
6932.66482851
6933.1908101
6933.52055311
6934.45827611
6937.41821982
6944.62756261
6951.47842636
6955.20620688
6953.57040669
6946.93153303
6940.19907037
6936.27418702
6933.0650769
6931.25601022
6929.20761833
6926.2440225
6922.98203334
6920.41586318
6919.25316556
6920.01716903
6921.97931798
6922.26241982
6923.29666606
6923.38407294
6925.14863815
6930.12265499
6935.20288294
6939.26143797
6944.36778135
6947.34944958
6950.06458293
6952.01698128
6953.76371802
6956.00322578
6959.33618032
6963.1651677
6965.85856956
6972.9230334
6979.69014936
6984.70436041
6989.48328866
6992.60479675
6994.83921664
6991.40842855
6985.32609857
6977.774314
6966.18548287
6954.86887388
6944.25220995
6936.29723578
6930.65655415
6924.44920188
6919.06658695
6915.17754175
6911.35259679
6909.57816947
6910.49671189
6911.93943075
6918.8148069
6926.55244523
6939.13278446
6951.72059521
6961.79943604
6968.42883093
6972.58082859
6975.92820343
6973.16128528
6969.46645049
6966.38617509
6967.07719197
6972.46676962
6978.01668497
6982.46063598
6984.2706366
6983.32740754
6982.17463476
6984.9379426
6986.41458991
6987.64682413
6989.10175389
6989.21432832
6988.73387971
6987.65831715
6984.87354266
6981.51719784
6977.72031285
6973.72516108
6969.88238068
6964.21094878
6959.41115328
6955.59768739
6952.30693432
6950.78910311
6954.42533675
6960.04058598
6963.67550932
6964.83077725
6965.23464291
6967.13025919
6970.40938682
6970.96181142
6969.7910429
6968.02379436
6966.44251109
6965.45210421
6965.03733795
6964.78127851
6961.12948156
6957.71849436
6953.97990386
6949.60051309
6944.11878221
6939.14049294
6934.53931966
6930.88466514
6930.93564145
6934.59935657
6938.51669175
6942.94004732
6945.06084732
6947.46116674
6946.20343739
6944.8323321
6945.38205246
6946.69690539
6949.51677226
6953.26394942
6956.01999485
6957.45884553
6957.1377101
6955.59658618
6954.25875419
6953.90755151
6949.53524194
6941.45325911
6929.00636853
6918.31858588
6913.37757052
6912.25642619
6916.91282729
6925.11646606
6936.8789749
6948.50017328
6959.14020658
6969.45837262
6975.37593913
6979.8792719
6979.28115401
6978.53341779
6979.97620635
6983.29368818
6987.02661233
6991.50998391
6996.27347429
7003.37982597
7010.36448687
7015.45507178
7017.87367269
7019.83505497
7019.73467053
7018.4208073
7017.70009256
7016.76988289
7016.68607237
7013.69196324
7009.79634562
7003.92670967
6997.76206765
6992.75169691
6989.61813822
6988.07282552
6985.88545801
6983.47292073
6982.47833203
6980.94276296
6978.82562204
6977.28497904
6977.50325579
6976.53525646
6974.48130275
6972.23916742
6970.28879725
6965.81542718
6960.31758934
6952.87649739
6946.15760471
6941.74769367
6940.67594353
6943.03895419
6945.09255941
6948.49203268
6952.82460805
6958.00857286
6963.0686375
6968.76752301
6974.1408543
6978.0580013
6981.6628086
6985.65055855
6988.43842758
6987.73559707
6985.45310027
6984.40995373
6985.28838558
6984.88093053
6984.52688422
6983.30303454
6982.44855054
6979.30323399
6974.77257307
6970.55621728
6967.21835608
6966.82619253
6967.47615097
6969.52502377
6970.73229256
6971.03713286
6971.27824929
6974.67683741
6977.90507933
6983.2546161
6987.16269553
6987.56398937
6985.29036497
6979.52364347
6974.71901797
6973.79193768
6973.07906385
6973.07906385
6972.99119
6970.4293968
6966.29878215
6961.45031033
6958.21656235
6962.5967407
6970.58877968
6979.5774425
6985.46416813
6985.92926949
6983.13190774
6980.24736911
6977.84357181
6980.03614568
6985.48173872
6987.27315814
6986.95818391
6984.42486887
6980.27452999
6974.6027496
6969.80099561
6964.88070811
6959.59488127
6955.7589939
6953.31717695
6953.19662919
6953.47541679
6949.93107154
6948.25806019
6949.84891284
6953.26748306
6959.72306781
6966.69015812
6976.44829563
6986.06262753
6993.35667297
6997.17704581
6994.7596855
6991.03012772
6991.11694218
6994.64705531
6996.3668542
6995.73256362
6990.48691008
6982.65274852
6975.85297259
6969.78527896
6964.81688666
6961.1258852
6960.00201572
6958.95288222
6963.15720832
6967.58593753
6974.96764075
6982.49706655
6987.46654613
6991.28333656
6995.19664325
6998.81186327
7002.97670607
7005.34690946
7002.54457136
6997.62767809
6988.98317158
6978.03849313
6968.65611949
6963.44417137
6960.77915706
6957.99829954
6955.52765595
6953.31891937
6952.90273827
6952.57366436
6950.81141309
6949.68350816
6952.22554228
6955.64298341
6960.83152731
6964.18696608
6963.06200235
6961.76075426
6960.19422583
6959.4220469
6958.39463793
6957.35788957
6957.2831048
6959.64358547
6963.85118035
6968.10816246
6970.99437381
6973.48651193
6975.12569241
6976.91233062
6978.86945442
6980.49843128
6978.56498352
6976.02881787
6975.32282312
6977.52602577
6978.3342589
6979.61367095
6982.03868398
6986.06152632
6994.40400828
7001.89730321
7005.36434763
7005.95074946
7001.29261291
6994.26191024
6989.10123813
6984.87303388
6982.50044685
6980.44814497
6978.3714422
6977.1629328
6977.1629328
6977.1629328
6977.65660291
6979.00820004
6980.80771127
6980.5181555
6980.97285111
6983.91873695
6992.26384648
7003.94844116
7015.88988286
7026.85040341
7032.46269053
7035.50489052
7038.09385156
7039.70831056
7036.77797409
7031.68333979
7027.51652457
7025.82898837
7025.53099928
7024.78306094
7024.07004771
7023.10641837
7024.20144727
7026.95130362
7029.30716338
7031.98024859
7033.99023749
7038.38804218
7045.65735915
7054.48795638
7062.51731805
7069.80824106
7069.95181668
7067.76842189
7061.72437642
7054.10162647
7041.64239953
7030.11955045
7021.76059911
7014.93369018
7008.74755364
7003.54784429
7003.0721281
7006.86012674
7015.29317982
7024.01340504
7032.50478746
7037.38510379
7044.26439691
7052.26608891
7063.7773683
7076.23088009
7089.61079611
7102.47566597
7108.78156966
7112.74996479
7115.92960706
7119.86957282
7122.33349066
7125.28745437
7125.11001303
7122.08447757
7115.18210084
7108.89425561
7104.95686864
7103.79140405
7103.79837374
7102.9666179
7099.78850896
7094.8472636
7088.14800454
7082.63351612
7083.95316419
7088.18014178
7095.28740649
7101.9280644
7104.61395989
7105.71517788
7105.60178103
7107.53635091
7108.35857918
7109.45762959
7107.70747074
7105.59237194
7101.06360678
7095.32002464
7092.22401865
7091.44976275
7090.72768893
7090.36652656
7088.09991368
7085.60149587
7083.12801562
7080.09285502
7079.27021554
7081.83082389
7086.05835208
7091.82834934
7095.94814007
7098.28562077
7097.87371906
7097.57263542
7096.43788625
7095.15728935
7094.02610169
7093.61844452
7095.48171448
7098.48216602
7099.81094439
7099.20570348
7097.56021543
7096.6159688
7096.19841467
7095.22105504
7095.018941
7095.39020245
7096.30192154
7095.42415878
7091.79692301
7086.60540305
7079.90851369
7074.18352669
7069.96094697
7066.5631534
7066.3831263
7068.23922445
7071.54564538
7074.94113199
7076.80601891
7078.88376017
7078.47323846
7078.20282145
7081.07160859
7088.61190014
7094.56695661
7098.3537913
7098.1274785
7096.81028376
7095.70119699
7095.75172724
7093.4893589
7091.59283655
7087.87222088
7084.10432283
7081.02282076
7078.65765645
7076.10987931
7075.32635373
7078.35427282
7082.7012615
7088.72370093
7095.7879766
7102.80637079
7109.02110397
7109.15562596
7106.24668644
7096.88324944
7085.66735248
7076.06562874
7067.10204983
7058.05615887
7047.3447211
7035.04990915
7023.53327703
7017.40100226
7013.83807582
7014.64403683
7018.14260515
7023.91218423
7029.11605448
7038.416827
7050.65135113
7068.2560911
7085.88843801
7098.27412078
7106.43278413
7107.43731858
7104.37887922
7093.43305077
7080.60170512
7069.30844459
7060.76165314
7056.38475752
7054.32835048
7057.76155008
7061.51918874
7063.60472908
7063.17797496
7058.77299149
7055.69155215
7055.31679192
7055.69099457
7051.67958949
7044.32942412
7042.29329888
7041.36179981
7042.95562852
7043.05362236
7039.6195864
7034.02801321
7030.62499237
7028.04863252
7029.34312698
7029.39400572
7027.10016225
7024.62836867
7023.11290018
7022.47096385
7022.65468488
7022.42577238
7022.42577238
7022.19737564
7018.49030905
7013.36716175
7006.92550243
6999.9699609
6989.80145501
6981.52473207
6975.36405581
6972.11811087
6969.79466714
6968.27890592
6966.94509544
6969.37339816
6975.09878244
6983.02107573
6995.62396191
7008.64724586
7020.2549091
7029.8058447
7039.32002913
7047.94766898
7054.30109899
7058.93768527
7059.63444517
7059.76317535
7058.7255976
7057.47432915
7053.38660597
7048.76618938
7044.19874243
7040.98480928
7034.88054569
7027.89835903
7021.03719408
7014.53452906
7012.2161035
7012.41956269
7017.02354476
7024.19672879
7028.23586627
7031.87221839
7032.16320295
7029.70527207
7026.9345903
7023.4208629
7018.04799161
7010.9036133
7004.90045203
6999.59353491
6995.1427327
6989.90137945
6987.14869342
6987.69508924
6991.16391789
6994.95264834
6999.46260232
7004.25303056
7008.98462067
7012.88544465
7015.30235193
7016.41930748
7010.93008418
7001.18446423
6988.66910341
6979.04131304
6976.01014607
6975.12100181
6975.35747642
6976.02882484
6978.58477047
6981.58998928
6983.52619704
6983.96937175
6985.87374894
6990.16947555
6995.9855564
7000.43285286
7002.44797145
7001.82940449
7000.62594115
6999.9645106
6998.28264774
6994.54058633
6988.44488849
6982.28389162
6976.42762353
6970.76801919
6964.70513465
6957.67899713
6949.38181119
6942.97447062
6938.31300256
6933.56643458
6932.14429024
6933.14885257
6939.43873295
6946.958213
6952.61045038
6957.06512774
6959.79989471
6962.18876292
6963.6709372
6966.46884955
6969.64645668
6974.28761507
6978.59362894
6982.46746628
6982.91505977
6981.93238227
6979.19208834
6976.61965243
6975.80164083
6976.21098466
6981.10987521
6987.38054713
6990.09517168
6989.12411962
6980.78258554
6971.75045973
6963.06566144
6956.3790454
6951.39399554
6946.77265895
6941.51833511
6936.68217873
6931.1327164
6927.57925481
6925.69014821
6926.69635539
6933.71768382
6942.94169914
6950.04772325
6954.92312595
6955.46439207
6954.81890817
6954.66816772
6956.0971772
6960.92803661
6967.66836805
6975.92995979
6984.19984546
6988.80713115
6990.88692847
6986.56489127
6980.21404005
6975.35286249
6970.60273299
6966.00341365
6962.47939203
6959.98227755
6957.94782504
6957.16005492
6957.13890888
6958.71007913
6958.64797919
6953.6320536
6946.7123084
6937.9096666
6931.17387939
6927.76947855
6925.95219461
6924.7650055
6923.81408887
6924.34085804
6924.58884658
6923.26621548
6922.11350542
6924.12267887
6927.37810955
6931.60866956
6935.55463622
6937.67816137
6940.31705328
6944.41686191
6948.74248849
6951.84243933
6952.91543008
6953.67598356
6950.69575805
6947.88185026
6943.448075
6938.34320222
6933.82998643
6929.50410894
6927.98222137
6927.47590824
6928.17714966
6930.20882824
6932.11397906
6935.69196003
6940.14009285
6945.24265169
6950.71620712
6956.79072408
6959.05470939
6959.80650894
6960.16732979
6961.1967321
6962.27944556
6962.45566023
6959.32582336
6956.94685907
6949.51541317
6939.76149232
6926.67145965
6913.23280309
6903.34716207
6896.15226744
6897.22443577
6900.96041961
6902.36103457
6904.31827685
6905.12372908
6908.20987993
6912.97675062
6918.74895727
6922.53225834
6926.52754949
6928.19869994
6929.27225523
6932.60853432
6937.26156209
6943.55295489
6949.10181086
6954.20998727
6960.08485745
6964.62071079
6965.56969682
6963.29252485
6958.05317191
6949.90426612
6942.82083078
6936.62936939
6931.36219345
6927.64486747
6924.60001203
6921.3133641
6917.71006225
6912.17437203
6905.47801236
6903.27526972
6904.18970001
6908.0979258
6912.30518614
6915.08443366
6918.03538647
6919.27452069
6920.04948052
6919.95085243
6917.85226484
6910.94410326
6904.82331453
6902.86913891
6902.59977433
6903.43670865
6906.33576514
6910.03889386
6912.02478157
6909.85588374
6907.59769721
6905.21662808
6902.77512476
6905.5809268
6909.57165281
6916.1799156
6922.47701657
6927.60924538
6931.10699128
6933.02829087
6933.14509591
6931.59424928
6930.19848522
6930.63112175
6931.60017351
6931.90009321
6931.94127014
6931.5856208
6930.0303972
6926.86453401
6922.32632491
6916.56710976
6909.55338526
6904.47922791
6901.73024278
6898.80707115
6895.24024866
6889.28408401
6884.66079591
6881.55085053
6878.48397784
6873.84341884
6868.17455179
6865.42445151
6865.05289733
6864.40248586
6864.85663086
6864.97030651
6864.90005203
6862.12785783
6860.04182962
6859.75182082
6860.26193243
6866.03137211
6872.43909601
6880.57906665
6888.99650066
6899.68330755
6910.8453079
6920.31188935
6927.90860054
6930.90028421
6932.2953513
6933.28538183
6934.90122082
6935.49890658
6933.65927782
6930.70089532
6927.41453315
6921.86590719
6914.29286506
6905.837502
6897.54605908
6888.32490133
6879.39387087
6872.97750456
6867.79832792
6867.84349151
6869.43188386
6873.84850672
6878.16225695
6882.51287684
6887.88511389
6892.70650847
6897.22986516
6900.11783984
6902.16283053
6902.35201579
6904.1116813
6907.7704828
6911.59521867
6916.50180376
6919.64370517
6923.00934059
6927.13438646
6932.74358601
6938.7172864
6946.44365473
6953.63429087
6958.81565599
6961.44954366
6962.14794145
6961.79314241
6962.61428341
6961.7559382
6958.99419157
6956.50034588
6953.46102438
6952.42160663
6956.34526331
6960.6691405
6964.47408246
6967.33201778
6965.36117763
6963.58506365
6960.43718922
6956.15784835
6947.09256772
6935.81320475
6924.24547087
6914.87907872
6907.3770647
6899.41563661
6889.14853051
6880.1261065
6877.78889066
6878.84849263
6884.62552927
6889.08034603
6895.03643402
6901.92345652
6910.2258558
6917.4279292
6919.31003823
6916.83971524
6912.49593262
6911.14434245
6912.15855083
6912.43018753
6914.20334636
6915.25891288
6918.29945409
6919.94522789
6922.7743784
6926.60197184
6929.90571642
6933.01220483
6937.10598467
6941.07713979
6943.82429189
6944.5228221
6945.48355902
6943.61363998
6940.24349517
6934.7308119
6928.47307573
6918.48774723
6909.23958193
6904.58356417
6900.7570092
6896.83843343
6893.20874433
6889.15016839
6886.72424233
6882.9746885
6881.42379308
6879.76709777
6878.80988054
6878.09506914
6876.45844653
6877.18071551
6878.25990231
6880.63768175
6883.1995307
6884.3687659
6888.16752573
6896.14936805
6904.90761293
6911.48283242
6916.18549832
6918.83080931
6920.19869461
6922.12964026
6923.00787695
6920.82575065
6916.46898349
6911.95430407
6909.18585956
6912.61329523
6914.20334636
6913.51779372
6911.90552321
6910.57518363
6911.43713913
6917.79739944
6924.05076561
6928.88754229
6931.84352721
6934.33029866
6936.50003982
6936.38613418
6934.25987691
6930.6440575
6926.57468551
6923.46155498
6922.17841415
6921.96688405
6922.58904737
6917.80563064
6911.75494305
6904.50670939
6899.42995932
6898.5083363
6898.01102104
6898.5485305
6898.7687518
6900.34414568
6902.28842434
6908.97246856
6917.44520706
6927.30939538
6936.04178271
6944.98926164
6953.33099087
6963.46379104
6972.17928384
6978.57489442
6981.58348656
6982.60665796
6979.26616918
6972.32971763
6961.63380136
6949.13593446
6939.73110447
6930.06231838
6923.88393214
6919.53336103
6915.84219927
6913.86302337
6914.80948636
6917.45478342
6922.59743888
6927.69348802
6932.64446307
6937.22638607
6941.56446749
6945.42010696
6948.33695708
6948.18158875
6941.36898859
6934.56562327
6928.15699332
6921.74396549
6918.24509747
6915.71228425
6912.80066837
6909.5321277
6906.75202291
6904.84938814
6907.25730452
6910.01112662
6911.25559961
6910.89806846
6913.42115199
6918.09035642
6926.53005161
6934.7520346
6943.50144191
6952.76937325
6958.04948494
6960.60486602
6959.84575527
6956.50484133
6949.15576323
6942.89785979
6940.77760343
6941.49515392
6939.90034248
6936.32282152
6934.45883368
6934.09613102
6936.74868352
6938.02589315
6937.76818886
6937.1951061
6935.88322226
6934.85456571
6938.93439224
6945.10481213
6950.7620398
6955.10928637
6957.34337171
6959.11987599
6960.41811318
6960.22777095
6958.39743975
6951.05071739
6943.38826112
6936.96712057
6930.04230143
6924.08580224
6921.36385951
6922.53218167
6924.90658778
6929.91510459
6935.44563724
6939.72892296
6945.04363916
6949.08530663
6952.2988913
6958.38513127
6964.15742853
6968.59774833
6972.6274837
6975.09423123
6975.6230704
6973.03724571
6970.50397249
6969.31925064
6970.26484242
6974.80122546
6981.27573293
6987.68244622
6991.11613369
6989.75928838
6986.43421656
6980.19543795
6974.36062954
6968.68477885
6961.58235111
6955.85117502
6950.66962869
6950.09287987
6952.66266033
6961.78274363
6970.49198462
6975.93892281
6979.40051692
6980.72238136
6982.19622686
6986.40867961
6990.1154953
6993.07198901
6993.28097516
6992.2202232
6991.4227443
6989.31454549
6987.8990363
6986.84641796
6985.77323904
6981.79917059
6976.00631274
6972.74736933
6972.13681752
6973.41868291
6973.68484143
6976.54115281
6984.85947086
6995.36532369
7006.67827359
7018.84406263
7024.83168149
7028.59674288
7029.38389967
7028.9290577
7029.76521141
7030.14296861
7027.568623
7024.99631951
7022.50489927
7020.9498778
7020.21410156
7021.43661307
7022.88943798
7025.5586341
7026.91057275
7028.70393671
7030.88245271
7033.38798657
7037.9132669
7041.45289366
7044.63943593
7047.16462431
7050.21497884
7053.94599329
7059.09192451
7063.34782631
7064.83013998
7062.81806017
7060.42341408
7060.37741413
7062.7837693
7066.07618116
7067.42007678
7065.49490901
7058.07623158
7050.41912106
7043.58610668
7038.14354545
7036.42593505
7035.50189355
7037.32209779
7039.51643499
7038.74245092
7036.36648359
7031.1031131
7025.15791874
7017.2634833
7010.89218998
7005.90675678
7002.9430355
7002.68243182
7002.36001396
7004.42914068
7007.75120857
7010.5342964
7009.91491399
7006.20784739
6999.01704397
6993.7137511
6990.78458554
6989.05252697
6987.75198978
6985.27980589
6985.8549238
6988.93807769
6993.06431538
6998.07338977
7005.72269424
7012.88325617
7016.7933568
7019.56147373
7021.93445803
7024.30373444
7031.41584309
7039.41077449
7047.24728483
7055.35226764
7058.7255279
7057.60278054
7047.93310233
7037.97864259
7032.3375149
7028.81949417
7025.64661947
7023.07504779
7019.08363179
7014.16097459
7008.99527036
7005.61462919
7005.69806335
7006.91193244
7007.70649104
7007.83952848
7003.54284702
6996.74663261
6987.53202637
6981.01142137
6981.02046106
6982.75372539
6984.5777769
6984.90686475
6984.65001773
6984.90776384
6985.68837609
6987.38550258
6988.41056973
6990.43402407
6994.27953659
6998.57484502
7003.20916615
7007.7236783
7010.2149452
7009.68490028
7006.45571744
6999.5559404
6992.39874483
6986.49114498
6983.53446309
6983.23189491
6985.00132496
6988.47737421
6989.53047346
6989.57059797
6987.41887345
6982.57681375
6976.14210321
6968.24228717
6960.58488392
6954.45998308
6949.04935697
6946.61946516
6943.87701063
6941.97853677
6941.08879311
6941.08879311
6940.84495851
6939.84905951
6940.64238447
6946.83185949
6954.1411337
6960.80231734
6967.02990263
6969.28921825
6970.13969467
6968.43564031
6966.50374679
6963.21802583
6959.78889654
6955.18216841
6951.63877802
6953.24117945
6956.54957977
6961.15262093
6964.82672089
6966.61595183
6967.2160979
6967.98153016
6969.12479629
6971.37745586
6970.73105893
6968.88693471
6966.51827859
6966.33096818
6968.74788939
6972.538425
6976.91890304
6983.40802595
6992.07822273
7000.11822015
7000.83847488
6998.56649533
6993.40514019
6988.960771
6983.39355687
6978.83415294
6973.72928714
6967.98633228
6961.87551718
6958.11064397
6954.92680594
6951.79225756
6942.71567906
6933.37795325
6924.68230316
6920.55518728
6919.03466577
6917.02584081
6913.96771508
6909.95524364
6905.28011498
6900.46943979
6896.92864909
6893.84959338
6891.75210003
6889.89752128
6890.64045538
6893.72695472
6900.3017142
6906.35369815
6912.93302976
6918.89957924
6924.9581844
6930.50143673
6936.43025929
6940.91745026
6941.4168146
6936.43954988
6928.74599485
6920.51819914
6911.35843739
6904.9233714
6898.09451793
6894.64005381
6892.42273754
6893.00023211
6894.75127612
6901.64548438
6908.59834954
6910.19643673
6908.55157595
6905.75951117
6904.16860276
6901.47930606
6898.81572751
6897.03256717
6894.42469735
6893.36209842
6891.65550709
6891.17231939
6891.49486968
6893.43624895
6896.66359178
6902.55261741
6909.58054614
6920.56964939
6930.69169533
6942.11618815
6953.43823349
6963.47855285
6972.79979534
6980.1706607
6988.14866969
6994.05716863
6999.00808792
7001.90093442
7004.25905934
7003.16008559
6999.01736458
6989.99486391
6978.94345859
6966.04972027
6954.60721081
6944.21308211
6935.8949871
6924.66277409
6913.21465402
6907.20360306
6904.4195116
6904.68493134
6905.34389462
6904.34162532
6903.41143655
6899.93320579
6899.85074738
6897.71115013
6891.52792692
6883.72002715
6878.37943249
6872.93136521
6873.34780419
6877.82485426
6884.64190805
6890.71631349
6895.98399822
6900.48784675
6904.73923219
6909.92421458
6917.19194247
6924.61662777
6925.56789985
6924.41300828
6925.0809067
6926.87970702
6930.76365738
6933.61396089
6935.64363917
6935.64363917
6933.06978841
6927.08430227
6917.29339327
6908.02913496
6901.40477916
6898.2992456
6896.20805981
6894.13877976
6892.26644224
6891.19785634
6890.25491304
6889.96976908
6888.93467951
6887.43821737
6887.1542722
6888.60626772
6893.20765009
6898.05124312
6902.78569081
6906.1006775
6906.45825744
6903.8448049
6900.24951123
6898.72040306
6899.23356042
6900.01113389
6901.32239046
6904.2198021
6906.77926742
6908.88277562
6910.10291743
6909.49343895
6908.71752427
6907.88262511
6907.39690741
6909.48938259
6914.82159968
6920.1861422
6925.68512306
6929.61096823
6933.06104841
6934.07044074
6933.48639466
6932.90484372
6933.85297247
6935.20351718
6934.05652227
6930.9008627
6927.08888136
6922.13318783
6915.7923869
6903.99339869
6892.29706706
6882.1765893
6873.34731631
6867.78160066
6867.38363137
6871.44159397
6874.59893324
6872.56768679
6869.49698077
6866.45526866
6863.96332569
6860.78061676
6859.21494559
6859.49512713
6859.14580627
6860.06162354
6861.34481316
6861.08038312
6859.41149085
6860.34501113
6861.62889773
6859.49331501
6856.43424838
6854.66617742
6859.21578196
6865.66574217
6874.90079051
6884.01749352
6889.00834913
6894.55768601
6897.73757919
6901.00909592
6902.48612657
6902.80787533
6900.29250027
6899.67883998
6902.96114579
6907.9861947
6910.56353031
6910.62606237
6907.72187618
6904.52097635
6902.55720346
6900.6796108
6895.80694021
6888.54437687
6880.99062685
6875.69638063
6868.12555487
6861.53362206
6860.78911978
6862.46553931
6867.1288892
6873.73629471
6882.41202543
6889.69634117
6896.05577906
6902.85620317
6909.56465524
6915.08455215
6918.5232578
6920.95168598
6923.30603332
6925.43397725
6924.39938253
6922.10188695
6917.10484225
6911.79062787
6907.71209073
6904.44265097
6901.69066191
6900.08142321
6899.57501251
6901.3730601
6903.66608114
6904.78148942
6906.06789904
6906.50432012
6904.84807087
6900.13665104
6896.99311873
6891.84540327
6886.812618
6883.40339413
6880.40099108
6877.31990022
6872.67718062
6867.51215245
6863.53078673
6863.62306543
6863.54751399
6869.70662904
6877.07247622
6883.7481847
6888.43216486
6888.56765564
6887.70843225
6887.76830189
6887.2105176
6888.04374404
6890.94940083
6893.87144336
6898.09297763
6905.93084009
6913.90284818
6925.53828563
6936.70717204
6945.83240595
6952.26881709
6954.44722157
6953.29079667
6946.48633711
6938.51087206
6930.48349675
6923.70211383
6920.55278274
6918.57079806
6913.5511158
6907.4896252
6901.58421383
6896.37056511
6891.03138529
6890.33160054
6892.09458362
6892.88697465
6894.05749924
6891.80817118
6889.2542398
6887.85423817
6888.38971945
6888.71799185
6887.73226859
6882.6711585
6877.34756989
6876.21694677
6875.85981986
6877.62907567
6879.61494944
6881.06116011
6882.39404363
6883.23793369
6882.50444352
6881.75575942
6881.16675092
6884.40814464
6888.15769847
6895.62519161
6902.50237291
6910.94036054
6919.88199887
6930.22040489
6939.69615845
6946.30682578
6950.963889
6952.44615388
6952.65974003
6951.11524975
6947.97258169
6942.32706309
6935.64575795
6929.4578999
6924.19901091
6917.45350099
6909.03835304
6901.59703806
6897.49607943
6893.43698077
6893.9111915
6896.25750279
6900.92181449
6906.51953496
6911.43504125
6916.74869109
6920.57696757
6923.73236229
6921.93077409
6917.17186976
6910.656269
6906.14450988
6903.25926731
6901.4632688
6899.28482249
6896.98265722
6896.2528331
6898.00220438
6898.55329777
6897.67406441
6894.79505971
6891.24540356
6889.91573308
6889.24200102
6892.98632758
6898.81369236
6905.84386533
6910.70958713
6912.92449885
6914.88399235
6914.63469351
6914.13432552
6911.83654418
6907.3350305
6899.45543354
6891.59893412
6881.07760858
6871.04209134
6862.75722084
6857.90394691
6856.08018812
6856.25582431
6858.05400433
6859.59172704
6861.16820122
6865.51812414
6869.39989299
6874.49850001
6878.60887469
6881.43766277
6881.01279046
6876.18251651
6871.17674575
6869.68014422
6870.67067656
6870.88011575
6870.41307682
6867.52685849
6865.62064828
6862.31715461
6859.79245411
6861.29567685
6864.19137395
6867.78703702
6870.63938265
6871.43093035
6868.37046977
6861.9465762
6855.55732198
6856.76049956
6860.67969564
6866.14288715
6871.66629678
6875.8274805
6877.5271788
6876.55204947
6876.76790077
6878.03199344
6880.45835162
6880.63398781
6878.55144444
6875.64585038
6874.46351216
6875.12242666
6875.82782898
6876.48932226
6877.69403318
6879.49569804
6882.65728882
6885.97987944
6886.33616999
6883.47964254
6879.68374028
6877.46375462
6878.07262674
6878.86877443
6881.09412675
6884.49568395
6888.85431899
6891.91178956
6894.90733445
6897.78663187
6900.77297676
6902.02451006
6902.95314458
6903.45160287
6899.54893193
6894.02320836
6887.94010475
6881.05398133
6878.12922062
6878.33531435
6879.95409455
6881.12695399
6883.02570663
6884.26596297
6886.91793001
6888.74106152
6889.14177688
6889.09890632
6888.99308551
6891.1320555
6894.27898205
6897.13360677
6898.59312258
6899.07961391
6896.07384449
6890.91512389
6883.93810875
6878.42306275
6873.54156157
6867.94733989
6862.80600867
6857.85397423
6853.21000008
6848.32598982
6846.80897406
6848.8703923
6855.61642495
6865.29488497
6874.62256049
6879.44126476
6881.96938042
6884.13158734
6886.46768804
6890.38433321
6895.53698321
6901.53294479
6907.15778432
6913.58502335
6920.50437824
6929.64242244
6936.04587391
6939.04208789
6939.72750114
6938.81468084
6936.69176206
6933.21764341
6929.91400338
6930.43561498
6930.7604792
6929.47434837
6927.52861304
6922.05237427
6916.47292834
6909.43669871
6902.3485867
6897.49947367
6892.64537035
6886.60729093
6880.70013017
6874.91131475
6869.98708937
6869.73666841
6871.47260909
6873.83191886
6875.06632065
6875.08137518
6878.33252648
6881.95544104
6887.15071766
6891.47599576
6895.48998659
6901.16999122
6908.56642139
6916.20827527
6922.34117732
6926.45494623
6925.95012462
6924.78386548
6925.81804899
6927.58014693
6929.34451698
6931.10291401
6931.39057402
6934.28533022
6937.88327935
6940.36135263
6939.50228955
6938.26490473
6937.91642023
6938.47503391
6939.51765075
6940.5823615
6942.86872649
6945.8215402
6948.19179238
6950.32830206
6953.71971139
6957.08685227
6958.19236359
6957.69255318
6958.58095168
6961.08963584
6964.25466268
6965.93230191
6964.60597687
6962.0387961
6961.02573772
6963.37435598
6967.99875923
6972.18968959
6976.54073463
6980.40793683
6984.63655229
6984.40338828
6984.6684456
6986.34172877
6989.94078608
6992.67602698
6993.24181945
6996.72923626
7002.94737762
7005.72378151
7006.5784049
7009.61596307
7014.11430554
7020.85962728
7027.1687231
7029.68199331
7030.34481083
7028.20237691
7027.01115931
7027.51878274
7026.50375891
7022.77241689
7018.0991561
7011.23155115
7005.97344974
7004.29727415
7005.2807462
7009.35216728
7012.99156515
7015.11403091
7016.18762802
7017.37386228
7017.92216083
7016.32922424
7014.50619727
7016.9028576
7021.94238953
7029.67467513
7038.8012054
7046.75034594
7052.70789756
7055.34090704
7051.01509925
7044.54820269
7036.00635971
7027.03498868
7017.12564374
7007.42072678
7003.60423605
7003.54588581
7006.24165039
7008.73250608
7007.69536742
7006.7264202
7006.09507781
7005.2631547
7004.15985277
7003.70805656
7003.24029278
7002.11848633
7000.5078746
6999.13609325
6993.61282998
6986.74017898
6980.24900001
6975.86763682
6975.16008086
6976.01809152
6977.07997955
6977.57893965
6978.49803964
6979.78258836
6980.96532384
6981.66955526
6983.27883577
6987.38761439
6993.55222156
6997.9531208
6999.93327245
6998.20746569
6996.0634845
6991.01186016
6986.28887761
6985.03663341
6984.2838581
6983.1625674
6980.93989145
6975.562685
6969.71931782
6961.88908716
6956.50381679
6954.70167102
6954.92364867
6958.97390977
6965.00986344
6973.33478178
6981.0413771
6984.79719668
6987.03227172
6987.15155099
6987.55483816
6989.48835562
6991.71482309
6991.20571512
6987.43785889
6980.34604598
6974.27734871
6970.47046919
6966.99179236
6965.2785868
6964.54630238
6967.31982779
6970.0984341
6969.81635681
6968.65303191
6967.62008901
6965.99178124
6964.1698764
6961.27020657
6958.72360033
6957.51914729
6957.78523611
6958.594215
6959.80650894
6960.00796783
6960.51764035
6960.82747095
6961.07361949
6964.59129173
6967.87209906
6970.11164864
6971.16930606
6974.28939931
6979.15476565
6982.3900609
6985.43571089
6984.96151409
6982.26929709
6977.07820228
6973.94126329
6976.72473445
6980.29019785
6980.56615576
6980.08961017
6975.53463897
6970.24817092
6964.59681173
6959.8456089
6958.78553996
6959.02182639
6961.13472974
6963.53835976
6964.84094603
6964.73902128
6963.22300916
6965.38296488
6968.7744021
6974.11508039
6977.8742036
6977.95542837
6976.29781306
6971.17071394
6965.38748821
6961.15763214
6956.71881779
6950.41205682
6943.92908815
6936.81439375
6931.90009321
6933.09945141
6936.17489682
6943.52582886
6952.22286592
6961.76637183
6970.20528642
6973.42983441
6974.10003283
6975.89143831
6979.87686039
6985.38591942
6990.53475003
6994.9571647
6996.76403592
6993.94189693
6989.58782704
6984.87694387
6979.46512595
6974.85533117
6971.47907394
6969.4966641
6966.63822696
6963.54910005
6961.41213734
6959.15590232
6963.33416178
6970.53031095
6978.33434951
6986.1811262
6989.22297074
6988.57846956
6984.17852518
6978.48231602
6970.94648507
6963.1954301
6958.23738778
6954.70167102
6955.2387623
6956.7782553
6961.22879267
6965.6960573
6971.26115264
6972.44898994
6973.43166047
6975.16427661
6977.75315403
6978.86454079
6977.41772376
6974.52875937
6973.78848769
6974.64095047
6976.46472319
6977.75987978
6973.45850074
6968.25176595
6963.90079758
6961.08981705
6961.35686769
6962.27024557
6960.7795613
6957.00042811
6953.66170963
6949.94723426
6944.00700232
6936.29783518
6928.62370467
6921.79713028
6915.61504313
6909.3779721
6904.80711
6901.28243322
6898.85780353
6899.06821847
6900.1061447
6898.88884653
6898.92963315
6899.11952933
6898.97963371
6900.69355715
6903.17227861
6906.29077579
6910.28225453
6911.72914126
6913.13452349
6915.14534179
6916.18263378
6914.92217928
6912.84904499
6908.472463
6902.81875502
6899.5253465
6896.74056504
6893.58345577
6890.74876436
6890.49520704
6892.72396057
6900.54434305
6910.63995296
6919.35899333
6924.38458588
6928.22036174
6931.30546714
6934.44718733
6938.83213992
6941.7694391
6940.28803149
6936.41715627
6932.07296243
6928.23474021
6924.19982637
6920.06367778
6911.66157709
6903.35178297
6895.89500225
6889.41475873
6886.8619634
6885.27594075
6886.20862466
6888.45272545
6893.22707461
6898.66369766
6906.19662225
6914.68859709
6924.37559498
6930.89512664
6933.72894684
6934.08945405
6934.75243188
6934.65241682
6929.50293106
6921.66635102
6912.28526677
6901.266389
6890.98912109
6883.3074215
6876.62843727
6869.8515289
6863.12159623
6863.3359839
6865.80722688
6871.50306664
6876.39592841
6881.67170496
6886.15725805
6887.36608108
6885.72450999
6883.26386094
6881.96018042
6884.00250869
6887.51216578
6892.66587517
6896.98695055
6901.44583761
6905.24662562
6907.57666966
6909.71672691
6908.21077902
6905.30115648
6899.15584141
6893.35838357
6891.87011779
6892.38220879
6895.27112439
6898.60259439
6899.37785392
6898.05240706
6896.50769376
6900.7894322
6906.45428472
6912.88867465
6919.72480448
6921.6904313
6921.72778884
6922.85535923
6924.07268528
6924.5735063
6925.77429328
6924.43029311
6920.85549032
6916.37255783
6916.18877408
6919.27357978
6921.76002366
6924.18787335
6923.68194355
6924.43145007
6926.73061838
6927.3281996
6925.35639763
6921.33278863
6917.28579631
6914.79040335
6912.84206136
6913.34797722
6914.13075704
6912.57245981
6910.07672534
6907.31090841
6904.61204232
6900.90020148
6893.89780273
6883.84053309
6871.52160602
6859.23195164
6850.01307298
6842.00817492
6841.12922732
6841.59019564
6846.35441088
6850.49635128
6855.96937005
6861.88203687
6868.50658782
6874.96086924
6883.28170335
6892.05484245
6899.51427863
6906.22937979
6912.64245641
6919.60914247
6924.92904412
6928.72939305
6929.4975644
6928.83719324
6927.23830454
6923.74136713
6918.74694303
6914.31237322
6909.85041253
6905.20359476
6899.01710276
6892.98675273
6889.57941068
6888.67359492
6889.70648207
6890.72112257
6890.74738436
6892.01588885
6892.77824052
6894.43221765
6898.10258883
6903.87544366
6909.6299473
6913.14587015
6916.31146153
6915.13619058
6910.71514894
6905.00869435
6899.51344227
6895.28251286
6891.83624509
6889.232348
6886.16339137
6879.51507378
6874.47473336
6869.85041375
6866.3666839
6865.66100278
6866.21969314
6868.08540945
6869.08625694
6868.84531475
6867.42482223
6865.57848166
6863.08828112
6861.12038914
6861.71664612
6866.60776547
6870.42680711
6872.70882301
6872.71098361
6870.92548843
6868.89270864
6865.96453278
6861.40356765
6857.83034698
6854.72883493
6852.38123425
6849.80851258
6847.83685697
6845.23597776
6845.02012646
6847.96705078
6851.49510786
6855.70584607
6857.82776819
6857.30357781
6855.13586483
6853.81134494
6853.08287294
6855.27428287
6858.93134891
6863.56096549
6866.26750521
6868.10945488
6869.18780532
6869.96548333
6875.00561465
6878.8332987
6879.73991598
6879.44544658
6877.42507284
6874.66012712
6874.5954484
6876.73932504
6876.94158544
6878.05910554
6876.80930073
6875.40665061
6875.18626902
6874.8202906
6876.65757058
6879.52057983
6882.35264367
6883.85621489
6882.8511159
6881.21344784
6877.47839097
6872.12357814
6861.65078255
6850.78510554
6842.07557879
6836.13691504
6833.36959265
6832.17330809
6834.25146753
6839.4929532
6845.94625189
6855.46567056
6869.08841754
6882.62934036
6895.1589751
6899.97326756
6900.64086629
6895.66362945
6890.41003743
6887.01864203
6884.75453824
6883.12363078
6881.95592891
6879.46412535
6876.9898157
6871.00793986
6863.10361443
6853.8234025
6844.6324723
6837.34942504
6832.57051072
6834.10838676
6839.65638546
6849.16646473
6858.79592783
6864.22036786
6871.12189429
6880.35638506
6887.52380516
6893.52513341
6895.68892942
6897.83990121
6898.2459902
6899.83913588
6897.30467781
6892.38266182
6883.65332722
6875.30112951
6867.99522166
6862.25860922
6857.50751094
6853.6569663
6849.68633391
6844.64291986
6841.85038114
6840.57444696
6842.67532062
6845.57024409
6852.32129491
6863.1313538
6876.56661612
6890.30485784
6904.67531316
6916.95728694
6928.97320675
6938.73205517
6946.43934746
6948.60332469
6947.89523207
6947.02497566
6945.03555432
6943.92548482
6943.4183423
6942.54428045
6940.89475694
6936.3037176
6932.2518465
6927.87300633
6921.92052865
6916.64534453
6912.5309344
6911.34808043
6909.72242115
6905.31629464
6899.30171005
6892.63530611
6889.07762785
6888.31723467
6887.99858045
6887.93850172
6886.38244873
6884.02711169
6881.12723277
6878.62755345
6877.56160907
6877.94731171
6880.33624265
6883.65207267
6887.44023858
6891.71631067
6899.59528734
6906.90799063
6913.35905903
6919.96698727
6928.28048926
6935.89001074
6940.76595707
6939.87497978
6934.37645195
6925.83069898
6916.80144467
6908.68321249
6903.55409216
6901.46836364
6898.55850413
6893.73287896
6888.09030157
6882.63610096
6878.75335636
6879.42718599
6881.63713529
6885.93060373
6890.9546281
6897.15584008
6902.53266319
6906.62038637
6907.2486412
6904.64303653
6899.05134485
6892.60492523
6885.46962843
6876.70057356
6869.78468957
6866.70910477
6864.85663086
6864.61596747
6861.05536194
6856.79137529
6852.13827085
6849.71497934
6849.93563972
6852.11373754
6854.05932651
6856.00826092
6855.11195879
6853.01247907
6850.37479989
6849.45912202
6849.20897984
6850.8624691
6853.70930868
6856.71157234
6859.60043915
6864.84554905
6871.78199363
6877.6731938
6881.15065093
6879.74354022
6877.10077316
6873.4464253
6869.66961999
6863.66899569
6857.61191689
6851.18432938
6844.71987918
6837.46324704
6831.16347668
6825.49376629
6821.80597088
6821.31704016
6823.22819885
6825.96582339
6834.36535226
6844.72572675
6857.26022634
6870.68001595
6884.45581732
6896.04861422
6907.26452512
6919.06852453
6928.75042757
6936.25573128
6939.90556975
6941.42910914
6939.64844395
6936.36207481
6934.11941675
6931.33497681
6928.46775786
6922.62534552
6916.41077961
6911.5931417
6910.21395853
6913.7923089
6919.57395251
6924.57591781
6930.57846575
6935.15382329
6939.40180056
6943.1745286
6946.76883259
6948.50126055
6949.72952205
6950.0257966
6949.67039817
6949.54628193
6948.5141963
6946.00354668
6942.41359876
6937.23959363
6931.33549953
6924.22434574
6920.26131728
6917.29932448
6914.09872435
6914.02282442
6916.21436678
6918.18993238
6916.80052468
6915.05380188
6913.84320854
6913.24697247
6913.89697273
6914.61560353
6916.95259634
6920.80284128
6925.04413461
6930.20452794
6933.28666425
6933.36317751
6930.7645495
6930.01249207
6933.47400255
6944.57126145
6957.40429377
6969.61885671
6979.57535857
6986.14308564
6990.65855961
6990.48289554
6987.28907691
6980.36636262
6973.17444406
6968.00073166
6964.93838926
6962.0244943
6957.168544
6951.19830755
6943.94412874
6935.68627973
6929.75708778
6927.931489
6931.55954719
6937.38888439
6942.80927503
6948.6536807
6956.31634607
6962.57999253
6966.6031973
6970.48435978
6971.53480358
6972.25541377
6971.20151997
6970.51389036
6971.70480129
6974.1920885
6978.6336489
6984.69576678
6989.49179865
6991.75702457
6994.41490191
6999.60502793
7006.18012893
7010.58910604
7013.0410848
7013.45810226
7012.10338968
7006.9541827
7001.01979833
6997.01425476
6994.78745275
6993.35375964
6991.05953284
6990.02281236
6991.72847672
6995.60800132
6998.84925566
7001.24384599
6999.27299887
6997.61288144
6998.34103283
6999.52468135
7004.080468
7010.27590908
7014.28252598
7016.80788861
7015.95965643
7016.0252203
7018.68281188
7023.93580451
7030.03228993
7033.29689272
7035.41337849
7037.84329121
7040.21173126
7043.96706993
7047.01679719
7048.78842269
7049.92768821
7048.04559313
7045.10264152
7044.42846341
7045.13930209
7047.40277862
7049.08860724
7050.13691831
7051.28001717
7053.383609
7055.31957979
7057.68746227
7060.44571709
7061.22248904
7059.2832425
7053.52732401
7045.07483246
7036.22060798
7025.444833
7015.04462673
7006.10688446
6997.27389663
6991.47351849
6988.52539537
6988.31097286
6991.06288526
6998.35408706
7003.84632127
7004.9870574
7003.48067042
7002.68708758
7003.2670773
7005.09353335
7007.11127255
7007.20343973
7009.44091234
7010.35583051
7013.57584123
7016.17489439
7018.32465345
7019.15810989
7020.72252651
7022.40914967
7027.3240287
7034.31195838
7040.73606104
7044.06617892
7039.55044708
7031.96798193
7027.75465099
7026.93223454
7028.21124933
7027.57295815
7025.8108393
7025.48867235
7025.51732475
7025.72550242
7025.33490008
7023.25382731
7021.64302044
7024.94041563
7029.17083624
7035.17048479
7040.97846686
7043.80920645
7044.38190588
7039.13756264
7032.46387538
7024.93210776
7017.89365479
7013.54681247
7011.71926218
7009.38725269
7006.60057548
7003.61324786
7001.10903128
6997.12846707
6991.9539671
6988.10359671
6987.69596045
6985.88048863
6982.17231385
6979.54518678
6980.80833855
6983.47036982
6986.24765189
6987.46757764
6986.65972088
6978.29427379
6967.80703003
6963.5098816
6962.77702567
6967.1479413
6970.29580876
6973.81078373
6976.32005334
6977.72885072
6978.18390178
6979.01095307
6981.06156132
6985.50737324
6989.62422276
6989.79481986
6988.50159388
6986.38493388
6984.05604681
6983.27459123
6982.69938272
6982.91155402
6981.77929303
6980.50798673
6978.53614991
6975.03214523
6968.75921514
6961.99700584
6957.86470452
6955.83431534
6954.94241805
6955.77516358
6959.1801429
6963.14138712
6970.52019793
6979.24315526
6987.0369205
6990.4565989
6992.48999899
6993.00656453
6993.52209159
6993.83871764
6993.83871764
6991.91713229
6987.18639247
6979.35547879
6969.4236566
6957.45852493
6946.66185481
6937.39512923
6930.59997421
6929.90210612
6930.61625541
6931.41045158
6932.07104577
6931.5522778
6930.94476477
6930.16036101
6928.63489799
6926.3951672
6923.47997587
6917.64764171
6910.41795439
6904.81092939
6900.22184853
6897.23592182
6897.03715323
6900.02965933
6906.21556587
6911.81159269
6914.46542762
6913.81804796
6910.43054862
6905.899358
6902.51398442
6897.80517822
6892.3451161
6891.50374209
6891.74209155
6892.49798928
6894.3540247
6897.64485444
6901.65648255
6905.08312367
6908.50114328
6915.30304496
6922.57006194
6930.75667375
6937.37923137
6942.40888028
6948.87271715
6955.91741495
6964.09125829
6970.21641005
6973.87844548
6975.86746955
6975.8459123
6974.39751314
6971.41502945
6965.0451231
6956.85889462
6950.00817026
6944.51531575
6938.34369707
6928.06697977
6918.52569719
6910.87121424
6905.36656005
6901.24294993
6899.36181666
6897.98051471
6901.08511433
6904.37932437
6912.89884343
6924.08868072
6937.07637743
6948.68585279
6955.07729549
6958.50360903
6959.87597584
6962.18261566
6964.43411825
6965.93230191
6965.5387723
6964.8291115
6964.55752359
6962.67396486
6961.06059314
6957.63344324
6954.56926782
6952.89769221
6952.73364662
6953.34038601
6953.34038601
6954.13965612
6956.11382779
6958.22454265
6958.0583713
6953.90624818
6948.87121867
6943.07799143
6937.22400243
6931.79651665
6925.72806332
6920.51189854
6912.76058569
6903.27799486
6896.79924983
6893.81862705
6902.417733
6914.91854807
6927.43297495
6939.59111128
6950.91715723
6960.79911128
6966.97880086
6970.15670071
6971.72419096
6973.4974404
6974.6924286
6976.14196382
6976.19483589
6979.66155272
6983.73162865
6985.82545595
6986.9695236
6984.7736461
6980.8311364
6975.06550914
6968.31421437
6958.20826145
6949.57727614
6947.6509514
6947.35138019
6947.64069202
6947.21458608
6948.13989606
6950.77083555
6954.41127888
6957.90243842
6960.25584486
6962.38406061
6962.72302451
6958.1515909
6950.6238657
6941.00037563
6930.47267282
6917.93561536
6904.39760587
6891.65676861
6881.82113511
6873.27538911
6865.16692146
6859.745339
6856.78126924
6856.02519727
6858.44716454
6861.50232816
6862.76419053
6863.66111994
6869.35040819
6878.93101376
6888.98827643
6897.47156703
6905.06698883
6913.59165152
6921.62063683
6926.65315725
6927.60179478
6927.96480412
6928.36593069
6928.48465935
6929.52784074
6930.44944981
6930.1671704
6928.65154858
6926.40063841
6926.59677245
6928.87549169
6933.75345924
6937.92490234
6939.84685011
6940.5766812
6940.08912351
6940.5502382
6938.720367
6936.70749962
6934.33356048
6930.92504055
6926.76196805
6921.67185011
6915.64600947
6907.56239573
6899.8890528
6893.86480822
6889.20539621
6886.90371185
6884.54663238
6885.17857418
6887.44260828
6891.15344547
6893.91806362
6895.47659085
6897.714628
6902.7288042
6910.39961714
6918.69938884
6924.68310467
6929.30397429
6932.43883631
6934.71163828
6935.22642655
6934.07994043
6931.36383132
6928.33065708
6923.91760271
6920.76915677
6919.15908171
6917.18227551
6909.90265733
6904.16279004
6901.00518593
6900.59046149
6900.59967542
6900.93078448
6901.12537126
6906.48732105
6913.03248723
6920.60595451
6927.0697635
6933.24753641
6937.77701946
6939.47468261
6938.04938797
6934.67546559
6930.42566923
6926.04887118
6922.84710014
6919.97954665
6917.0896553
6916.55689219
6915.04429522
6912.60299402
6907.72770981
6902.78329324
6900.83457488
6899.90982248
6899.90982248
6899.90982248
6899.78857775
6899.29961915
6898.8424493
6900.21437702
6904.97244499
6914.25533328
6924.95336834
6937.73822616
6949.20366591
6954.3749668
6956.09542084
6955.87317136
6954.44048885
6951.0845413
6947.30229266
6941.42264127
6935.37113823
6928.48106299
6922.86168771
6917.4383001
6913.53891188
6912.49702686
6911.73208247
6911.54392175
6914.9654053
6920.63928356
6925.10879243
6927.43618101
6926.14284351
6923.61837301
6919.25997494
6915.36024521
6911.61523562
6908.6696425
6901.71445643
6893.64968177
6885.86787652
6881.35841739
6880.8770906
6881.72202612
6882.18753171
6882.68969788
6884.97059863
6890.94267508
6897.81934063
6904.38567376
6910.36884596
6915.86167258
6921.35589315
6925.22186171
6927.44639161
6930.22947943
6934.73134856
6940.14818466
6943.76891074
6947.28884116
6946.40428295
6941.40538431
6932.16043901
6924.12321553
6917.44041888
6910.69794775
6902.0632685
6895.476556
6891.61168168
6889.93483003
6892.85906801
6899.55415222
6909.70729692
6919.72021145
6928.21015811
6934.56351843
6938.48247754
6938.28839955
6935.48104327
6930.0138651
6924.6052602
6918.0608816
6909.1094857
6898.4356494
6886.54393645
6877.43016071
6874.1905791
6872.82012896
6877.84276636
6884.25055995
6887.76335341
6888.08451672
6890.70276441
6895.67745731
6902.51625654
6907.04234534
6910.05247779
6913.29323727
6916.20259497
6918.54073778
6919.25194586
6915.77436328
6911.7018619
6908.69987005
6905.05746824
6900.12346438
6894.3100808
6889.30774611
6885.15418026
6884.34897198
6884.34339622
6886.0862369
6886.29693063
6886.30550335
6888.06318947
6891.21790117
6895.76487117
6900.99411109
6906.173685
6909.76456686
6911.82109238
6911.58711292
6908.87641927
6904.85322844
6895.62391616
6887.67922925
6886.65426664
6890.96894384
6895.70296638
6900.55254638
6902.90731887
6901.01225319
6897.70112074
6894.57915265
6895.56437409
6903.37094265
6911.91706501
6918.43358577
6923.3158118
6927.52530244
6935.55476865
6943.96806266
6947.8240785
6950.95813203
6949.44971687
6945.80886233
6942.66090427
6941.21006572
6943.3712481
6946.33797332
6946.87427006
6945.46562601
6941.00977774
6934.99487254
6927.47600582
6919.3799721
6910.0160751
6900.78660948
6893.64883146
6889.75674051
6887.25261453
6888.61700104
6892.16941022
6896.00323456
6898.21729599
6899.35426849
6904.86702843
6912.70076484
6920.07317746
6924.84600724
6924.63012806
6922.69352302
6920.27310999
6919.25557707
6920.58958967
6920.59378543
6919.2262068
6914.74743521
6910.64299174
6909.37765846
6911.0085241
6913.28711092
6914.93977078
6914.74223582
6914.06906832
6915.26887954
6916.06594026
6916.56598764
6913.85329368
6909.84458587
6903.70151505
6897.85574332
6893.26166518
6889.03643699
6884.33126896
6878.00216317
6872.30269917
6867.78243703
6866.16588713
6858.54683111
6850.18396978
6843.46212892
6840.50935006
6842.71168846
6844.83172877
6846.07498904
6848.38286249
6854.14421733
6863.06270235
6872.75252297
6878.02592981
6880.53557579
6880.74947558
6880.34704567
6876.57247066
6870.47691918
6863.06995083
6856.80782376
6852.70546423
6849.45933111
6849.1920435
6848.76717119
6848.54971687
6850.85473274
6856.18961226
6866.03506605
6875.65637461
6885.85853713
6894.18574153
6899.22167013
6904.61963231
6909.48795381
6910.16553313
6909.22981043
6905.11652242
6899.17136988
6887.66438381
6875.65972006
6862.79248747
6851.23472024
6843.36461599
6838.72579245
6835.19823719
6834.46481671
6834.01261625
6832.1858605
6831.44609761
6832.27013102
6834.52112483
6837.69358136
6842.67607335
6847.73070859
6854.72221372
6861.23545873
6867.8166582
6873.73329774
6877.53373031
6880.9197451
6879.13940749
6873.37617083
6865.78687539
6861.62597046
6859.47024534
6860.09215078
6860.28151726
6863.65833206
6868.80753903
6875.07057216
6879.69558875
6881.53245055
6881.07739949
6879.70883116
6875.96833793
6870.41955863
6863.94213784
6857.82909243
6850.4104847
6844.02583048
6838.05441615
6830.11467076
6821.95888588
6813.80254343
6807.30162084
6807.78747793
6810.07953715
6817.75323554
6826.84826978
6837.32516354
6848.25392322
6856.61392698
6863.61191392
6870.16795282
6876.05650451
6879.20624682
6874.37750619
6867.24172848
6859.81622075
6852.13994358
6846.67116935
6843.59796121
6842.39540393
6842.84119924
6843.75666105
6844.00074657
6844.29089476
6844.41544312
6846.77252258
6850.82079035
6855.08784366
6855.327601
6854.65384106
6852.81704896
6847.98099016
6842.59431888
6838.74384394
6838.09301429
6840.5113643
6843.75735105
6846.00961335
6845.23186564
6845.94793159
6852.79014596
6864.48131306
6877.17263067
6885.5895071
6891.08806281
6891.81978269
6893.09142354
6896.77165683
6900.23367609
6901.35791497
6901.33384166
6902.6597276
6904.41164282
6906.21661829
6902.30871311
6896.92850273
6895.1284618
6894.74182522
6896.60311578
6897.78302854
6897.55997755
6898.60329833
6899.87584524
6905.85298865
6914.68081195
6925.5854565
6932.19880019
6933.79274041
6933.27531759
6929.27432523
6924.46061823
6920.66946929
6921.82504389
6924.13695976
6924.41300828
6924.25151359
6923.76205317
6925.32568918
6927.02857263
6931.99900705
6938.72416548
6946.54142554
6955.1662357
6962.34863367
6967.21533123
6967.95352595
6966.0111291
6961.41753885
6951.27406111
6940.89889694
6934.62257958
6930.06368444
6928.45845332
6927.26655966
6928.62409497
6930.18133281
6930.66825626
6928.91871771
6927.95825261
6930.85032547
6936.10434264
6940.61507722
6944.82639392
6947.38765045
6949.60498066
6951.45009457
6949.86249676
6947.13373071
6942.31688037
6935.39733032
6929.078693
6921.49927361
6913.09629474
6906.31333668
6900.83235155
6899.49335562
6899.82051984
6899.64266032
6900.59046149
6900.73087984
6903.00902756
6905.82786989
6905.48001266
6903.32658057
6901.3012932
6902.9368146
6905.9396916
6913.2590161
6919.44482506
6922.80670382
6924.28754689
6922.69952393
6920.06708595
6914.75892126
6913.63031239
6914.18164972
6916.50602739
6917.82284577
6922.83711955
6933.06797629
6943.60888665
6953.97329659
6963.91285514
6969.94707335
6973.54656975
6974.94788168
6973.00570786
6969.60891793
6969.50878439
6972.76631992
6976.14028412
6977.2564521
6974.51226908
6971.63792711
6971.3575783
6968.87629199
6963.94883965
6959.19887743
6953.96247266
6951.24358963
6950.31643964
6951.64236044
6951.60956805
6950.46792586
6947.84628393
6945.35544218
6944.13208734
6942.96685972
6941.08879311
6940.46513828
6938.58218592
6936.38007055
6934.76988398
6931.72129975
6927.47169158
6921.51603572
6914.52316453
6909.35778788
6907.77272704
6907.27893147
6909.91169702
6912.61857128
6916.71313173
6921.24706841
6924.15346399
6926.27107187
6927.55811574
6927.70286923
6926.73275808
6926.20301285
6926.66635784
6929.65554637
6934.72227403
6938.55718565
6941.29759109
6944.17242094
6948.34550192
6953.6896093
6957.13211343
6958.01882528
6955.91947101
6954.37019256
6953.38927142
6950.12655741
6945.55409926
6941.03078438
6936.85295008
6932.78497899
6930.46511768
6927.75864766
6924.67016196
6922.94098884
6923.7655868
6926.80471316
6929.74687718
6934.40136162
6940.3416981
6946.6462218
6953.68328779
6958.46740149
6960.42614923
6961.04011619
6957.85672423
6953.40447928
6950.88304059
6947.40948649
6942.05217154
6935.14873542
6930.04076113
6928.82130932
6929.79328138
6931.94979407
6934.31596898
6938.05729857
6942.97766971
6949.39234936
6958.35235979
6968.85203747
6978.90023258
6985.97363853
6987.0230787
6985.41876757
6982.68841242
6979.02962487
6976.08932175
6972.75369084
6969.28617249
6965.54407623
6959.9532697
6951.87976899
6945.37634428
6939.7234866
6936.91762183
6934.73017069
6933.94203117
6933.75173772
6933.22586067
6933.14207803
6933.95529449
6936.88436944
6940.86455728
6947.01864718
6953.95452025
6960.10828258
6963.5351537
6965.59197891
6964.3390238
6961.54152266
6959.47962351
6960.69056533
6962.95039671
6962.30258493
6959.10855025
6952.76581174
6945.80068689
6941.49769089
6944.89681567
6950.72508651
6958.94600314
6965.30121042
6969.60035915
6972.74757843
6975.95164946
6979.51902256
6983.13101562
6989.28986582
6995.55714349
6997.87103179
6994.66528105
6987.13600161
6982.72818147
6979.10136389
6978.0443198
6976.20858709
6972.71797118
6966.32503
6958.59231925
6951.28228535
6946.87427006
6947.85501695
6948.74665637
6945.82869807
6945.59633558
6947.92225355
6953.74252319
6960.43882013
6968.42080184
6975.41663515
6978.4504506
6976.72349384
6976.6094279
6977.96174988
6979.19304319
6981.46407486
6982.26308012
6980.07444413
6976.50541224
6973.1298241
6968.89848349
6963.73496774
6959.22126407
6954.23047118
6951.97909404
6951.55137811
6950.29180179
6944.19816001
6932.14008055
6917.40814225
6905.02821645
6898.45843332
6894.25009965
6892.6198334
6889.37915755
6887.98373501
6889.0950939
6891.21816602
6892.33653641
6891.39670856
6890.92111783
6893.03128208
6894.71132586
6893.30128787
6890.77651767
6889.25893737
6891.06723738
6897.82324365
6906.40965082
6914.77778821
6923.26465427
6933.62773997
6945.88384923
6958.60381924
6972.49763837
6984.10905828
6986.92739879
6984.3256623
6976.11575081
6968.9410195
6965.11001091
6960.99003897
6959.46618595
6959.36209363
6958.97419553
6954.87754417
6945.90428436
6934.89429991
6924.77774609
6917.13352252
6911.41266855
6908.23979384
6906.89814246
6905.22584201
6902.5572174
6900.53275246
6899.48221108
6899.00439005
6899.3643606
6901.20546694
6905.33596311
6911.42472611
6915.30582587
6915.82472626
6909.05706666
6897.32626991
6884.48285972
6874.95766319
6867.50762215
6870.00834692
6877.40374559
6887.15106614
6899.46402716
6910.12824529
6919.30920883
6926.23301736
6930.93087418
6934.49167486
6935.43425574
6935.91411193
6936.96133573
6940.92959843
6942.84675802
6942.02351218
6939.43701143
6937.27239299
6933.34217783
6927.868943
6919.83802012
6911.90879896
6905.49498356
6899.51770772
6894.15313732
6887.9500714
6882.07274092
6876.57853429
6868.95195101
6860.67056535
6855.43946452
6852.38172212
6854.41624433
6856.88212065
6857.07079016
6855.2352526
6852.89866403
6852.8904398
6854.40948373
6856.42985747
6860.34494143
6864.90012173
6867.80836427
6869.46722019
6872.77587143
6877.24727605
6883.64635753
6889.61066974
6893.508901
6895.60206618
6898.45917211
6901.94164044
6906.87982611
6911.18020151
6914.90024567
6917.6430905
6917.83516819
6917.60656932
6917.09902256
6915.48215205
6913.07219356
6912.31003008
6914.30498535
6914.16429519
6910.8960124
6903.87604305
6894.44054643
6884.93031382
6877.12412162
6871.82959662
6868.47055452
6865.17793357
6860.89275907
6856.99983872
6854.54100178
6854.69377739
6856.16187289
6856.72802081
6858.63220981
6860.4198656
6864.64412501
6868.66075736
6871.59576352
6873.88224002
6874.35743348
6874.1525246
6874.38566073
6873.39958899
6870.86443394
6868.09690944
6862.22062441
6856.27993944
6850.58486635
6843.9272024
6840.69459048
6841.95736588
6844.91683565
6851.74685306
6857.46130189
6859.53799073
6860.34487174
6862.36106366
6868.66396342
6876.5312101
6882.42471026
6887.42887799
6894.97434105
6903.37442053
6911.73565792
6918.78952784
6925.0324116
6927.86810664
6928.67861886
6929.1128863
6927.40062862
6924.91237959
6922.68916697
6918.98734855
6914.71102555
6911.12426975
6908.65472737
6908.1982754
6908.26454321
6907.75822311
6909.49189865
6912.54589832
6917.18879914
6921.63282681
6926.69314933
6933.80466555
6942.170029
6947.50773124
6951.45095184
6954.81937514
6956.06280269
6953.85458186
6948.27979865
6939.88769947
6931.5216948
6922.47210991
6914.74487734
6908.49330935
6900.8125646
6895.04990643
6888.90687045
6885.96782187
6887.82454729
6890.30425147
6895.80602022
6902.95959852
6904.84938117
6904.89821779
6902.48564566
6900.714515
6900.25014547
6897.37741349
6889.93269033
6881.9833198
6875.98645913
6870.09442259
6871.1172246
6878.08322067
6888.54653747
6898.46888786
6910.22065641
6924.73992855
6943.31047241
6961.96625557
6978.9306483
6993.04495358
7001.53570873
7010.5485285
7016.48929711
7017.95089686
7014.72305918
7010.15751495
7004.82819028
7003.33032724
7003.02577966
7004.14356461
7007.19743882
7011.57760323
7016.15271684
7023.28523274
7031.86566688
7039.04967485
7045.33103827
7053.09652747
7059.44417264
7061.47486152
7056.54868462
7050.99781442
7042.4120624
7034.37900679
7031.96582133
7034.8171912
7038.79918419
7037.85723059
7034.9590244
7031.76028517
7027.60915175
7022.8465953
7019.3931836
7017.63140627
7020.42023015
7023.71802261
7026.56364946
7026.11977081
7023.67163235
7022.11034512
7020.71568228
7021.74511943
7021.32877803
7020.17018555
7017.80233095
7014.50687333
7010.80596097
7009.63148457
7009.10403237
7009.53043104
7010.55070305
7009.46031595
7007.7839243
7005.8199005
7002.87575708
6999.40872661
6994.7696661
6988.31981043
6984.567866
6982.47433143
6978.29389742
6973.40480625
6967.35224382
6963.62988572
6959.70272329
6955.5979383
6952.77273961
6951.93222985
6953.88165214
6958.15945271
6963.90782999
6970.79236432
6979.63080245
6986.84163676
6989.80802046
6993.30331302
6996.80403497
6999.80300198
7002.53363591
7005.69230639
7007.90827054
7007.7230789
7005.75908299
7003.51808372
6999.93113973
6997.35862018
6994.49019547
6990.79899189
6988.60695469
6985.23555533
6981.65789497
6978.87857078
6975.35400552
6971.73654822
6972.46907658
6973.73185199
6976.31137607
6977.84357181
6977.89355843
6978.76292271
6978.22136386
6974.91532626
6971.82433147
6971.0519783
6970.37095595
6967.87598815
6966.57494217
6964.63643442
6962.42217784
6957.70913407
6952.27530587
6949.81798832
6949.36854786
6948.58806107
6948.61846286
6948.08391551
6948.4256882
6945.3653252
6939.95506152
6934.78763578
6929.96561393
6928.02339133
6927.96125654
6930.91147056
6931.99863766
6932.42554511
6935.13866422
6939.07454573
6942.82219684
6944.50064455
6946.42470414
6948.72266669
6950.35241021
6950.54295457
6946.16624016
6940.99603351
6938.87011079
6935.15767753
6932.1630178
6928.87061291
6926.12771929
6921.46476668
6913.94329329
6904.52191029
6898.06916916
6892.3840697
6888.49461328
6885.76841904
6886.37303965
6888.93690981
6890.23611579
6889.00158854
6888.41571639
6888.74893727
6891.48490302
6894.56823812
6898.26785412
6900.79480583
6902.63239248
6901.31634774
6898.10691701
6897.40672801
6898.76620089
6904.20133243
6912.37119607
6923.6748972
6936.47830833
6949.74364264
6960.37918746
6964.23069391
6963.74575682
6957.36306805
6949.14683506
6944.23187937
6938.73361638
6934.68385013
6932.39418848
6931.21277723
6932.21607805
6931.15710335
6928.93722921
6924.36196227
6920.58255029
6918.25999867
6918.91650862
6921.37223707
6925.0767667
6929.63123609
6932.95131065
6932.82367471
6931.39690947
6925.97661641
6919.59732188
6916.98662934
6922.0039419
6925.01530798
6927.41032346
6931.98891494
6939.25746525
6946.4119287
6951.91171805
6952.99041
6948.45939362
6942.5892001
6941.89421049
6945.24900108
6952.09099938
6960.85150941
6967.47948248
6973.49657616
6979.59176522
6984.80845273
6993.50838221
7003.54451278
7011.19858452
7016.62331728
7020.13599225
7023.50508464
7027.51970971
7033.46144711
7037.96289109
7039.84317406
7041.42766338
7042.84508924
7043.34028571
7043.20242524
7039.9456285
7034.85670935
7027.89764812
7021.0244256
7011.72895702
7002.88354223
6995.95028977
6991.79677968
6993.59592849
6998.63904284
7004.74271401
7007.34212959
7005.48298569
7001.6608983
7000.15211375
7001.01034744
7006.59210034
7015.09133063
7025.96537127
7034.28958567
7040.25982213
7041.73502671
7042.92119825
7043.12896471
7040.9169245
7038.86316595
7039.44185931
7039.68287119
7040.38060685
7038.78865996
7037.85618513
7034.23410694
7028.22173871
7022.86342013
7018.64149556
7015.3742861
7012.47630991
7010.20384248
7012.41625209
7015.03773371
7016.7066678
7015.93844766
7013.51397826
7011.41642915
7009.25018677
7006.12758444
7003.66423811
6999.23546709
6992.60692948
6986.82309738
6982.53154561
6982.23766166
6980.87737333
6979.15282111
6979.23048437
6980.70059411
6983.56024398
6989.06078605
6993.16608679
6996.7414611
7001.08760645
7004.59867142
7008.08592794
7011.4304452
7017.1404404
7023.24706671
7025.60054981
7027.30525932
7028.47278694
7026.78410075
7019.06192817
7010.02481903
7005.8291005
7004.95636288
7008.16025271
7007.80388549
7004.89422113
7000.05831566
6996.9681642
6998.37632734
6999.9645106
6999.90607672
6997.23519394
6993.418982
6994.27235781
6995.64109341
6996.30064214
6992.73630783
6986.79176862
6981.15407699
6975.20115324
6968.7239973
6963.8320834
6960.23521457
6956.84706705
6954.66576317
6953.65331813
6954.97403256
6963.31592907
6972.480019
6981.28073716
6990.24161881
7001.67736768
7014.26453024
7025.40804001
7033.03587783
7041.2091636
7048.50287449
7056.34726058
7063.41424746
7065.28881528
7061.4819009
7053.77551467
7046.5689946
7040.18580402
7038.08060915
7037.05522836
7034.56872176
7031.52749752
7025.42482302
7019.85308556
7016.68715267
7014.03515774
7008.97029796
7002.1866499
6994.60355748
6986.79522559
6978.9294983
6971.28624352
6965.68770761
6962.38824939
6959.12218993
6953.83959703
6950.90152421
6949.52220862
6948.6321583
6948.66688826
6947.29040237
6944.00813838
6935.52761474
6927.56907906
6924.83387301
6925.06548974
6926.91846547
6928.16429755
6930.61074935
6937.1897255
6945.51875596
6954.55479177
6963.85481853
6974.59502718
6983.95263055
6990.83738791
6997.45315705
7002.00621159
7006.31145183
7009.18079654
7013.12555047
7014.51421939
7012.85021984
7010.36536505
7008.67180705
7002.8678883
6995.18812629
6987.15755189
6983.33759723
6981.86855385
6981.71338764
6982.01590007
6982.40553362
6983.62904876
6983.2835194
6981.87279142
6976.49288771
6970.77143434
6964.68718073
6959.30540217
6955.36214672
6955.98370367
6958.68590127
6963.14428651
6967.07666925
6970.52655428
6972.50707533
6972.03930459
6966.53524282
6959.23380255
6952.23723045
6949.35782848
6949.07473361
6949.57573584
6949.25652404
6949.43374931
6951.54219902
6956.17297955
6963.99419839
6976.58384216
6992.06108426
7006.29328882
7019.41344449
7032.40623604
7043.93584572
7055.39757062
7064.23764663
7068.45709696
7069.14277506
7066.49136559
7062.57384224
7058.40750095
7052.21402532
7043.79171253
7033.46235317
7025.32331646
7016.81113648
7010.36925414
7006.94215302
7006.45999683
7007.53958788
7010.01007813
7013.57181972
7009.75151657
7002.74602328
6994.93924563
6986.96456815
6983.17256891
6978.21971204
6970.09506774
6960.98948837
6955.70765516
6954.98811831
6958.10468489
6958.82606174
6956.32737909
6952.68945879
6949.92168337
6944.48279517
6935.21149748
6924.99599496
6916.83367949
6909.60155975
6907.52681546
6910.27957817
6917.67038381
6925.42382242
6931.54808205
6935.08018852
6938.78270391
6943.31992331
6948.76328605
6956.90579366
6966.41645142
6972.98537728
6979.27344554
6983.38589718
6986.81637163
6989.00019854
6990.18881644
6989.15812474
6987.40355407
6989.26471918
6994.51288181
7002.76792901
7010.84576487
7018.42970062
7025.1530539
7030.43569559
7035.68533579
7043.22891007
7051.81556815
7058.22043447
7060.16762646
7058.70461883
7052.61129765
7045.172896
7037.90100024
7033.96856175
7031.55488841
7030.7659195
7029.64122062
7028.73592759
7027.18450247
7025.02160555
7019.44475233
7010.12955256
7000.9892014
6999.90915035
7002.91888553
7008.89492076
7014.59561143
7019.46951564
7022.45906659
7022.84538257
7021.03297741
7017.29519539
7014.08671254
7013.57739547
7013.01933937
7011.73713247
7011.17938999
7008.54337657
7002.74230146
6991.38074494
6977.63140051
6967.24760786
6961.66506739
6956.82266617
6950.20725945
6943.90766333
6939.34144304
6945.45022997
6957.47672279
6970.83209155
6978.00186741
6982.39206121
6984.3133608
6985.42120696
6987.4205183
6987.351372
6988.08477157
6992.88137496
7001.17497848
7011.77010607
7024.15812368
7033.72559836
7049.62610973
7058.90374288
7064.70733404
7064.88638538
7063.29290515
7063.21386887
7068.73337547
7074.55431419
7081.92644106
7082.36050639
7077.56906057
7069.66738363
7064.20363454
7062.18806989
7060.52133823
7058.11442548
7057.42770193
7060.75022285
7063.60472908
7063.63281693
7065.04076401
7068.35234252
7072.46807689
7072.50181716
