6885.45529077
6877.53238415
6871.32136582
6866.30771234
6862.98780506
6858.87969553
6854.36488368
6851.80582957
6851.30154462
6850.36886768
6848.38000391
6847.46402634
6848.10438055
6849.22307155
6849.41780469
6847.89455803
6847.37459825
6846.42858828
6848.196255
6849.6003339
6852.16459437
6854.98460761
6856.38454651
6860.05265254
6867.39313005
6874.39397456
6883.47203063
6892.82269916
6903.1451446
6910.10201037
6914.02261433
6917.72034154
6920.8815211
6924.33384553
6926.99834408
6929.01747721
6930.98638676
6933.57342417
6934.43836967
6932.56795578
6926.10199316
6919.19415219
6912.62290542
6904.59913345
6897.77495663
6894.30285223
6892.67540173
6891.87223557
6889.89464179
6888.12981173
6887.34150495
6887.87564108
6887.24418717
6886.57622602
6885.92735485
6883.41584796
6880.59577897
6875.95018088
6869.76092889
6865.02601423
6861.6368352
6858.15157202
6854.52079565
6851.10560573
6846.93581444
6841.96303123
6837.21761325
6829.73309316
6822.96081963
6820.58206443
6819.21725974
6821.24334862
6824.68902396
6829.59941451
6838.3776624
6845.63326999
6848.25291161
6847.49371025
6845.98633357
6845.31596788
6845.64256059
6846.66444259
6847.80434933
6848.22042589
6848.87774432
6848.85884252
6847.7327288
6847.07409309
6846.38203772
6846.64599382
6849.18830674
6855.16556167
6864.82479928
6874.28642527
6879.68914775
6884.72463029
6887.78845026
6889.64766385
6891.6297043
6891.88999434
6889.93941508
6885.47509166
6881.3863509
6880.20059754
6881.78958929
6886.02415687
6891.26449951
6896.95559988
6900.52227601
6900.39108553
6900.76698879
6900.67413858
6902.17721496
6904.07627427
6906.16692339
6908.47063594
6911.12623419
6913.69460678
6916.80208488
6919.34047386
6920.43914094
6917.40933306
6914.9999182
6913.41846069
6912.63057208
6914.626761
6917.65170403
6925.01405243
6930.57474293
6934.96647005
6935.52680525
6934.28999891
6932.48881495
6930.88405777
6927.34230525
6924.62965311
6922.06473053
6918.44707808
6917.60357135
6918.48695168
6917.21955537
6913.25111843
6907.05267342
6899.46571282
6893.61136837
6890.21868359
6887.08091521
6884.23344139
6884.32667493
6883.77800003
6884.24738077
6884.82219201
6884.67897882
6884.91358556
6884.85396683
6880.90308654
6875.8273401
6869.21658216
6860.28735685
6852.41252715
6848.2076156
6845.14354472
6843.43791521
6845.59377973
6851.24506923
6856.40154558
6858.35432727
6858.59489309
6859.09683622
6860.63071863
6863.58727506
6867.73586455
6872.49224586
6876.82150365
6879.42020832
6878.14019688
6873.01684048
6867.25470503
6860.97871525
6856.48065157
6854.95111128
6855.27387762
6857.04647191
6858.37464391
6858.6132164
6857.73954485
6856.50130973
6853.85836843
6854.05265551
6856.6989562
6858.33408729
6863.53097391
6867.35131191
6869.66703323
6873.32324897
6877.86122806
6884.1389533
6886.43759191
6885.52370525
6884.46576903
6883.57819992
6884.33937371
6886.10823224
6888.38822693
6889.85631546
6892.15236135
6895.46514561
6899.09153805
6902.05090327
6904.1681557
6903.81283393
6901.76700689
6900.70892431
6903.01790594
6908.02420639
6914.96858247
6919.17551523
6921.44920932
6923.33941016
6924.24760259
6922.58183971
6918.08710753
6913.62164109
6909.78822099
6906.62941111
6902.84090369
6901.35639457
6895.78354196
6890.18216241
6887.07828066
6887.15137877
6887.85665564
6887.28170501
6887.83706385
6888.69851753
6888.77296776
6886.62079718
6883.81180999
6880.44475275
6874.30036465
6869.50024855
6867.10772821
6865.75331532
6865.09724446
6864.59895345
6865.43769988
6867.33497495
6868.55920797
6869.92631963
6871.62688915
6870.02379772
6866.8077876
6862.06114992
6857.62751405
6854.2525044
6853.21692695
6851.29617796
6850.21318571
6851.09932604
6852.85101823
6854.52330473
6851.86806891
6844.56992529
6837.28981924
6831.8356953
6825.88537125
6820.91890955
6821.17602142
6825.22394767
6831.24344589
6837.39758459
6846.16837491
6854.14119845
6860.86165234
6870.7925615
6879.58491604
6887.61429861
6894.29477436
6897.83168991
6897.63806495
6894.73396937
6890.79127847
6889.02493599
6887.21261447
6885.12298989
6880.98325191
6872.71366594
6865.1853065
6860.07921403
6852.95003661
6847.50005964
6843.64814197
6844.29143042
6848.33790001
6854.43216907
6864.93628644
6874.24477441
6883.28734779
6891.04840427
6897.65846524
6905.94631877
6913.24359117
6918.4254372
6920.41080915
6920.62058985
6920.13877518
6919.49197401
6919.3260466
6921.09841089
6927.01282012
6933.25877054
6939.25437667
6944.32874311
6948.19936045
6948.54906465
6949.68833018
6949.96807959
6951.03584307
6953.06384862
6954.13231603
6952.81189433
6952.24442913
6950.49477907
6949.60875026
6947.6669528
6945.67229722
6944.09220577
6941.86570345
6940.9997822
6940.91974925
6940.97492131
6940.37195252
6940.69243978
6943.51643968
6947.05377342
6950.54919841
6953.19856576
6953.85273389
6951.38702484
6947.50135297
6943.13267461
6935.53502948
6928.00791761
6922.46517407
6916.07214228
6909.91184238
6904.35618399
6895.57940671
6889.58270634
6888.13835657
6888.36584726
6889.89903966
6892.64090874
6892.00637422
6891.5876004
6894.28629224
6898.89355006
6904.21851171
6907.08630217
6909.59008664
6910.46626728
6910.76393577
6911.97438971
6914.0660355
6915.82988282
6916.41242345
6916.05054321
6914.87654771
6912.91172241
6910.87294172
6909.42125287
6907.58708137
6906.18735156
6907.57253563
6908.28924279
6907.36524311
6903.61329868
6898.81243681
6895.30611819
6896.16959309
6898.95004637
6902.3716484
6904.3167704
6904.90906859
6902.65440176
6896.34303382
6890.38021312
6885.50189709
6882.44441954
6881.06745971
6880.13494306
6880.64838619
6881.70801604
6883.63027745
6884.66497671
6885.92042
6886.01625324
6883.98727891
6879.73447164
6873.24012147
6864.26951014
6856.81829123
6853.82719301
6854.28401437
6855.97159238
6860.65159285
6868.12202023
6875.73579322
6882.23146763
6889.08333502
6894.2021193
6900.76774849
6907.38928157
6911.45799841
6912.68975869
6912.43719106
6911.14353296
6911.15561144
6913.27445295
6917.22028022
6925.0756157
6931.56639042
6937.97201644
6942.55345852
6945.2509237
6946.76085825
6948.03054759
6948.67323665
6945.92251606
6940.55971597
6935.74648291
6934.15075147
6934.57296832
6935.83661494
6937.70557913
6937.44549818
6935.40261234
6933.93791108
6933.36388741
6933.9602559
6937.32914617
6942.0666884
6944.08748032
6941.31721673
6936.56779118
6932.76166438
6930.3910219
6929.4790519
6929.14132163
6929.02512993
6928.80100561
6928.27241038
6925.58288368
6923.87052145
6919.83461094
6914.29130982
6908.85298616
6905.74682533
6906.10784133
6908.27860704
6911.38263515
6914.94436977
6918.16127201
6920.57026869
6922.10229019
6923.4809576
6925.14860229
6927.77034876
6928.89607218
6930.28383503
6930.97132526
6928.92874609
6926.94756989
6922.68363203
6919.27198271
6919.81060036
6923.39250526
6927.45873392
6930.72516975
6932.48709344
6934.31477616
6935.50427921
6937.30905952
6937.38264551
6938.59394279
6940.42757762
6941.57674011
6937.89606773
6932.03584783
6928.57135432
6926.60999295
6928.39739783
6933.09352616
6940.33106135
6945.00170153
6947.66187887
6950.68500282
6951.86181406
6951.16666415
6948.91731519
6945.58498792
6942.82028613
6936.2781448
6930.39990825
6924.21476141
6916.74795827
6911.72061633
6909.31370358
6908.6656618
6909.3781523
6912.09453322
6919.47664766
6927.03637768
6934.72175726
6939.67891443
6938.64413152
6933.30126474
6925.49192922
6917.89677227
6908.24635131
6901.1724296
6900.37916736
6903.88152719
6909.30977268
6912.47354497
6913.35891166
6912.83813642
6909.71768075
6907.28477106
6904.65434733
6901.96915577
6900.43316155
6898.96023606
6897.09251247
6895.03798725
6893.40750494
6893.8219715
6895.7445326
6897.55645685
6900.49984755
6906.43342343
6912.54584853
6917.09138277
6921.7849602
6924.92284706
6923.78839062
6919.86477576
6914.27615074
6905.96014663
6898.66542514
6893.95778985
6890.68496282
6887.47139906
6884.65749824
6881.6089628
6879.42579104
6878.85073586
6878.98950239
6880.72165854
6883.31829321
6887.05177493
6891.60772189
6896.94667171
6901.35007306
6903.42616947
6901.45170508
6897.33865404
6893.81992241
6892.38653596
6892.80662009
6893.76337034
6896.20784275
6899.25976545
6901.23491287
6899.32819387
6895.43623534
6891.07479152
6886.21201093
6881.50533048
6882.28827061
6887.21999537
6893.64301077
6899.37401261
6904.62675433
6907.02038981
6906.93546414
6904.4106103
6900.24359295
6895.98845085
6889.75203496
6884.59694557
6881.51966713
6877.27858289
6872.97433234
6869.2312673
6863.67351104
6859.89169452
6856.78835641
6856.72782465
6858.0100664
6862.4808089
6868.49606258
6874.16550812
6877.93475829
6885.62773484
6892.31391876
6895.79472831
6897.82625355
6897.20008963
6896.6009472
6897.57250805
6899.84531699
6902.47060406
6905.38192024
6906.50549003
6905.77316379
6903.44779642
6900.43539882
6894.59058891
6890.0272262
6886.72852071
6883.53286209
6880.77359667
6880.86193052
6883.04687954
6884.99630184
6885.07521964
6882.36527871
6879.97118323
6878.6934439
6878.31491306
6879.29546481
6880.35343587
6881.38943847
6882.04428267
6881.83561015
6882.52093977
6883.21620119
6885.84576765
6888.44553869
6893.00324201
6897.64339677
6902.39497595
6905.54264826
6910.74284549
6914.95764006
6916.47060642
6916.46356704
6915.04865724
6913.82682876
6911.46679416
6907.32514648
6903.86515539
6901.37775667
6900.50575087
6899.60711389
6895.69374447
6891.60764523
6888.69128996
6889.9558287
6895.08979993
6903.64803561
6914.90762556
6924.16045358
6929.48694856
6933.58074234
6934.22289473
6930.88490807
6926.92310627
6921.89368039
6916.35786472
6910.95157376
6908.88897764
6911.27997858
6914.77282479
6918.45537898
6923.29133324
6927.50593963
6931.59037312
6934.49073992
6936.08001045
6936.96872956
6937.37539703
6938.3458497
6941.29650978
6945.23956311
6948.03115395
6949.09424774
6950.41259945
6951.98405546
6953.75586914
6954.71015212
6955.6169297
6953.73001856
6950.52773873
6947.71237427
6943.84115057
6942.10848563
6942.8348737
6944.69693789
6947.77386785
6952.29826302
6960.8097739
6968.74526779
6973.77125064
6977.2007563
6979.38707836
6978.00812519
6974.64253159
6970.76822031
6966.45240008
6960.27582595
6953.00330989
6946.07074743
6938.6991642
6933.6015399
6931.76585598
6932.85588761
6935.8756452
6939.81441217
6945.52060889
6948.41828539
6948.98450997
6948.55401313
6949.03729143
6951.14470266
6954.18930022
6958.30894459
6965.16822773
6970.81136269
6977.10652609
6982.8101719
6985.97510813
6985.40868143
6981.14127963
6976.28431176
6972.24830368
6967.59125439
6962.98713991
6958.55006798
6950.11143915
6942.08530445
6936.11472648
6933.70862919
6934.30038375
6938.77127958
6944.50817081
6949.9402775
6954.26483772
6957.38805339
6957.1545618
6955.51810647
6953.85461571
6951.19107201
6947.50202206
6945.10639324
6944.97436641
6948.70669116
6954.48109326
6959.35245354
6963.80579969
6967.51129114
6972.93105451
6981.15389477
6988.41909963
6993.27544023
6996.28390691
6997.94638707
6997.46373604
6993.54969753
6989.86635576
6986.31432294
6983.57711659
6982.42600259
6980.23947144
6976.91876264
6971.09649271
6962.63795844
6954.5508738
6946.83976909
6936.80453064
6927.97263704
6922.81211826
6923.79040486
6928.26813099
6934.45886753
6945.47991984
6953.01141564
6958.80571621
6963.80758394
6966.18056823
6965.68351085
6964.64929946
6963.5393136
6961.1524178
6958.65476666
6958.6962642
6963.44682581
6968.02875577
6971.00093826
6971.24139256
6971.76007689
6973.37209649
6975.40006719
6977.15552301
6977.11440184
6974.04815642
6970.58603261
6969.41679742
6967.27523471
6966.37244379
6967.85269444
6969.29935814
6968.92752518
6965.97713692
6961.6110025
6957.98555794
6955.37013298
6952.69055202
6950.51690783
6948.88000644
6948.88696219
6949.22032943
6949.45798889
6949.98526685
6952.40780564
6957.7190579
6962.83564673
6967.26383927
6967.51294993
6965.81247102
6961.22683318
6957.82728325
6956.23569181
6955.54250735
6956.29820993
6956.60379599
6956.13032404
6956.0878159
6955.98343085
6957.82319901
6961.75943598
6966.22975333
6969.30319147
6972.75653347
6976.13390585
6976.87415663
6975.61675485
6971.89954039
6966.09671589
6960.136237
6954.11253605
6941.00775552
6929.34504567
6920.20013633
6910.2843514
6903.35135682
6901.37797273
6902.80011009
6906.23912938
6910.44542093
6915.46883197
6919.87889635
6923.77187943
6931.40810876
6939.96658838
6948.81063711
6956.12163283
6960.9026032
6967.0320692
6971.19448655
6974.89769194
6975.82298798
6974.47978932
6971.14813811
6967.95990221
6965.02033787
6963.22848633
6961.95844154
6960.79627361
6957.73898425
6951.76066295
6945.70787749
6940.23847599
6934.55437319
6930.92544379
6928.25067889
6925.03698271
6923.01552867
6922.89799181
6922.67520567
6922.51649886
6921.25946648
6919.82575246
6917.82022417
6915.65790572
6914.16715176
6914.07431549
6913.56285176
6912.7877595
6909.53199427
6904.6307619
6900.17771544
6896.80577942
6892.19965069
6889.88005423
6890.87388323
6894.09215153
6899.0849726
6903.17762335
6904.12732725
6898.44471597
6889.54469365
6879.85409243
6875.4561135
6875.56694551
6879.04478597
6882.23098672
6885.53322585
6887.92905678
6890.79180816
6897.08283854
6904.62802978
6911.44435175
6918.58488279
6925.43041474
6934.59154952
6943.78017275
6949.93537781
6956.43058525
6961.11884481
6960.94777376
6959.27737604
6955.05235693
6950.31833439
6943.70288586
6936.56568633
6928.39631056
6918.67171816
6909.85225153
6902.56176761
6897.41175912
6895.21087041
6899.29644693
6911.35186397
6924.99063427
6942.00933482
6956.49547307
6967.69538853
6973.16119367
6973.12634522
6967.14362605
6960.4150246
6954.57243105
6948.74662051
6939.65505718
6929.00236692
6917.69855429
6906.12677101
6897.8055257
6892.82016917
6889.28986088
6887.64332737
6889.98164443
6895.98164843
6903.22952663
6910.38428978
6917.03771616
6921.83407561
6925.81503011
6927.8555114
6928.3685921
6926.84390272
6926.30767568
6924.45543874
6920.79496452
6918.97984119
6919.67850382
6924.09697365
6930.02159348
6935.33209999
6937.79292328
6937.85277898
6937.77043906
6938.72696629
6941.22537712
6946.30478265
6950.290832
6950.57702141
6947.90119711
6944.72775089
6940.54305144
6936.0617638
6932.25197792
6929.07293503
6920.73515761
6911.99529181
6902.46136225
6892.9685469
6887.21195235
6887.17403027
6887.66340705
6888.64299698
6889.38033442
6890.71266733
6891.02525096
6892.44605015
6894.97151732
6897.24373383
6902.9753978
6909.50714733
6915.08224418
6919.17750857
6921.16416294
6920.64976497
6917.8700923
6913.7846482
6904.55185107
6896.54902998
6891.80228079
6892.01842482
6895.92626727
6901.41796481
6906.49033095
6909.96642202
6914.4978984
6921.31671552
6928.84202223
6936.30799598
6944.4193212
6948.96088969
6950.46481637
6950.31823682
6952.10399685
6955.474065
6960.72468096
6964.05528672
6966.7328395
6968.79579804
6969.58260634
6967.24658231
6964.70300092
6960.8577881
6954.34409007
6948.60082854
6945.92568727
6945.56068461
6948.39617056
6952.61962846
6954.94649431
6953.96573347
6952.44149712
6951.2489274
6948.18418744
6944.43894785
6940.87579838
6937.02990253
6932.52242977
6929.88347513
6927.4012758
6924.59067861
6921.58930009
6920.29295169
6920.38944008
6921.3139137
6921.3139137
6921.36086153
6921.14710811
6919.12002953
6917.78936935
6914.7989681
6909.7054141
6904.70813243
6899.2103155
6895.25772764
6891.28556191
6886.18344217
6882.97115386
6880.5836308
6877.3647422
6874.47863539
6873.43381613
6874.37688488
6875.3704351
6874.68306336
6873.31632806
6873.06716862
6875.05203875
6878.42418386
6882.65092449
6888.17924775
6894.00979767
6899.3484687
6905.57171187
6909.46358676
6909.18854886
6907.99859277
6904.23545502
6897.73627486
6890.25585294
6883.26086297
6873.80286121
6863.65957863
6856.11008012
6848.95581879
6843.83443482
6843.13172976
6847.65363676
6853.98384376
6863.02174745
6870.17688696
6875.52096646
6882.65668145
6888.9056149
6891.40694603
6892.52135765
6892.99627232
6894.85343683
6895.21981949
6894.08496578
6892.37816536
6891.73916328
6893.12510007
6896.70430771
6898.9599503
6900.34555952
6900.90480744
6899.45155041
6896.62309688
6893.74518642
6891.29761251
6890.21390935
6888.52999043
6885.93325817
6883.77052155
6881.62155703
6878.56562675
6874.56482954
6873.32850411
6874.17668751
6877.90228651
6880.88810867
6884.38236972
6888.08639754
6890.84255448
6894.40594788
6898.17112078
6901.75649659
6905.03915089
6906.4585631
6904.35189066
6896.08638196
6886.05808532
6875.40996021
6866.35164927
6863.79948122
6866.99842953
6872.88644455
6878.54581889
6884.64344734
6888.59781248
6890.44418094
6891.36557395
6891.29084494
6891.87013072
6893.59603506
6896.32376263
6899.13715467
6901.4679584
6903.34378076
6906.67139653
6910.46789121
6914.62374312
6919.72398105
6922.75495287
6920.90376835
6916.75086463
6910.87055808
6904.13420634
6899.62578569
6895.19293043
6890.38566342
6887.05644463
6883.60105354
6881.09036908
6880.22080267
6880.21822389
6879.88050756
6880.47526606
6881.99398242
6884.34193158
6886.46680188
6889.76003616
6893.92630776
6898.90474338
6902.82467128
6905.16426379
6906.32623657
6907.41352912
6908.12552477
6909.34796658
6910.30812501
6915.7744947
6922.26675396
6927.11649426
6934.42101514
6942.05980932
6947.20270872
6949.99188805
6951.4114327
6949.33315477
6946.67945228
6941.62556278
6933.99007224
6926.77005188
6923.46240428
6921.85911073
6922.11136472
6925.46775137
6927.78881147
6928.46068262
6928.46068262
6928.57874916
6929.82196762
6928.76394777
6926.84364484
6924.5560741
6921.53723651
6919.9526287
6922.31227301
6927.19622752
6935.31184607
6946.96208017
6956.7625934
6962.99913474
6967.9758628
6970.17760878
6969.96482414
6967.7836039
6964.54175714
6961.73541146
6958.46035413
6955.6744854
6949.57242423
6942.03717874
6934.03915976
6927.27541016
6922.37155719
6919.16654524
6916.92806203
6914.12089393
6910.82826601
6906.82589364
6902.1906804
6897.75087636
6894.06276732
6888.73587507
6883.08147012
6878.25846555
6874.42823059
6871.90961462
6873.71095191
6878.19261591
6884.50664627
6892.42280623
6898.71324418
6900.83625357
6900.76781122
6899.19444552
6897.05522463
6896.11304799
6895.18550771
6895.44943593
6895.5154598
6896.50484215
6899.23901669
6901.80283109
6899.6005136
6896.09005499
6893.13650946
6892.25057822
6894.99598093
6901.71859542
6911.45026205
6921.48928504
6931.70855816
6940.83055115
6947.19355752
6950.29951623
6951.3940015
6948.51525468
6940.12828519
6930.76213698
6925.88258732
6923.39334162
6924.87501408
6927.26285078
6930.72634065
6932.64121419
6931.92824278
6930.19761997
6928.91323853
6929.10201955
6927.79479843
6925.12087686
6922.17192436
6920.97359768
6921.52649622
6922.59171576
6925.06981692
6927.99224278
6933.04365106
6942.1389153
6952.25346185
6961.09107756
6969.66268808
6974.20009566
6974.15848661
6972.97210598
6971.22989257
6967.9132471
6965.93549999
6963.66823892
6960.63784559
6957.1230588
6950.15587092
6943.35562105
6938.08890511
6933.87051418
6931.46304386
6934.73913967
6938.7659617
6943.71797524
6947.67564401
6951.03370338
6952.23347975
6953.10081585
6953.30419141
6953.07753012
6952.57466699
6951.769849
6952.66661811
6953.39448374
6954.2910786
6955.99000327
6957.31877467
6956.45746735
6955.05999571
6950.88353444
6945.97214723
6940.91114865
6936.82269365
6933.5755778
6934.24615956
6936.46335037
6940.91690561
6947.21330962
6954.88457559
6960.01943894
6961.58580707
6962.45826589
6960.79962603
6954.77345782
6949.57362302
6947.10578821
6945.59121185
6944.79613749
6944.79613749
6944.70738546
6943.22158695
6940.39423462
6938.27279341
6940.41411218
6945.65053088
6952.61186422
6963.22655573
6972.81849402
6980.09275947
6986.86248906
6991.48736626
6995.23336554
6999.29850693
6999.83858821
6998.13352325
6995.51835616
6993.36890377
6992.39711989
6989.53661972
6984.53942169
6980.51296208
6977.3131077
6976.79895367
6978.40553691
6981.80172746
6983.54484693
6982.91220816
6982.38543899
6981.65822154
6983.63601047
6986.68378621
6988.64366304
6990.1171252
6988.83853557
6986.44368039
6981.91275462
6978.21937649
6976.7758143
6976.25761785
6979.22489367
6984.87975165
6989.64458022
6994.96377793
6999.64448234
7002.26947669
7003.97544771
7003.20404242
7001.50357745
6996.50554306
6991.75305084
6991.23074227
6993.10091919
6997.07921824
7000.17731514
7002.70968231
7004.21778383
7006.83741151
7009.4502786
7012.6555066
7016.68878954
7019.95089022
7019.51743823
7015.68654812
7006.77600854
6998.23855647
6991.57469647
6989.65245597
6990.31590076
6992.80289524
6995.504138
6995.06239904
6993.01351927
6991.54444802
6988.98782633
6985.89321427
6981.95234246
6975.93303939
6970.43729943
6965.86534309
6962.50506736
6960.39592765
6960.03147559
6957.06609553
6953.32275866
6951.05904517
6950.30362835
6950.58161443
6950.49948361
6949.22032943
6946.2115979
6941.12704874
6938.1790929
6934.91845585
6933.8696569
6928.50593681
6923.00874716
6919.71749924
6916.30188417
6914.22000989
6913.26667478
6913.68702375
6916.48311005
6920.84366872
6924.14332905
6928.03773395
6932.07196476
6936.17215672
6942.86128882
6948.80586985
6957.26981956
6965.08743508
6971.40155604
6973.85112329
6973.73263856
6971.36838031
6970.65447497
6969.45053072
6969.36459444
6968.16207897
6966.36746047
6961.83127258
6958.06592543
6957.06289644
6957.90756014
6960.33023135
6964.51548141
6969.17397342
6972.13678864
6972.89732121
6969.52169125
6962.43049168
6955.65783481
6949.21509519
6943.3654971
6941.2291756
6942.24017793
6945.40969324
6951.30869249
6956.03667928
6957.88035744
6958.0387297
6957.14943908
6955.34612937
6955.62548848
6955.95666724
6954.96957096
6953.38612011
6950.35211648
6947.65260918
6945.88131823
6946.73523767
6948.03141183
6950.24129144
6949.44257891
6947.6755534
6941.89738069
6935.13163776
6932.11794381
6930.58326686
6930.00561895
6929.57245272
6930.53962266
6932.34732327
6936.43797373
6941.26601042
6948.4304684
6956.73273525
6963.96967105
6970.03521801
6973.52285089
6971.82189804
6968.68156482
6964.1654357
6959.42787953
6955.55001371
6954.03663613
6950.14582063
6944.81407747
6941.13704327
6939.37900867
6939.41418469
6935.97556268
6931.43310207
6929.82359853
6930.52474934
6930.93161893
6930.25781718
6928.51630771
6925.6563233
6922.54543702
6919.52765185
6917.21317114
6915.47596196
6914.86384197
6914.20903262
6915.6914369
6918.62887548
6922.72323381
6924.06804943
6926.42356071
6926.52498364
6924.1123906
6921.05141427
6918.65700515
6916.37915015
6915.41227294
6919.03419083
6924.59076921
6930.59792411
6938.70671934
6944.40130455
6946.32160748
6947.78791177
6947.27570926
6945.16900197
6940.50259936
6931.3365161
6922.75219287
6914.70687061
6904.41684817
6896.50905881
6890.63499014
6887.30984862
6887.90004893
6891.20906956
6895.79937013
6902.41649836
6909.8471985
6917.70062428
6929.4414086
6939.71395106
6950.00844107
6958.00840458
6963.03790016
6965.15888834
6963.72619887
6957.53572718
6952.79732767
6949.4674607
6946.10192285
6942.19827615
6936.3712041
6930.05112406
6926.92868203
6922.16639739
6918.48381532
6918.7840626
6920.74283821
6923.85856146
6928.3672818
6933.90295808
6940.67785222
6947.30788831
6951.6653385
6957.32182042
6963.59616536
6968.90403732
6970.97027162
6969.24464607
6963.97907316
6958.64139183
6954.96025248
6952.53414521
6948.81542529
6946.11851072
6944.11797969
6946.79468913
6948.23961738
6950.22295419
6952.02405451
6953.44950248
6954.64275522
6955.35358693
6955.60631486
6955.21936464
6954.81296899
6953.01020988
6951.57315738
6950.00089289
6949.98114776
6951.55243649
6952.77485739
6951.56380406
6949.25796576
6946.79749792
6946.35241351
6948.89816945
6951.98513576
6953.96771287
6955.64226452
6956.75684341
6955.23547857
6951.2151035
6949.47918372
6947.68696975
6944.78411478
6940.82393692
6936.55279937
6933.58727991
6928.95587909
6924.51068747
6923.0316635
6922.3475257
6922.75869559
6921.72364087
6919.50596218
6918.16780958
6916.63844353
6919.60944813
6924.75749117
6929.00053389
6937.31619649
6945.48230347
6953.15350671
6957.88828198
6959.94165023
6961.01473855
6961.57275981
6963.79128183
6966.35051715
6967.35986069
6964.53745684
6960.94479074
6957.86765866
6956.63476929
6957.10979548
6957.15794907
6956.60010902
6954.97610155
6955.20340405
6957.56785048
6962.34319631
6967.28805197
6967.21809719
6963.08367011
6957.59177742
6950.51470541
6942.7385944
6934.77442721
6924.46688297
6915.13730473
6910.25521112
6908.80037197
6909.60333602
6910.7877512
6911.48476202
6909.68130594
6908.03167789
6904.1095406
6900.50688693
6895.94428392
6889.91084632
6883.49079304
6872.81458008
6863.21615998
6854.55749803
6849.91905085
6847.91137589
6849.36202626
6851.36032002
6854.87681438
6857.70507277
6860.07747161
6867.18559359
6875.0187306
6881.08607575
6888.13219537
6892.74526591
6899.04498052
6905.82909555
6912.52592219
6920.59744351
6928.33671274
6936.57600147
6942.86429276
6943.77517548
6941.53429469
6937.36725644
6930.70279007
6924.66682944
6921.47839839
6920.28817745
6919.79404037
6917.75123817
6915.08816841
6914.50747475
6914.41347454
6911.7024115
6908.99063754
6906.62344506
6906.22791515
6905.97741055
6905.12002717
6902.9477351
6902.04219116
6903.4095607
6904.9480431
6904.92369797
6904.97146823
6903.81782423
6902.1921301
6900.02037469
6898.31151822
6899.52548488
6902.83118097
6910.24453356
6918.36747028
6925.89047003
6931.59426918
6934.73288786
6939.37529382
6942.86390942
6941.21929258
6936.19954063
6927.34483525
6916.64450716
6908.96348363
6906.90448387
6906.80159034
6907.56499442
6905.78910347
6904.41528696
6902.01383149
6901.61529764
6902.11839078
6902.6047915
6904.58113074
6910.08315736
6916.56118452
6923.64057047
6930.34578861
6935.69505356
6940.05856041
6941.73324449
6940.03328832
6936.37128077
6932.6703475
6928.19513743
6923.49397698
6922.31792543
6921.65423669
6921.5548071
6922.29826393
6924.37962245
6930.87684414
6938.9400785
6947.24011505
6952.68481597
6954.40941
6956.35991956
6959.84053396
6966.78643641
6973.58502052
6977.02860496
6979.91642631
6979.78595371
6972.13218864
6962.50000736
6948.62311064
6934.92203131
6925.48028984
6914.80326142
6905.06231117
6895.3404021
6886.09477377
6881.91450007
6880.39834856
6880.99707281
6882.75428499
6884.67574489
6886.01524961
6886.94881867
6887.82014841
6888.86386645
6892.00249907
6894.50088203
6895.43567776
6894.85002865
6894.98064064
6894.7139106
6894.09494638
6893.31691988
6891.31893279
6886.75885977
6882.05692569
6878.17910865
6877.18424813
6879.59449239
6883.20596272
6886.04760988
6888.75875656
6890.99227736
6893.0536259
6893.72925371
6892.87637275
6886.96174048
6878.65878363
6869.49239371
6864.13980421
6864.73057604
6870.1085143
6877.2350293
6887.77791209
6897.60329317
6904.19787445
6908.43225386
6909.31511146
6908.53089588
6907.51125114
6906.91364204
6907.46248422
6908.87230614
6910.78352757
6912.24128005
6914.95398097
6916.88972873
6915.05265784
6910.78963998
6903.21801271
6892.70972746
6882.87073457
6872.8426052
6864.50112688
6862.05500963
6862.78162769
6868.73690719
6876.80665124
6886.51396577
6895.32207181
6903.30877898
6910.23281054
6915.2371316
6918.24575162
6919.97040141
6920.9084938
6924.84450775
6929.20705975
6934.68090094
6939.9937632
6941.05259851
6939.70388683
6936.96872956
6936.40671467
6932.86942972
6929.17761978
6925.65696451
6923.37936739
6921.41937905
6921.747296
6924.63602341
6928.00064126
6930.75162669
6933.60993838
6937.17400087
6939.5034943
6940.57171081
6940.06137617
6937.87186199
6935.84195372
6934.49445476
6932.76973528
6931.18325959
6930.36763859
6928.65331091
6924.93943492
6921.17523081
6915.08981326
6908.48656168
6900.13262155
6890.69651856
6883.47744608
6878.85690404
6876.254833
6873.4520349
6869.58184271
6867.38659945
6867.37017886
6868.27769522
6867.45205181
6865.01119667
6862.09605413
6857.45850604
6854.39573153
6853.95800712
6854.79660719
6857.99492126
6862.66343569
6869.13062498
6879.48898522
6887.85839807
6893.60563232
6897.19033207
6896.87969298
6895.42712595
6894.42847392
6893.90888353
6892.70962291
6890.22088601
6888.70752934
6889.81200914
6890.88511837
6889.90908996
6883.60870626
6877.03478313
6875.25266825
6875.68513751
6875.3704351
6875.78259469
6877.26614199
6882.82380765
6887.32951011
6890.52691813
6892.52126007
6895.75512653
6903.36482226
6911.85891588
6919.83102155
6926.50546154
6927.20404751
6927.41336124
6926.67302683
6926.41875163
6926.3544423
6926.19647427
6926.41875163
6925.50380557
6923.29604475
6920.21992328
6916.71910375
6912.72292744
6907.75811059
6901.3362661
6893.16300822
6885.90073063
6882.61879422
6881.7084621
6881.7237536
6883.65062894
6885.50933375
6889.45882707
6896.28907448
6902.75872408
6908.43561325
6913.46762488
6915.74427412
6916.96793562
6917.91069771
6916.53240667
6913.47083094
6906.25728543
6899.55663243
6892.29018
6884.7184203
6881.25788558
6877.54598202
6874.99430184
6870.58614019
6867.3518416
6867.4730236
6870.59524957
6877.67076038
6886.09527559
6892.81034887
6895.91129638
6896.26618602
6898.21177499
6900.66952465
6903.46609185
6905.38034509
6905.93190545
6903.37327649
6898.63224244
6892.25680215
6886.50330912
6883.78506729
6883.04899833
6884.33917856
6888.28711764
6891.9638382
6891.0550882
6890.21469692
6886.34471382
6883.99465284
6880.72310823
6874.92803403
6870.10711339
6869.21186368
6869.9550487
6871.03061823
6870.62955439
6869.26912666
6866.47299157
6863.4548858
6858.3967448
6852.86713912
6851.12410329
6853.09148647
6857.89752682
6867.20097569
6874.72135484
6880.98455524
6888.76332171
6895.42051172
6901.37913667
6906.61250265
6911.61292068
6916.048752
6917.77098331
6918.21085438
6915.1319311
6910.98898009
6907.8602514
6906.67321562
6905.99942083
6907.39469005
6910.77311485
6911.85050347
6914.43982694
6916.78795035
6918.83308739
6920.7360567
6921.05888578
6919.60109148
6918.0261576
6914.53171533
6911.43021722
6909.05319051
6907.46557179
6903.43983006
6898.83352012
6896.08755984
6892.20208312
6889.54636638
6889.44218345
6890.71053461
6895.96270481
6900.59646836
6906.80027306
6912.48989586
6917.86280897
6918.58461098
6916.76835855
6909.01860691
6900.51182844
6894.04879309
6890.29152382
6887.67005613
6885.91711637
6885.20674466
6885.58905306
6887.30216105
6890.72515702
6894.61090556
6897.26833684
6899.20817581
6902.11555411
6904.35251097
6905.31878182
6905.15802592
6905.41134627
6907.03431525
6909.64170416
6911.61403583
6914.13719603
6916.5722036
6918.91492549
6920.21105087
6920.39438856
6916.04081352
6909.5342873
6907.20250781
6906.01464961
6907.18357814
6911.72219845
6920.07133646
6934.960044
6948.02384275
6955.09755537
6961.79876594
6961.46218567
6962.10164776
6961.34811276
6959.73961982
6957.72837638
6959.85811152
6964.98675094
6970.38809342
6975.5595337
6978.93084245
6982.75385681
6986.43308646
6987.95122434
6989.42078347
6990.99446978
6993.21201605
6995.82753161
6997.56179958
6998.34958364
7000.69746311
7004.07615973
7005.97261238
7006.86765997
7006.94237504
7003.99928405
6998.89991036
6990.68160039
6982.62087512
6975.21606738
6966.99425863
6958.81481863
6950.64980588
6942.02882905
6934.86193864
6929.5365379
6931.04088276
6936.4653437
6943.40126555
6949.01625691
6952.62038118
6955.53090979
6957.45359635
6958.13341991
6956.84146939
6956.02676838
6956.15100311
6956.05921229
6952.45142893
6948.33428668
6944.96879065
6940.95641679
6937.5702626
6932.40418201
6927.62749799
6924.04575339
6921.90502008
6921.94173641
6924.37976882
6928.98922906
6934.55507713
6939.24431941
6940.60153411
6941.25855982
6943.69231981
6945.15368259
6945.9928472
6944.56445106
6942.65827569
6940.8295754
6941.09160786
6941.3929215
6941.3814006
6940.96680162
6940.44695336
6940.09809249
6940.73199277
6941.17282566
6937.25980473
6931.65191549
6927.24305686
6926.27877934
6927.87892956
6933.79289971
6939.55405243
6943.62703472
6945.54914977
6945.93692241
6940.59535897
6933.56645448
6924.01336524
6915.26348399
6911.78706535
6911.32137157
6914.2680659
6916.20389033
6915.36722783
6913.55439752
6911.38357606
6912.27007184
6914.8136602
6919.17244857
6923.79983485
6927.18864449
6929.65674415
6931.99489393
6933.30230323
6931.79185292
6926.57345087
6920.66284708
6914.22056049
6906.05292714
6899.74146164
6895.56058158
6893.13920673
6889.57805756
6885.08924265
6882.66206902
6880.47526606
6880.71733733
6882.92045634
6885.91798061
6890.62261894
6894.10429273
6897.53321991
6899.20685157
6899.27081938
6897.03807222
6894.42073756
6891.72222693
6889.32364296
6888.77793018
6887.622028
6887.99936005
6890.50830905
6892.95954206
6893.87532447
6894.14654996
6895.34926755
6897.69575308
6905.09007144
6911.87912102
6915.19011407
6916.07626136
6915.32627393
6910.11645854
6903.97480953
6898.03391547
6894.04050613
6893.12650098
6890.4508579
6886.85029514
6882.6909096
6880.4268755
6882.52764461
6884.13545452
6887.17531966
6889.35819172
6890.77621
6894.71412667
6899.74954648
6905.71760839
6910.03408377
6908.43003749
6905.50132497
6902.85489883
6898.38568966
6893.81698817
6887.33581768
6880.91862198
6871.11260966
6859.4274365
6847.23950475
6835.61794394
6829.12606801
6824.60427253
6821.93989944
6823.55756449
6826.68611894
6829.86562879
6833.14856187
6839.09793804
6846.21495335
6853.22443331
6861.28181313
6868.00683216
6871.97213971
6875.80394285
6876.8230788
6877.72870638
6876.75446917
6873.92114382
6872.38581172
6872.13502834
6871.04458549
6869.34174386
6868.26379766
6870.227006
6874.1756769
6877.86046837
6881.285841
6885.00026062
6888.22796588
6890.97003708
6890.34474437
6889.52711609
6887.0986461
6884.14908723
6881.23677439
6878.12303053
6875.9819557
6875.22158343
6874.29913102
6875.33291726
6878.38056057
6883.63012411
6888.99811662
6890.50855996
6890.24093084
6888.46288625
6883.86644539
6878.81372681
6872.86160458
6868.8570298
6868.41155509
6870.01362894
6871.70554907
6871.8386353
6871.44263842
6868.37557755
6863.84755814
6860.18261635
6856.44265282
6851.81476472
6845.40452476
6839.78786765
6837.04881433
6835.78493075
6836.56819148
6835.85503886
6835.75825077
6836.27836389
6837.60930983
6841.3202446
6846.66263047
6855.07861479
6862.47384618
6868.6778321
6873.91205535
6878.06644362
6882.89132303
6883.87848902
6883.07572012
6881.97761061
6883.87382629
6886.68044379
6891.4417666
6896.50212397
6896.41507254
6895.37090843
6891.87711435
6892.42551744
6894.77184267
6900.05290921
6904.93862008
6907.45213423
6909.12062923
6909.45092981
6908.70708267
6907.03823919
6902.87651184
6899.4002744
6898.24874222
6897.24697474
6898.15874261
6898.77223564
6896.48883277
6893.02954562
6886.32114233
6878.52579497
6872.3236839
6871.54456317
6872.64785813
6873.72607614
6875.9522927
6874.31124434
6871.93612035
6869.60556753
6866.23386848
6861.86872375
6857.23936505
6853.47124397
6855.69842932
6857.37866127
6858.57471584
6860.8866108
6862.09787322
6860.8116936
6858.13811354
6855.16060622
6854.31325222
6856.30415811
6860.28725927
6864.72422666
6868.16725352
6869.50746218
6868.22110134
6866.40072983
6865.72437717
6865.25193673
6861.9890903
6858.45971595
6852.77875648
6844.09967334
6838.00304156
6835.76577804
6835.79123135
6838.07778451
6840.88196262
6847.27245744
6852.41150957
6856.26758117
6860.06503768
6863.49772152
6866.08823681
6868.57596311
6872.23493187
6876.32616778
6878.74436445
6879.40298622
6878.16298776
6878.09365329
6879.86367576
6884.79051477
6888.81661893
6890.47111879
6892.1614777
6893.47971093
6894.46064601
6895.10911294
6895.51679101
6896.2044973
6897.10006761
6898.40126692
6900.3379765
6902.33295268
6907.30453014
6911.08861878
6910.94263165
6910.35858557
6908.27696219
6904.91862404
6901.34443458
6895.64054483
6889.62630872
6885.67631358
6883.6159617
6885.50752163
6886.53217757
6886.79301822
6886.51239062
6886.99858226
6887.16683058
6886.94138898
6887.86667109
6890.00428198
6890.54052296
6890.82433571
6888.90905792
6888.39124481
6887.67593158
6885.45587623
6883.87848902
6884.90769617
6887.40875549
6890.00428198
6890.00428198
6890.37660282
6894.72908362
6901.19646109
6912.99685717
6924.0827276
6932.50212009
6938.84938889
6942.41388351
6940.91783955
6938.44615051
6937.01847921
6935.42677626
6929.42396347
6921.86119467
6910.77227152
6899.53644821
6891.89609979
6885.50869951
6880.51484693
6878.56867948
6876.89662994
6875.70387901
6875.22725676
6878.49730288
6882.62351967
6885.28391307
6889.33094023
6893.06897316
6898.62174609
6904.5494535
6908.05787696
6909.32196963
6906.9477517
6902.71136503
6898.12287659
6894.34817612
6891.47612718
6890.17536696
6889.08341169
6887.37863249
6885.93020545
6881.01757066
6875.13064292
6870.45848335
6865.74763503
6861.63341308
6858.90424975
6857.23726717
6859.76338949
6862.60831938
6864.85725713
6867.20270418
6867.29555439
6867.81933356
6868.38060967
6868.13235628
6866.36380441
6863.43042219
6862.14192166
6863.7188419
6866.68450076
6869.09222198
6869.58495816
6869.50519006
6868.20857681
6865.62811181
6859.73102225
6855.33104302
6847.75634908
6839.8621297
6832.95374509
6829.76212192
6829.15220435
6831.62211612
6833.96931953
6836.7349204
6838.32306184
6838.61564943
6838.80885621
6842.35046933
6845.81506041
6850.67428646
6856.40635467
6862.15786831
6867.34742979
6871.23661439
6871.9399258
6874.28041043
6879.2326679
6884.64179553
6889.31838782
6894.77602448
6899.13811648
6904.77060176
6911.00053583
6914.05508611
6913.49535728
6907.82104689
6901.47469112
6898.07830542
6894.79751901
6891.48983656
6890.06219314
6888.76141201
6886.0263802
6882.67413355
6881.46269689
6882.42339896
6889.32032539
6898.43765567
6905.80383042
6909.98699654
6912.3020418
6912.56512669
6911.24032105
6908.90387187
6906.83791636
6903.1263125
6898.96353272
6895.65925148
6891.77012961
6886.95523079
6878.36061332
6869.96838868
6862.39050263
6854.6922082
6851.45215265
6851.23846196
6855.3411421
6861.32192369
6865.83862433
6868.29820005
6870.46893788
6872.51606826
6874.41362212
6874.03463128
6871.60545038
6870.16531727
6867.4805439
6866.71739072
6867.43154001
6869.81162642
6871.97961122
6874.12543241
6875.54859432
6876.84297029
6879.41399833
6883.90440232
6888.81889802
6893.11946856
6895.44943593
6895.6869769
6896.26767754
6898.6650209
6901.91555886
6900.27603686
6896.10421043
6893.84354966
6891.38506818
6890.06763646
6888.36869786
6887.17509663
6887.27809471
6888.99763572
6892.75863377
6894.382697
6892.51173947
6886.4621531
6880.77527636
6879.70912985
6880.13494306
6877.89512864
6873.26728235
6870.17627363
6869.40008016
6872.91882573
6877.07681733
6877.57925532
6878.22524103
6878.50283682
6876.55568664
6871.99843635
6868.11023448
6867.49770328
6871.87731011
6876.5315297
6879.2960433
6878.284574
6875.66019299
6874.99360487
6876.75420432
6883.62330079
6891.45456296
6899.09134986
6905.56168945
6909.02954235
6911.35069306
6907.77347876
6905.05742541
6903.46961155
6903.56660175
6904.93432675
6905.98946115
6904.97395641
6900.78279605
6896.559833
6889.86729272
6880.70879249
6871.57149405
6862.60336393
6856.49971367
6853.61902928
6851.83235621
6850.40117916
6847.5091272
6839.56040485
6832.29502575
6829.33322811
6829.09693471
6831.95974881
6836.40065407
6841.47872142
6845.22375888
6848.97311756
6853.02656381
6856.31696143
6860.28150231
6863.18044032
6864.97781186
6867.20519236
6869.13364285
6872.52006886
6875.64758482
6879.07619836
6880.92460894
6880.69847038
6878.95814575
6878.27427977
6879.71474742
6884.57068378
6887.27465168
6886.0132284
6881.54475802
6874.93955492
6871.22355319
6869.92528115
6870.50191148
6871.58528707
6871.60470462
6872.35757751
6875.67659964
6882.64410813
6890.42980246
6900.6513477
6911.20830229
6920.20383724
6927.14232393
6933.9184517
6941.06321335
6946.89250873
6949.80967248
6946.09877255
6939.14105648
6932.57102244
6926.61968779
6923.04473167
6920.70444916
6918.5913437
6920.04561133
6923.30279838
6931.49713958
6941.65498882
6949.19698097
6955.36773541
6955.40420082
6954.65792127
6953.14851641
6946.99448226
6940.23582751
6932.30623695
6925.23800251
6918.48788562
6912.82023826
6909.34247446
6906.08449984
6901.60963825
6896.74788221
6895.08646144
6893.67535013
6892.8260934
6892.56944154
6894.09834758
6898.78804986
6902.65435994
6906.49235216
6910.34502952
6915.13876139
6922.11987471
6928.87756765
6933.29107506
6935.37361146
6937.8589611
6940.00799531
6939.75148284
6937.10389973
6934.18849234
6932.94109904
6933.80291515
6934.84012351
6932.41864411
6927.9931349
6918.56214767
6907.36775916
6897.55693776
6887.24593656
6878.77410412
6871.21125168
6866.1817352
6867.91708346
6871.46877476
6875.05974723
6877.43722697
6881.32153975
6885.01085455
6892.55086731
6900.39005402
6904.90717981
6908.38327087
6909.05310687
6910.08328978
6910.30151077
6913.62686836
6918.96406181
6928.22708649
6937.23173081
6941.94398004
6944.30522041
6941.32281339
6936.90171599
6928.93235639
6922.26304609
6919.00240207
6915.06226904
6911.62952945
6911.23360227
6910.97157677
6906.97349077
6902.70962261
6897.78504875
6893.11705705
6886.26341239
6880.1838215
6876.90672205
6875.63608483
6873.88451113
6872.6516357
6873.1567361
6873.53516239
6873.17851638
6870.98776857
6867.70302337
6863.07353225
6857.98749157
6852.09085505
6847.33127465
6843.09206526
6841.02849338
6842.43986955
6845.21995343
6849.8331773
6855.33284817
6861.73719873
6869.0438384
6874.38317851
6877.11499729
6879.97658474
6886.31105022
6894.73750301
6904.13502179
6913.12605431
6920.06270798
6925.39778265
6925.90393548
6927.17740238
6929.30351329
6931.49459564
6929.22259519
6923.80299909
6917.17126936
6910.90273714
6906.13576191
6902.72368047
6900.78775847
6902.61928846
6904.14946996
6904.65342733
6903.09230738
6900.53404782
6898.1720129
6898.65667121
6899.90993298
6901.07329273
6902.39845383
6904.02388311
6906.9021769
6909.32983841
6907.67126825
6904.68190549
6899.9841323
6896.57854662
6899.67440625
6905.16239591
6910.99721129
6916.12960737
6920.0140247
6923.50112091
6927.62908708
6932.62408269
6936.9923359
6942.74630985
6947.8668226
6953.87428417
6959.1293677
6966.55406695
6972.85654852
6975.56308824
6975.87114854
6969.29378239
6961.8197935
6954.57746317
6948.81465863
6943.0820189
6938.91305701
6938.43557052
6941.46311325
6945.40208931
6947.99113399
6949.53554063
6951.75547053
6953.78575517
6952.32214118
6948.19904682
6942.26413275
6936.54784392
6932.76509346
6929.47993008
6925.9128288
6923.16267276
6920.0961834
6917.31350679
6919.4438483
6921.77692415
6927.64560525
6936.08479166
6944.87596135
6954.54920107
6963.21374544
6967.5367793
6970.51131753
6972.1871098
6973.50493878
6969.36724292
6962.97283113
6956.8069276
6950.66955798
6942.28121546
6934.63989825
6929.1054347
6924.620021
6922.08421778
6926.04870988
6933.74797309
6946.42348344
6956.83972696
6965.47695711
6972.13142198
6979.85293244
6985.75744471
6989.77568009
6993.36527953
6994.82347807
6994.59020255
6988.98141422
6979.76351131
6965.98196691
6952.58675243
6942.88441425
6935.9065279
6932.45477499
6927.19437358
6921.65843245
6916.16897915
6912.66509993
6913.25132055
6915.56055309
6917.46979512
6917.7510012
6917.57588774
6918.97547816
6918.62030276
6917.16237604
6915.62676515
6913.57919568
6916.57837177
6921.04399852
6923.46289913
6925.95435421
6928.35665302
6933.08497436
6938.8480995
6943.86286115
6945.00241941
6944.57885044
6944.91343041
6947.36108099
6951.07113758
6953.40267313
6956.56869663
6959.24003941
6962.0847602
6965.67858328
6967.63662011
6968.09036783
6967.57392774
6966.40222528
6965.21578889
6964.35482309
6967.37283128
6971.92240097
6973.30400262
6971.69818604
6967.64524161
6962.43918288
6959.52052762
6957.87029321
6960.41059885
6964.30693435
6969.72241832
6973.86150812
6975.62288818
6975.98837872
6971.78154354
6966.50974669
6961.03900701
6954.35292763
6948.7491993
6946.00475144
6944.11549848
6944.24107835
6944.64473492
6945.3562636
6945.08190872
6943.52865058
6940.77936575
6938.35237333
6936.93280081
6937.56330685
6939.82013429
6942.76121801
6946.32024839
6951.63610762
6956.39858741
6960.36224314
6961.88395647
6961.47192233
6960.56430839
6958.95005152
6957.41030761
6955.62464515
6957.0232389
6960.85713992
6966.70724679
6970.09878158
6966.984285
6963.27097356
6959.48066796
6955.58830519
6953.16044852
6950.17291181
6947.63303132
6945.12829201
6944.02694856
6944.93003221
6945.44371927
6944.94557462
6942.20599857
6941.51747683
6941.79464746
6941.59523069
6940.3940325
6937.18341692
6934.37863943
6937.22684506
6941.87891102
6949.15004011
6956.24854392
6959.86707454
6961.75631356
6960.45095335
6960.44837457
6959.68918018
6956.53066303
6953.25789176
6950.90550987
6949.01024207
6947.44922666
6945.84582159
6943.97517771
6943.14869096
6941.93892702
6938.46457837
6931.74282812
6924.76629389
6921.50081988
6919.66588868
6921.47436294
6924.47560206
6929.00615843
6936.05297502
6943.79075971
6951.78421353
6958.442679
6962.36406356
6965.16467318
6965.35053391
6963.13902339
6955.72250657
6946.82894516
6937.87154836
6929.76779222
6923.83082209
6920.5125039
6920.99800553
6924.34632825
6930.36887919
6937.68919339
6946.0052184
6952.79326434
6959.13724345
6965.85962794
6972.25025519
6978.41320357
6984.65442157
6991.57727526
6997.55252989
7002.0084618
7005.27801307
7006.39441802
7006.34109989
7006.97143865
7008.77665806
7009.21470307
7009.99335684
7009.29750299
7010.50507845
7010.72008642
7010.44464427
7009.24153638
7007.74326212
7007.07507794
7005.85384886
7002.81074281
6993.38284315
6982.63355996
6968.30134035
6955.04383997
6947.47470087
6943.4815285
6941.01156794
6938.4010148
6933.11662372
6929.09915501
6925.87848217
6924.71713666
6923.27880174
6919.63460871
6914.26515257
6911.16247658
6913.28815536
6915.52844373
6915.10171052
6911.93730399
6908.27183947
6902.25567973
6896.15941037
6893.74782793
6893.74782793
6892.52514219
6889.64689022
6883.5541057
6877.92921042
6871.19014049
6862.57034851
6851.99260333
6842.32801996
6839.26445787
6840.15056335
6846.25850694
6856.41565224
6869.79260613
6880.52721116
6884.99690123
6888.84446981
6889.50417884
6887.53701869
6885.09288083
6885.83270646
6888.69577147
6892.8138825
6894.76879691
6895.24337705
6896.65129624
6901.2438968
6904.81528444
6906.76375189
6908.59777005
6911.56956223
6914.22168958
6914.45181481
6913.34176622
6909.82865216
6907.30213256
6904.01197888
6898.77475867
6894.69946244
6891.01649703
6886.22083455
6878.26402039
6870.80178937
6868.77957563
6868.87636372
6872.07267749
6875.70295204
6879.50176764
6883.77775609
6886.24289362
6888.50313621
6890.110974
6890.53563721
6894.82787201
6900.73921458
6905.01548182
6909.57044605
6914.94625158
6918.93607153
6918.84380678
6913.51233544
6905.52433889
6894.5352426
6886.23218121
6885.66535026
6887.48078723
6892.38372021
6898.48933592
6908.82023559
6917.25024989
6922.81735947
6926.79249428
6931.35670033
6936.22126516
6939.6040739
6942.38278475
6941.16109567
6938.85111738
6933.83128179
6926.54875029
6919.4627501
6913.45799974
6911.35862457
6910.69773068
6909.76188253
6906.47911672
6901.81803896
6893.0885789
6884.28054255
6876.62023991
6869.42781256
6867.32308466
6867.98742854
6874.33586826
6883.00423898
6890.76379001
6896.51184669
6896.59541327
6896.02851959
6895.00603122
6894.58707619
6891.00923461
6887.63967525
6887.58842015
6886.58330722
6886.00880264
6884.75232087
6882.26780063
6880.02524711
6877.51972022
6874.77862478
6870.90744987
6866.45175493
6862.93083481
6857.29709499
6850.12980731
6843.77250912
6841.71271482
6844.41091182
6845.94972179
6847.23468172
6847.3442801
6845.05493905
6841.88817676
6841.37490788
6843.41722917
6852.35911144
6863.19307637
6874.02757796
6882.22226067
6884.05571429
6884.558675
6884.46981146
6887.2519514
6891.0518473
6894.45452662
6896.13008192
6896.00257841
6895.99311357
6897.43082122
6898.45029172
6897.93109163
6896.92935203
6893.03705895
6890.82511631
6889.43789709
6889.15768768
6891.98115091
6895.67158086
6897.91190407
6898.76245019
6897.93271557
6898.44769202
6905.83644857
6915.1876468
6926.86338997
6939.2020343
6949.1889728
6958.64164971
6966.55525876
6970.04156043
6970.89632321
6972.86003337
6975.33371574
6977.33924404
6976.37261773
6969.51967004
6961.62991823
6951.51298108
6941.76868537
6931.42192268
6919.66349808
6908.5698216
6900.52109116
6897.39444641
6895.6268006
6895.28824791
6897.39287126
6900.36367374
6902.28406031
6902.09643625
6900.91613319
6901.90753674
6903.60246081
6903.00055141
6902.30133817
6905.52946858
6909.06346383
6911.18308595
6915.42244171
6921.4629187
6930.49999997
6937.49457873
6941.54175226
6945.48949619
6948.60216672
6952.06459022
6952.99996444
6950.28246837
6940.64949255
6930.33759922
6923.50084212
6917.97431704
6911.65464124
6905.81428496
6904.52715746
6904.42094635
6906.50459094
6909.16916615
6910.39704432
6911.10425179
6911.10425179
6911.15307447
6912.37251234
6913.80828939
6912.25806306
6908.96197121
6903.97345741
6897.39657913
6890.63801498
6881.201222
6873.68423012
6869.26097212
6867.04258252
6866.38992681
6866.1817352
6864.10617546
6859.72324408
6852.91803179
6847.32529466
6845.42209535
6845.55097189
6847.93664799
6851.87114254
6857.34594555
6862.37530173
6867.14137787
6870.68113009
6876.19616912
6883.18246789
6889.85578577
6895.36782783
6898.24303405
6900.78577211
6902.17014072
6900.86101688
6893.96328893
6885.59857366
6881.77306415
6880.88897988
6882.32744723
6883.53816602
6883.25215085
6882.56102942
6883.81545514
6884.56868348
6884.89945103
6884.89079467
6884.30532677
6885.65063027
6887.3652228
6888.83255861
6891.16790658
6891.79913746
6890.2671996
6890.134887
6890.6415974
6891.32011067
6890.25847355
6887.75685665
6886.46441825
6888.02923911
6889.64680658
6890.65747436
6889.20656611
6881.36056305
6872.85561065
6867.83754536
6865.89614518
6866.41466921
6867.17016966
6869.93396538
6871.96721214
6870.61894652
6867.48294147
6862.83563582
6858.40733176
6855.01413818
6852.00342725
6849.65623778
6848.48498835
6850.14928759
6854.38716578
6862.60238817
6871.29543857
6878.66377393
6886.97321956
6894.48830871
6900.8099639
6907.55924443
6914.29512224
6916.98317834
6917.14372514
6912.47311982
6905.87922853
6899.36091656
6894.04357279
6889.8921327
6886.594856
6884.3040792
6881.70310937
6880.22635752
6877.70783913
6874.78757386
6874.27512044
6875.32031606
6881.49484807
6889.26713272
6897.2680929
6902.93652784
6900.87041202
6896.40160013
6887.91255953
6879.48660159
6872.16621073
6865.28966367
6858.8747819
6853.39685647
6849.22176125
6845.24449371
6842.42526108
6841.52660319
6841.75066478
6840.90112927
6841.53659075
6840.71660672
6842.43092046
6845.88173944
6853.39397799
6860.94196407
6869.71933378
6878.7172663
6886.31705112
6891.12895298
6892.1661474
6892.91667149
6891.9321749
6891.89977978
6894.98827942
6899.27410211
6903.48435941
6906.5895863
6905.88832398
6905.57166308
6904.5375423
6903.44813096
6901.05300396
6898.3080055
6895.83407221
6893.4321428
6888.33335456
6881.86907163
6874.16669297
6868.2691225
6864.46119055
6861.13190207
6856.79634367
6852.25793942
6848.77237655
6847.45788604
6853.75642974
6861.36820244
6866.83227212
6873.39629132
6880.1928821
6886.96708623
6892.22177249
6896.08666075
6900.92660863
6905.12282898
6906.27387329
6905.12117717
6901.41898935
6897.61102256
6893.09230071
6888.11353751
6884.21172383
6879.92260449
6876.10934072
6872.88356607
6870.72684429
6868.46057989
6867.30253105
6867.54302717
6866.34656837
6863.2564657
6858.74497839
6853.75364187
6851.64745034
6852.01411179
6855.87918823
6861.77170567
6869.26999787
6876.90996295
6878.81486287
6877.91314528
6874.51268929
6871.57504162
6870.34609709
6868.77309382
6867.30291438
6867.7029258
6870.2884717
6871.88578525
6871.55098922
6873.15451277
6876.44591402
6880.07762433
6884.82129989
6888.75884717
6891.02282551
6893.22926209
6889.62574418
6885.27474095
6880.73726367
6877.12934789
6872.38552596
6867.68925127
6865.73746625
6865.46767652
6866.72942041
6870.67933888
6877.92639467
6886.63270141
6895.69274084
6902.47683496
6904.29781284
6904.29781284
6905.69405781
6909.11660772
6914.18118871
6918.91776913
6921.53193257
6921.82571198
6918.98481755
6915.39737871
6913.73202704
6911.89948645
6908.52467892
6904.21739656
6899.77264403
6895.93644999
6894.42794422
6893.69777859
6891.91700886
6888.72458417
6887.62888617
6888.67768513
6892.32059573
6895.94782452
6900.9897819
6906.11748738
6907.78594056
6906.20591881
6902.63411996
6900.15273608
6899.87362787
6899.93682205
6900.45947213
6900.95980527
6902.59903454
6905.38212236
6908.90033824
6912.54107429
6915.68672539
6918.17957441
6915.60819092
6910.90170563
6903.43518128
6895.78888074
6891.31723915
6887.65083373
6884.62053797
6880.3745401
6874.06349277
6868.85506434
6864.96171884
6864.47800842
6865.49758346
6863.95250076
6861.43994145
6863.31285049
6864.83986775
6864.86175955
6863.07763739
6863.1277634
6865.9834754
6871.34594094
6878.82363771
6887.21164568
6894.05509369
6898.73675295
6900.98340464
6901.91555886
6902.01606179
6902.93652784
6902.63743753
6898.92439791
6895.80005316
6891.54170499
6886.9906159
6877.70337155
6865.88373913
6854.01205009
6845.47175439
6840.96915344
6838.50506136
6835.99563144
6835.97305662
6839.51024399
6842.80510918
6845.48193014
6846.51405759
6844.41654333
6842.20298372
6838.91008398
6836.12708677
6834.79208447
6835.83626251
6838.33199002
6838.54853132
6837.38890035
6838.10409509
6839.63291053
6839.56131091
6840.39442583
6844.14010451
6847.27855592
6852.33200632
6857.37484885
6867.2467805
6877.9471504
6888.07687694
6897.57028472
6903.66996922
6908.71977448
6911.76815658
6912.42268017
6910.57127263
6906.97687804
6904.06788974
6902.88353031
6901.07376667
6897.70868882
6894.00835495
6890.86367961
6885.93626211
6880.41380733
6873.50691424
6865.8530028
6858.87658705
6853.97269922
6858.31928367
6864.09045183
6868.54713647
6869.66789747
6866.81417881
6861.56062861
6855.20254284
6851.97227274
6849.42669104
6846.28749388
6841.3578879
6834.23784775
6825.89742882
6819.6992835
6815.11594566
6811.2075526
6808.48337956
6808.21072529
6810.44555639
6814.26905863
6817.5813341
6821.12228511
6824.30039405
6826.05494381
6826.84293696
6829.29391906
6832.56451578
6831.13172873
6828.00638731
6824.42752119
6820.91890955
6820.94797316
6822.89063485
6823.61269474
6822.67624719
6821.82678137
6820.13872245
6820.11098309
6823.21737392
6825.64742604
6830.56178233
6836.52710516
6843.25328813
6848.5895337
6848.46345201
6847.12370335
6847.97136401
6849.76764131
6852.11738866
6854.771356
6861.03312762
6870.00720986
6882.14897438
6894.37263276
6902.64571055
6908.16109807
6910.47594121
6911.40773997
6910.2238754
6906.7638634
6905.34967148
6906.18183853
6907.28227592
6906.68006682
6906.96315472
6910.54795901
6914.55080531
6917.2618126
6918.71557145
6917.30141438
6913.0664774
6906.25965512
6898.81258317
6891.95017064
6885.46081077
6880.77970211
6874.56144227
6871.20877047
6870.37728646
6873.67336437
6880.93554438
6887.07106007
6887.77477573
6886.43522222
6883.57666659
6879.63504902
6874.18019326
6868.19856833
6857.80093388
6846.62973354
6836.04760442
6828.89286218
6830.98905918
6834.31422161
6839.87477272
6846.23031454
6851.69411241
6858.68593118
6866.15086644
6873.00083808
6879.09801349
6883.55145722
6886.81204548
6891.08887029
6897.52973506
6904.96493066
6912.40528382
6920.55448931
6927.64571676
6931.47539415
6933.86521024
6928.97873967
6919.59188451
6907.94140647
6899.71504651
6892.5841894
6888.05400242
6882.96474872
6880.16348394
6879.57331847
6882.01674542
6885.63653756
6889.23802032
6892.05962265
6894.84247351
6897.01431952
6897.95869857
6897.86710291
6895.48866832
6892.14525923
6888.23753526
6885.14816441
6885.01846545
6889.1128656
6894.90248254
6902.59281757
6909.95658779
6915.50571557
6919.24928243
6920.38332766
6919.02141539
6916.05216018
6912.01704421
6907.76740119
6906.22139849
6908.05270545
6912.51879916
6916.63924504
6918.39911965
6917.91069771
6918.22076528
6919.05010263
6922.04697176
6926.97477956
6932.14645681
6936.19109337
6938.16957927
6940.32559014
6943.91387231
6946.61310083
6949.22681124
6954.8023193
6959.16452979
6962.52320946
6967.25582412
6973.38847526
6979.27507544
6983.45981671
6985.60676002
6990.04450103
6996.16827976
7006.19780306
7017.88750652
7031.36779304
7043.66358772
7050.68344554
7056.06231077
7062.90459484
7072.43997409
7082.03959298
7089.23608366
7096.83632151
7101.2348859
7101.6749591
7094.40446425
7086.16112613
7076.15732098
7065.69247084
7053.11880159
7041.45914447
7034.55057865
7031.63362399
7028.95949333
7024.06363459
7017.95991463
7009.03816083
6999.7824822
6993.58754294
6989.59356209
6985.90408699
6982.37324204
6979.99748381
6979.08187563
6978.85619707
6979.79682643
6980.55896203
6981.39274605
6982.7001205
6983.02999593
6981.28088252
6976.70639619
6973.66036287
6971.00463219
6968.83085558
6966.85583361
6966.76524855
6968.37682209
6971.88037374
6976.17872096
6982.42091472
6987.97826673
6994.7328721
7000.33963922
7002.79903373
7003.74245097
7001.55522285
6994.53019352
6984.84978198
6976.26228754
6969.16358858
6967.45953422
6968.05158151
6970.16736333
6972.70258807
6972.93865147
6973.77055367
6977.56192564
6982.12609683
6988.0846242
6993.31182201
6995.89060731
6996.47703702
6995.40872294
6995.44085321
6998.01245973
7002.67483386
7005.93372151
7003.52708755
6999.54328244
6995.29783517
6991.94192944
6989.31554115
6987.05304039
6986.17639278
6984.09301304
6982.78194466
6981.09855543
6978.81758499
6971.166329
6962.24339732
6954.02065463
6948.04488424
6946.57324117
6951.52220895
6957.10321609
6964.5020996
6970.95835345
6973.94535349
6975.8226395
6976.71329618
6978.16020383
6981.32263097
6984.77004873
6986.38868954
6991.29130888
6997.64592373
7005.04745573
7010.78643787
7012.6331339
7012.00328301
7007.72730153
7000.68826312
6994.0673364
6987.34304919
6982.06476356
6976.94308686
6974.77572236
6975.82974858
6977.22835627
6972.86553942
6966.25625209
6959.68955654
6955.26576187
6950.09473977
6945.71555112
6944.43668967
6944.81277414
6946.6092675
6949.49753491
6954.28490346
6960.35539193
6965.82792979
6970.8426566
6975.97917873
6978.84386072
6978.66850332
6976.2811057
6973.46423579
6971.02609884
6967.24017717
6962.75921014
6952.89618576
6942.8050713
6932.85952579
6925.27579913
6921.9377149
6921.67159819
6923.69706677
6927.85529534
6931.22626955
6932.74371742
6932.00370362
6934.09805364
6937.79842237
6941.41703663
6941.68964211
6940.55146386
6938.04521212
6935.74783503
6933.05754862
6930.03045196
6930.62562863
6934.87122924
6942.51706977
6947.51872144
6947.43500152
6944.18949567
6938.40592843
6932.38923899
6927.42622032
6920.23546569
6910.26096809
6900.5091242
6894.30274768
6889.17172463
6886.24665725
6883.56667902
6880.92342409
6879.73299407
6880.07766615
6881.61753552
6883.21228423
6886.57759904
6889.47031312
6892.39644686
6894.98944336
6897.72840608
6900.70624098
6906.92562991
6916.13910706
6924.06705974
6929.39435623
6933.01120019
6936.03689595
6939.62197903
6943.34852591
6947.61776073
6952.32071239
6959.63549962
6968.37026362
6977.27101078
6985.23213918
6989.09327774
6990.69191554
6989.46643494
6987.67675795
6988.18498774
6987.90417893
6984.20668869
6981.51123078
6980.40172583
6977.98512521
6975.01129788
6971.3934712
6968.7516102
6967.42046214
6966.57676026
6966.57676026
6965.59260518
6963.09826464
6960.05389708
6954.15213086
6944.77213388
6934.35092794
6926.24842634
6918.94141729
6913.891159
6907.82603719
6901.84214014
6893.94028198
6887.92413618
6886.38660166
6886.3621032
6885.58009701
6886.42948616
6888.76983837
6889.68149473
6888.51275438
6882.93256269
6877.06044553
6876.62292324
6879.04342688
6881.89439949
6883.86401994
6886.46977794
6887.73544577
6887.09747519
6884.38634942
6879.9759714
6876.00872628
6872.9756078
6870.17103939
6868.16851503
6865.68315842
6865.3000485
6867.25096928
6874.82228292
6881.96444487
6886.34715321
6886.80543124
6884.36708519
6879.08985199
6875.71075809
6875.33064514
6874.28227134
6873.06071468
6874.93326129
6874.58050437
6873.11630493
6872.08210051
6873.99811011
6876.46719946
6876.7287092
6875.3799557
6872.61893391
6873.05173772
6874.7410024
6873.00492928
6867.76285119
6856.87174875
6846.12230526
6839.16371797
6837.25435746
6837.29989044
6837.47882329
6837.05689917
6837.12827577
6841.03873186
6848.74092234
6856.50837002
6862.90014727
6864.81695838
6866.98587015
6866.41398618
6863.27747931
6859.41841772
6861.89305494
6865.22115858
6870.00332077
6873.3970301
6876.35852108
6877.39565277
6875.01671636
6873.50169394
6871.08753272
6867.82848476
6864.37383943
6859.9013336
6854.68975487
6850.14063124
6845.39227902
6844.647484
6850.45967577
6858.64582061
6868.64050244
6879.48653189
6886.94759201
6888.66874301
6889.84022942
6893.3088211
6897.44695605
6901.4969314
6901.56841254
6897.82800992
6896.85914634
6899.11324863
6901.91555886
6901.75669871
6899.56940787
6895.90070942
6891.35745426
6889.2575703
6890.00428198
6888.18371532
6883.6818183
6880.21082905
6881.41979147
6889.7263168
6900.99908644
6910.89055413
6915.74442745
6915.93322939
6912.43587379
6907.20523993
6901.86871557
6896.60288478
6890.21567268
6884.27912074
6880.75809608
6879.73567043
6878.66739817
6879.53485275
6884.43374331
6889.21279005
6888.63691941
6889.44488769
6890.75534275
6891.47973051
6889.52538064
6883.40246616
6875.73046141
6867.07186916
6858.47178745
6851.2947213
6843.73435704
6837.61427225
6838.95274546
6841.70911149
6846.98398197
6853.39771374
6861.21285502
6871.48622686
6880.05660375
6884.7802763
6888.87625159
6895.41468506
6903.57757204
6910.78181302
6912.2792788
6911.61776461
6908.43919567
6904.33510765
6899.62184085
6897.05019948
6897.89584591
6899.82793458
6900.34700224
6895.99719781
6889.55891182
6885.61933637
6886.36531623
6892.1613871
6903.07679285
6914.58611376
6925.38394781
6937.28810167
6950.98124949
6963.41391494
6974.69529214
6983.60053475
6990.70794582
6994.17599387
6993.69222769
6989.93974659
6983.95334046
6975.23920675
6967.861762
6959.15632647
6949.5659006
6939.39462774
6930.4013231
6921.1348554
6910.52807449
6898.2224874
6886.0261502
6879.37430594
6876.34410776
6875.6115794
6878.89081158
6882.16369437
6886.23485757
6891.03203247
6891.92211067
6889.29361057
6886.57222541
6883.22817512
6879.74911496
6876.05108109
6876.24335392
6877.08586399
6881.60804977
6885.63034151
6888.82151862
6891.97345638
6893.77305821
6894.93175524
6897.66705189
6906.75275372
6917.16416725
6925.10951627
6926.36971289
6924.98285609
6919.81660126
6914.92281949
6910.26094021
6904.72107514
6898.93216214
6893.11694554
6885.74568988
6880.01222773
6877.81485175
6879.14576284
6880.99977008
6884.48200144
6892.41743957
6901.86461739
6908.05761211
6911.26166224
6913.62833199
6916.1839361
6919.05714899
6918.08723996
6912.53219491
6903.32811987
6897.43300273
6892.40563988
6889.34579264
6887.79971328
6890.73499125
6891.55275195
6889.81412096
6882.42009532
6872.56690518
6863.11125918
6858.75791414
6858.08351996
6859.58318816
6862.17023951
6868.68095452
6874.86992075
6877.51375417
6878.56198858
6878.1481702
6877.2054569
6875.10995688
6875.35457209
6874.8287717
6874.06411307
6871.47847657
6869.63044932
6868.53178921
6865.52401949
6861.65665003
6855.38429842
6848.82884497
6845.19112679
6846.8937663
6856.18907458
6865.38170539
6874.16339631
6878.92721427
6883.88512416
6886.02308354
6886.75065645
6885.41155597
6884.31206646
6885.18025984
6889.49299946
6893.92352685
6897.69440096
6898.73222265
6898.35836151
6897.83168991
6898.02951759
6898.74029355
6901.03636731
6902.81475341
6903.62896654
6904.29781284
6904.29781284
6904.64203189
6905.52571191
6906.33965322
6904.85653804
6903.50859999
6902.14721044
6900.57990141
6895.37803146
6889.84085669
6885.29070851
6880.53742872
6875.76825107
6871.84243378
6870.09964886
6870.43523246
6866.18810549
6860.1841915
6854.08680002
6851.54710074
6853.86785418
6859.77689675
6865.7883868
6871.26548284
6876.11805981
6878.38834572
6877.33366435
6876.17144763
6873.9220917
6871.15205114
6868.52338377
6866.95111928
6864.66021702
6862.69948989
6859.29046815
6854.40573303
6848.91549913
6844.19223082
6842.79667586
6843.47287518
6847.47419512
6858.22112952
6868.9969742
6876.60129629
6884.09965122
6889.39168108
6890.78683877
6890.82023056
6885.78920165
6875.21864919
6863.0350735
6852.50524493
6846.57792086
6844.69493365
6843.69713889
6844.79388234
6846.37586258
6847.90827438
6851.03771398
6858.42665174
6867.83983142
6876.07445743
6884.09953273
6891.67173153
6898.24917434
6904.07903427
6908.90674338
6916.29215448
6924.60192769
6935.57711944
6946.60728811
6956.11701193
6964.02068221
6970.01814227
6973.1268331
6973.6102508
6979.00527874
6985.02548787
6988.00126671
6988.42857841
6984.30140677
6975.77406076
6963.02966896
6946.26605905
6926.63951656
6909.93125993
6898.15985777
6889.56960332
6882.00111241
6871.11805299
6859.6019645
6848.17225139
6836.64310868
6828.73701992
6824.48613629
6819.23315063
6814.29777375
6809.06102747
6808.05146787
6815.61058456
6828.49621713
6843.48310668
6855.89851518
6862.85920034
6865.72444687
6868.23628829
6872.56409639
6878.17006897
6883.03728228
6887.3768134
6890.90790926
6892.04621994
6891.28641918
6888.71424812
6883.42270614
6878.0363694
6871.24938286
6864.07474215
6859.85113789
6858.01401124
6858.21594407
6859.04309294
6863.1102416
6868.16580382
6874.96932247
6880.26121991
6883.21900998
6884.27484832
6885.23977402
6885.48045832
6886.31780385
6887.68192552
6889.37237504
6891.08175424
6892.48750586
6895.71266718
6899.59198967
6898.4642311
6893.55170086
6884.04330128
6874.86816439
6868.67223543
6868.00809367
6871.6972412
6877.13062334
6879.55233274
6879.84251578
6882.29163697
6887.3677528
6891.02525096
6890.71237461
6889.94721416
6889.78905795
6888.96587484
6885.57734398
6879.08233866
6872.44959135
6871.63020672
6876.22820879
6881.49367019
6884.92873069
6888.44003961
6893.87418841
6899.03769719
6904.82717473
6907.94663374
6908.29810126
6908.01421185
6906.72577405
6904.19511446
6900.58116989
6897.46365543
6896.39104105
6895.44361624
6894.91540434
6895.44943593
6895.44943593
6895.50121376
6895.30087699
6894.84351896
6896.31663264
6900.13515852
6903.93375805
6905.18985649
6905.07082116
6905.44045867
6909.12291529
6915.54927613
6919.27198271
6918.25802524
6915.49236164
6911.51099593
6906.08689741
6899.70540743
6890.57493929
6880.59437806
6872.62208421
6867.3676628
6865.07100358
6864.95396855
6866.85787179
6870.44610518
6875.10960839
6879.70331713
6884.7945781
6890.5208754
6895.86334491
6896.92639688
6897.32722375
6895.36014723
6889.42533771
6880.39687795
6870.42040793
6861.43336904
6854.84684471
6847.8746735
6842.17192678
6838.5889137
6835.02918635
6832.54999792
6831.26678739
6833.43264643
6837.97349007
6845.07106691
6849.63081235
6851.60189644
6854.20840717
6855.20438284
6859.33621719
6864.49186416
6866.84331908
6866.73102344
6867.43935303
6869.19817521
6869.27130817
6866.36613229
6862.04439479
6853.65840802
6845.15227077
6837.68304218
6832.71497745
6830.19668209
6830.56703748
6832.97786022
6834.07711973
6833.41118676
6831.76689052
6830.7882415
6831.06766334
6832.86502094
6833.5990199
6834.03220704
6837.49071359
6842.87051972
6848.63742941
6854.77530782
6861.0724994
6863.40439737
6863.77181155
6861.57322284
6857.30965437
6849.82385186
6842.19220161
6837.38412612
6834.64626461
6837.98303158
6844.94187674
6851.36255032
6852.45334165
6851.1729399
6847.32084103
6842.86660973
6837.90147924
6833.00411504
6829.62260267
6827.34322131
6827.39653944
6828.84574708
6831.60078887
6832.97878022
6831.55747922
6827.9909146
6825.4953474
6830.21244753
6840.12413429
6850.14548214
6853.22194513
6852.90918029
6854.5269011
6861.16900173
6867.51251387
6872.04033813
6876.68517651
6881.84878983
6885.03642634
6885.24185796
6881.88860767
6876.98379985
6874.72207969
6874.35754399
6876.93752808
6880.34981861
6886.12522435
6892.9427451
6900.72175551
6908.40306479
6915.51729223
6921.09131574
6923.0112911
6921.21679107
6917.51972598
6916.61768779
6915.09932689
6913.44856975
6908.83558982
6904.57687226
6897.94266829
6889.4660407
6879.69577593
6874.77264479
6872.27493092
6871.33175762
6871.38791242
6871.60159614
6873.98769739
6880.17651029
6886.89599539
6890.69607947
6892.13648439
6894.71234242
6892.54002945
6887.6889649
6882.81971644
6879.42811195
6878.09301207
6878.06671543
6877.86189018
6879.38598714
6884.72250454
6894.88622225
6905.69747992
6911.15726325
6914.70862697
6916.2921266
6918.18327532
6921.90927856
6926.18442368
6927.87723593
6928.18449471
6925.61646364
6918.53361375
6910.03227862
6900.85680022
6891.04642488
6881.31562249
6876.8029573
6876.17141975
6880.05856223
6886.29883235
6895.46697167
6903.43221219
6907.74051909
6909.46244374
6909.87099999
6910.17756878
6910.71015764
6913.55662782
6916.8908857
6921.35689578
6926.31445022
6929.78344614
6930.90571259
6931.33115641
6929.77160464
6928.07919663
6923.17346184
6915.86066097
6908.55003465
6904.32559402
6901.57523586
6902.64049722
6904.96410126
6906.02935565
6907.56655563
6911.52758379
6917.18914661
6926.25137452
6933.94002986
6935.5906267
6931.28647373
6925.74136746
6920.38481221
6917.12492789
6915.62206061
6911.82580289
6906.01953536
6899.0918238
6892.09013596
6886.63137717
6884.16757782
6882.04568358
6879.83366427
6881.51994592
6884.2230914
6886.08155924
6888.31462003
6891.1384457
6892.34282207
6893.35831984
6897.03888767
6900.99449342
6901.12072844
6898.62670154
6895.38252691
6893.13695552
6890.41208551
6890.75971274
6895.60450456
6902.57952638
6909.15250859
6913.26713478
6916.7127683
6922.93548178
6931.19463412
6938.2372689
6940.97588313
6942.59038394
6942.07356749
6942.2992809
6942.22950733
6940.21862631
6934.97803277
6926.08819317
6916.39839347
6909.36757928
6900.76249334
6890.67348374
6884.66935368
6879.4780219
6877.8772235
6878.36565938
6878.97935452
6876.77169127
6874.00925464
6873.17169306
6877.3499107
6884.81105445
6892.8964106
6902.06841113
6912.17609254
6922.68876172
6933.14714399
6945.57082551
6954.43256331
6958.54301465
6960.33017559
6959.76118404
6956.46654188
6953.14257127
6952.6590769
6953.85781479
6955.44061048
6956.39159681
6956.87300026
6956.28609661
6953.56509478
6947.5825638
6941.09085514
6938.78643168
6941.00705855
6945.58284822
6946.9483917
6945.87575641
6940.81954601
6934.09242911
6927.17453784
6924.77807266
6928.47351381
6935.0900775
6943.47384791
6946.85029332
6948.19726258
6944.2072196
6937.32356345
6928.85754373
6924.15356753
6921.44515993
6919.90570875
6918.76109747
6915.91238304
6911.83257046
6908.19892257
6903.71981645
6898.44876535
6892.20898311
6885.63531787
6882.58036334
6883.65079621
6886.55642513
6893.96471772
6906.63410172
6922.5681373
6934.88816558
6940.861629
6944.6734361
6946.78803308
6944.34218764
6939.79139825
6934.52695443
6931.2385362
6926.05218775
6919.88024847
6915.34383755
6911.74770054
6908.35839605
6901.88564495
6892.27475607
6883.42079644
6877.80561691
6877.1791045
6878.63107214
6882.09947564
6888.14027324
6896.78149005
6905.19615709
6910.80444361
6914.61279374
6918.12350326
6920.67811767
6920.97359768
6920.97359768
6920.88913898
6919.09981743
6917.31776527
6918.86972706
6922.03547874
6924.62381251
6926.45622765
6925.59173518
6921.13387964
6913.56681751
6904.33636916
6894.12669331
6886.40106377
6885.01724576
6886.63542656
6889.20349945
6892.61448664
6896.51641183
6901.68209515
6910.17072454
6920.37771009
6929.0846929
6934.44273966
6940.2295966
6944.67289246
6945.95423512
6941.47548445
6934.16940236
6925.92984181
6917.40467731
6910.68828675
6908.86049252
6905.68516448
6900.57447202
6893.94048411
6887.68329854
6884.12212847
6881.7597381
6878.42443477
6874.59422769
6872.12231562
6868.77656472
6865.50706921
6858.55445495
6853.17595214
6853.05348772
6855.93940635
6858.67818785
6861.05241275
6860.95671891
6862.15926922
6865.19771255
6872.68577324
6879.10595894
6881.23680923
6876.09747831
6870.98709948
6867.3540719
6865.04932088
6865.58279489
6868.33670062
6869.47281585
6868.47239351
6865.51491708
6861.53321682
6860.16127516
6859.25006486
6858.24166223
6860.04752982
6864.97771428
6873.26027782
6882.25725549
6888.03271698
6886.90357842
6882.13529288
6877.6779531
6879.18105735
6885.63802211
6893.62283351
6899.6081245
6902.93652784
6902.6415845
6898.87698311
6895.00044153
6892.50339675
6892.60125817
6897.15233332
6902.34218752
6909.39655229
6920.62051318
6930.07305767
6930.40468946
6925.64749967
6917.45308181
6910.75221275
6906.10401497
6904.97569883
6906.68591439
6908.57824795
6909.12175832
6909.41985893
6910.82629358
6912.28636
6914.53876866
6917.38446521
6922.8426246
6927.8714023
6930.66700071
6932.12786168
6930.38217039
6927.59536772
6926.321169
6928.78509381
6935.32167333
6941.28863403
6944.51563535
6947.29148863
6952.96186811
6957.49291934
6956.89901812
6952.73073229
6948.51995922
6942.96327629
6935.11930838
6926.92341294
6916.81085275
6905.81174799
6897.33021375
6892.68527082
6889.75860738
6890.94308528
6895.79847801
6902.43062592
6909.62542994
6913.81887635
6913.58857688
6914.74101512
6918.72737811
6922.92374482
6926.58193995
6929.97771231
6933.2999405
6935.53206039
6935.00310274
6928.01117246
6916.07578742
6904.05833429
6896.26679936
6888.89415673
6882.97917598
6876.94112444
6872.62775754
6871.72613056
6871.18804262
6868.39061814
6865.9572136
6864.81479081
6864.33906068
6865.57082096
6868.96390302
6871.64901094
6874.62846978
6877.09284065
6878.50191682
6882.01569997
6886.58449207
6891.59412403
6895.01211576
6895.71413082
6892.51194159
6885.7946171
6880.01615864
6874.1325624
6865.65710572
6855.21978586
6845.76064804
6840.21062117
6838.45931231
6839.38323533
6843.16197125
6847.41108457
6854.20491536
6862.1789795
6872.31157058
6879.73292437
6882.63168814
6882.11343593
6879.63288841
6878.31373519
6878.53971345
6879.89361755
6880.97355707
6882.31554997
6883.94562107
6885.94824998
6887.89393652
6889.58969694
6890.83361933
6895.46070592
6901.36365699
6906.91724537
6909.85826637
6909.8598694
6906.4579428
6898.66872877
6888.55252343
6877.76966028
6866.71541133
6853.71017191
6841.51082381
6831.02341278
6827.17803966
6826.22277394
6824.05582763
6818.47714836
6813.94099532
6811.11778299
6813.35979287
6819.83749245
6830.71901854
6840.83249873
6850.14415093
6858.04589758
6866.96154593
6877.04300737
6884.87836074
6887.60332832
6886.95669442
6886.713508
6888.49303713
6890.92069167
6891.37084304
6889.06000747
6884.72376605
6877.81101145
6870.24265992
6863.04912439
6856.562183
6854.39295759
6856.48560702
6863.7240622
6877.17790572
6892.40058686
6901.52129046
6906.59436751
6906.33974383
6906.70873316
6907.45540998
6907.23709142
6904.85248865
6895.84772583
6885.0084988
6878.72580417
6877.20274569
6875.52999918
6876.16589976
6877.54763383
6877.26797502
6873.44237491
6869.38274654
6868.27901946
6870.71279339
6877.18973328
6880.53056358
6883.6098005
6886.74660706
6894.14526057
6899.79090462
6900.04020346
6892.48533132
6880.87382081
6869.52513034
6864.44412178
6863.3539159
6863.04644803
6862.86524306
6865.28235246
6870.06834101
6876.02125081
6880.05067951
6885.52268767
6891.32827914
6894.47949205
6898.94897304
6907.24901655
6914.75903177
6918.36593695
6919.86915969
6919.5241461
6916.48628126
6910.23466448
6904.61394404
6901.17016445
6898.56432978
6898.01706973
6901.64206822
6907.94246586
6912.46087407
6914.64442219
6915.28207913
6913.314222
6907.76528937
6900.02300227
6893.21697453
6888.07973451
6887.44281636
6891.41980511
6898.12767174
6904.59442891
6910.75795577
6916.81568275
6922.68156203
6927.3252086
6935.65435754
6947.94683464
6957.80093085
6962.43994258
6966.05546229
6970.44273579
6976.50999032
6980.49707119
6981.00139795
6979.89705057
6973.7294325
6965.5189495
6956.18916913
6946.1499719
6934.76954843
6923.02036563
6910.45860062
6901.28004161
6893.07985285
6887.0275692
6882.64996267
6877.2580223
6873.57439477
6871.23105257
6866.57879844
6861.29744614
6855.29404093
6850.06400647
6847.37907279
6848.28746036
6850.66005436
6853.83945269
6855.55104825
6856.48655489
6851.72317602
6845.43527504
6839.76910525
6838.63928365
6839.39067896
6840.3561483
6843.8065003
6847.58238562
6851.24237892
6850.07738827
6848.80976893
6848.60025308
6850.85231325
6856.13526858
6865.85798613
6875.66630541
6880.63696983
6882.64293025
6883.80402485
6884.34815552
6883.19784303
6883.50531787
6883.86493297
6882.42916986
6879.08164169
6872.5267737
6866.49554549
6862.42274441
6859.44923072
6858.84372496
6862.45391286
6869.82881367
6878.10483964
6883.49346243
6885.24111917
6887.12526335
6891.91922522
6900.01060319
6908.49893288
6914.84931017
6917.28045652
6919.61334419
6920.33243499
6917.7665227
6910.07675221
6904.63445584
6901.31649309
6898.79176471
6894.41572636
6889.65064688
6884.33276644
6879.14453617
6874.79413931
6873.76928822
6876.8193082
6881.20084563
6886.33148535
6890.23394721
6892.66518417
6896.49425519
6897.97948219
6895.82254434
6892.35444054
6889.773411
6885.6096485
6880.57239566
6877.37008098
6876.19401549
6879.29823875
6883.70979464
6891.6000622
6903.56524266
6918.18075229
6931.79848807
6945.9028476
6952.2832294
6952.16641043
6948.47716533
6943.56924205
6939.50999702
6936.22417152
6931.06085789
6926.49525094
6922.38250657
6916.19572185
6908.9448885
6902.63434299
6897.08163975
6892.65366327
6891.48599626
6890.54688629
6888.85086101
6888.60651065
6890.81559572
6893.17609729
6896.53331333
6901.00667643
6908.34332758
6912.38878657
6916.35824108
6917.23754414
6915.73896322
6912.346376
6906.38027257
6897.96322887
6889.24445335
6884.43331816
6881.9113428
6882.13992075
6881.11884026
6879.51224308
6878.64963243
6878.09301207
6879.09174077
6883.15796943
6889.80726975
6892.73597531
6894.59756557
6896.79837064
6900.62164288
6901.1169439
6901.44819236
6903.0563159
6903.40316252
6896.23968029
6887.105797
6879.4771716
6875.36552844
6873.02476502
6872.80789615
6874.85613471
6878.27667735
6882.94429965
6886.46236916
6889.02052418
6891.09725483
6896.16152916
6903.85181541
6911.4733596
6915.56439339
6917.23005173
6917.19440873
6914.86408591
6908.09239783
6898.20658257
6889.12374529
6885.81200648
6885.66945541
6888.89661703
6894.16901327
6899.06725565
6903.44006703
6906.82745486
6913.83643997
6923.17670275
6933.34392622
6942.27511001
6944.22446261
6942.60384938
6939.23504972
6938.71957842
6941.00337159
6943.44603884
6941.06744395
6932.83628885
6924.41711939
6912.52704431
6899.98638351
6890.74960669
6879.48143705
6871.32694157
6865.73219716
6864.13506482
6863.90700262
6866.31336476
6872.08210051
6874.4589251
6873.94535653
6871.28399434
6869.25486667
6869.40628319
6867.61783285
6865.26037703
6861.87561678
6857.6612822
6853.58345598
6850.86724233
6853.09292223
6858.44262627
6862.2801794
6866.35851441
6869.57917332
6870.42570489
6868.46807928
6866.20756487
6867.83296627
6870.8171645
6873.95318349
6875.72542232
6878.51763347
6882.66660629
6885.74128503
6886.08714893
6881.1043224
6869.78394281
6858.36278847
6853.98995618
6851.07668151
6849.97492686
6850.57926868
6852.01061301
6854.66846247
6858.85217919
6864.80734718
6873.60150687
6883.29979566
6893.36643953
6902.40466382
6906.33974383
6903.97857316
6894.19639718
6880.36017556
6867.81866447
6850.97130677
6837.74680788
6830.81830874
6829.89748724
6833.06089711
6838.05861787
6844.46992418
6852.6534763
6861.51582047
6866.01180719
6866.59117661
6864.3428731
6863.25187267
6863.88872113
6865.17073288
6866.30580265
6868.93601729
6875.44222291
6884.72048333
6896.95775351
6908.1239078
6909.86166061
6903.63104351
6894.57602923
6884.8152502
6877.56366412
6873.12540734
6869.48304735
6865.35023724
6860.98134282
6858.04669909
6854.36390095
6848.81252196
6845.12176444
6848.16516321
6854.0657864
6859.05565232
6861.13268267
6863.85333601
6867.32868829
6871.59733069
6875.40780658
6875.66584541
6871.46783385
6863.93675623
6854.52408534
6849.80826066
6847.70435519
6849.20475521
6853.67835528
6861.80800381
6872.33372026
6880.15562213
6886.63754535
6890.63921377
6896.13878009
6899.53330488
6899.52750609
6898.77318352
6896.96097351
6893.33567532
6888.63705183
6888.72286266
6889.58460907
6888.84971101
6885.88772519
6883.37567467
6880.53783993
6877.74946908
6879.86374546
6883.49341364
6885.30287062
6887.58660107
6893.53705057
6900.62843833
6907.47088967
6912.17591132
6912.43193592
6909.71983439
6904.50466627
6898.56297766
6891.22971379
6885.78186257
6879.04013022
6871.39424089
6864.62387009
6857.09165641
6847.17183603
6839.86233879
6837.65317706
6839.28802239
6840.30370835
6839.17732978
6838.59266339
6838.8446595
6840.79364968
6843.91345716
6847.85793231
6848.94834031
6850.03269165
6850.98552494
6853.12533128
6858.71229055
6868.03648819
6875.92155637
6877.91662316
6874.70758273
6871.72560784
6872.03971782
6872.14787347
6872.41899442
6878.48912744
6889.19434825
6898.88800916
6903.63606865
6907.07609158
6914.03040644
6922.25919185
6927.89286197
6932.37291598
6934.84254896
6934.20218778
6932.04259449
6927.91449589
6923.89467142
6918.16837412
6911.07297182
6902.88921061
6894.3686461
6889.13974072
6886.87804844
6886.61644113
6887.76697664
6890.11800641
6895.12210444
6905.44044473
6919.84502366
6937.95616039
6956.45596886
6970.39450553
6974.29836829
6973.57365993
6970.66639314
6962.85898125
6948.97632058
6928.41105145
6907.85202019
6889.90499178
6872.23746187
6854.68583791
6845.95910997
6847.00867558
6851.30678583
6858.03049456
6866.62671506
6873.93849835
6878.44172657
6884.47816114
6891.11339663
6899.44751496
6907.13598212
6911.72668693
6915.44787411
6919.33995113
6924.87221923
6928.46651625
6931.36725941
6932.32160512
6934.40807243
6935.82858585
6933.83751966
6926.921789
6915.96918602
6904.58122134
6895.24798401
6888.15937716
6886.85826846
6888.33252517
6890.41786339
6895.69044084
6904.30866465
6914.24734501
6922.7548065
6932.79893131
6944.22147261
6956.01581203
6962.8111622
6964.30097526
6961.14640296
6957.25061807
6954.30388889
6954.29431951
6955.68645236
6955.57060217
6954.98222791
6956.04317503
6959.77720736
6962.83099794
6964.12292059
6963.63495168
6963.955195
6963.88685719
6962.02702329
6956.98457106
6953.48917395
6949.21147096
6945.22164404
6940.44169821
6933.96789468
6927.55402352
6926.56183239
6928.91583125
6934.9904876
6942.94438844
6953.87542023
6963.80733303
6971.57963162
6979.10919682
6984.37709761
6984.88602437
6981.37183698
6978.32733699
6976.20367245
6977.69553459
6982.40648746
6983.56680145
6979.56877817
6970.86760809
6960.5082233
6952.14568954
6950.47070576
6953.17471548
6960.94681892
6968.50673015
6971.4226045
6974.00215647
6975.82563646
6977.17887147
6977.46706815
6978.36267332
6981.00585856
6983.31763503
6983.35743196
6978.44519445
6970.06337556
6959.83791336
6951.35939699
6947.80621418
6944.95867066
6939.78836644
6932.74775984
6925.80378103
6921.11666451
6916.48320065
6913.60156838
6912.99058445
6914.19783233
6916.59840963
6920.13256519
6922.44020864
6926.33173505
6929.96376596
6931.42606268
6931.40413604
6933.49637425
6942.22524885
6952.61387149
6964.90174163
6973.93810502
6978.14772808
6977.79610722
6977.02937162
6976.27127844
6973.51037514
6967.48342632
6960.47607909
6952.76719073
6946.51572729
6943.40656252
6943.44752339
6944.70317577
6945.71094415
6943.42794553
6938.9170158
6933.88192356
6928.43294325
6925.76823561
6927.71245155
6933.23351936
6938.92586033
6940.06725162
6938.04771424
6931.98871181
6924.44269815
6919.07609958
6917.63462829
6917.91069771
6917.18787813
6916.88335844
6920.139507
6923.01552867
6922.97966264
6921.99725696
6921.03753064
6919.75126042
6916.81108972
6910.75113942
6903.6292523
6896.33901928
6892.05594266
6888.38460966
6884.55332228
6885.12108717
6890.60630986
6901.36082729
6916.41528799
6930.01032349
6943.91298716
6956.48160338
6971.66257093
6984.06987367
6995.87861944
6998.70866206
6996.41884011
6993.85030026
6995.71671354
6998.27661098
7000.60386017
7002.15789195
7003.67275407
7004.95106491
7006.74443585
7005.31725243
7003.38114224
7002.61844906
6997.89704166
6990.64570649
6981.26485224
6970.42168732
6960.01076167
6951.82355046
6949.36781504
6948.5053159
6946.98891348
6942.43647925
6934.78836659
6927.23472111
6924.42164272
6926.20754911
6930.18009817
6935.2379116
6937.56051897
6936.92878627
6935.06314662
6933.37584043
6932.50218979
6935.40339295
6935.66067208
6931.5444568
6923.56621781
6914.0403731
6906.24593877
6903.36010378
6898.18917228
6891.07791394
6882.81458675
6875.95027149
6872.11610563
6867.8726029
6862.19197101
6858.61491701
6860.74671518
6863.85252056
6866.84156272
6872.41266594
6879.65101658
6884.90549375
6892.47516951
6897.04334131
6897.83168991
6897.83168991
6896.35570472
6891.42858692
6885.19039376
6880.89317564
6879.05427172
6875.54575068
6870.88429656
6867.12272698
6868.69464996
6872.65042994
6872.85939519
6868.92637124
6863.87914477
6859.00263389
6852.93852965
6848.36511665
6847.54148747
6852.78509193
6861.6491367
6868.14043415
6875.92322909
6881.6957912
6884.75982723
6883.93345896
6887.34864191
6893.53617936
6899.05982596
6900.95015922
6898.81299438
6894.6602649
6887.72939607
6880.58232746
6878.02289699
6876.68176833
6872.55511943
6863.92063534
6856.81501547
6855.94226392
6855.51264526
6855.49390376
6856.61390507
6859.08113351
6861.07691121
6861.5435459
6862.83197673
6864.4927981
6867.78907117
6873.15185035
6877.65683493
6882.35996084
6885.59758396
6889.56421575
6891.07458243
6893.39638829
6896.5987866
6897.76006938
6897.31067074
6896.19494882
6899.05091172
6902.76956891
6906.41645224
6907.99864156
6907.7010358
6904.52667655
6894.57995316
6884.36027581
6879.57656635
6880.48308605
6879.73178831
6875.89668154
6871.82627804
6873.66962165
6881.62549491
6891.97877425
6900.87080233
6906.37980561
6909.74680709
6912.48543526
6913.18445335
6909.76680313
6902.07344325
6893.25861842
6886.57410026
6883.16967851
6877.6813334
6868.46288686
6858.7325584
6853.56111115
6850.69147372
6848.47362775
6847.07167461
6845.22976676
6843.73196644
6844.18602083
6842.56898305
6838.76613898
6836.37554925
6834.8574741
6833.21637695
6831.75573902
6836.28142358
6849.32516357
6862.95127691
6872.95586267
6884.59203194
6895.14987865
6903.58277143
6905.57091732
6900.72379066
6892.94172753
6884.89923497
6879.05082172
6874.22038746
6869.25862333
6862.38979869
6855.28481306
6848.2706425
6842.8376646
6838.4883341
6837.30566832
6841.29048403
6846.67028319
6851.67196274
6854.77248509
6856.77137824
6853.64352077
6849.14719254
6841.97053062
6835.30058608
6830.24123932
6830.77927151
6834.47138115
6837.25435746
6837.24756201
6837.85455928
6843.92739654
6856.72799192
6872.60426968
6884.72149393
6892.75441014
6900.95420861
6906.163794
6907.37224764
6903.07152376
6897.70525277
6892.14261772
6885.34297422
6877.14238818
6868.05578726
6858.19363409
6848.01008761
6839.34110355
6832.25262913
6826.94357928
6817.13945576
6813.34411107
6813.56881387
6817.8578914
6823.46389186
6834.1596757
6845.26168097
6856.19660185
6864.85398137
6868.82471134
6870.36382799
6872.6829087
6872.96948841
6866.92298961
6858.85224192
6849.69622987
6845.40170204
6843.291029
6841.82042441
6841.70511786
6848.89401855
6860.79910634
6874.12939816
6888.54038223
6898.44879323
6904.96035854
6910.40575643
6916.3434514
6922.53878793
6926.94377141
6929.3499593
6928.42728386
6925.66297238
6922.58029244
6917.15798513
6904.73919634
6886.66981501
6869.90469966
6858.67013786
6853.32230866
6856.15193311
6862.34163116
6864.90177951
6865.50109618
6865.50109618
6865.02676696
6863.34415834
6861.70379301
6861.16861142
6856.92453021
6854.06262217
6853.41691524
6852.57806426
6851.33509671
6852.25721458
6853.13444067
6853.49326122
6853.40561737
6853.1383437
6848.75927353
6844.74351239
6847.33490586
6853.15654156
6857.60382408
6857.61597922
6859.53684669
6864.64083431
6873.19040667
6885.13492897
6897.61868922
6908.08284239
6913.79821122
6912.25365125
6910.25489749
6906.67493713
6901.31623521
6897.93758041
6895.08882417
6894.53407169
6894.76879691
6894.35010673
6892.06205507
6887.87746017
6886.83353303
6889.30582844
6895.85258371
6902.7115323
6909.96625475
6916.72847101
6923.56409206
6931.13351691
6938.40010874
6943.86300055
6947.37760612
6946.0515529
6936.67529864
6922.66405417
6906.15458007
6890.47448515
6880.11358096
6876.38252469
6871.32273187
6863.10260282
6852.01372149
6841.03827186
6833.40756252
6832.50555918
6835.15303774
6841.30960189
6847.00439619
6850.95618254
6853.76819458
6858.30098126
6864.25056652
6869.84708123
6871.89568221
6873.07885679
6873.62940654
6871.94642155
6869.01420327
6865.42218535
6859.62993387
6853.5898193
6853.64412713
6856.45085614
6863.27156205
6874.22200443
6886.82239547
6898.86883554
6906.12267283
6910.10396885
6913.28572294
6912.21772946
6909.31402419
6903.98424649
6899.49684643
6897.81614053
6894.27636741
6889.07540352
6884.28501709
6884.559135
6884.49946052
6884.11829514
6886.66725714
6892.32739117
6900.55012689
6906.32765839
6908.47152109
6909.03902113
6905.6307312
6898.34525152
6889.62267751
6884.3678658
6885.34356664
6889.81663702
6897.90223014
6903.0483356
6903.56638569
6899.40171713
6890.81958935
6885.25342764
6889.09015835
6897.70049944
6907.72171487
6913.09988313
6916.06668501
6914.72980786
6907.64640737
6900.65225376
6899.19298188
6900.19550209
6905.75985168
6913.91176838
6916.44718827
6920.47684696
6927.62485648
6934.04418491
6936.92361476
6934.56153106
6934.24615956
6934.56325257
6935.99495932
6939.47582463
6947.00690225
6959.90887874
6973.85544449
6982.49235404
6991.39954816
7000.00237592
7006.65529351
7010.73422792
7010.06465677
7006.11681526
6997.67261765
6987.52154295
6978.49426107
6970.3255753
6959.70881379
6948.16470018
6944.25331016
6943.28370779
6944.64234431
6949.22514549
6958.50383803
6969.51695186
6976.7128083
6985.01677576
6991.87279011
6993.25864327
6983.96079802
6972.70258807
6972.76329407
6978.43766718
6979.29926026
6972.80037282
6967.15832513
6965.12972716
6964.25586743
6956.62176385
6949.3347578
6946.22866667
6944.29785345
6938.08811753
6927.35568705
6920.60101896
6919.83679245
6919.40044107
6916.72293011
6914.57604953
6911.97751213
6911.68658333
6918.29938338
6928.70388995
6942.66727356
6956.17094339
6968.4745929
6977.53481354
6982.85728701
6992.2956412
7006.00516083
7014.58966527
7015.04631239
7013.43862097
7014.40294031
7012.92495482
7003.82789937
6994.53409654
6991.99127484
6996.3178493
6999.24769789
6998.43991082
6991.57936616
6983.91674958
6973.46939336
6961.62732551
6950.69278796
6943.69999344
6937.46614937
6932.84866005
6930.61932106
6927.21335204
6923.83931815
6920.0781807
6920.73512974
6929.66519141
6940.44236033
6943.65733196
6946.66133108
6947.94617949
6948.34313819
6949.26292121
6951.64951034
6955.00580637
6953.98301831
6951.5366153
6949.43552558
6945.4988774
6942.98190628
6942.15347498
6939.92392691
6935.58123156
6930.80205937
6929.6810823
6931.40925179
6932.2042216
6932.16384619
6931.88314192
6933.0219126
6933.5333833
6929.70202622
6924.56199833
6919.69503593
6914.76892176
6909.10897591
6900.88541777
6897.52244477
6897.28199046
6901.53198197
6905.45757622
6903.33570289
6895.29771972
6890.28380837
6886.61998173
6882.97760083
6881.94762701
6885.96571602
6888.64299698
6888.376253
6886.06989198
6880.7761406
6875.52479282
6869.25149334
6861.90844402
6854.6157507
6849.86225485
6847.85820413
6848.51867286
6852.07895779
6855.59552184
6857.92844436
6857.46001846
6856.87346329
6858.97957816
6867.02921465
6870.96070527
6872.30753513
6873.23483845
6877.21777931
6883.33600319
6888.77952624
6891.90791341
6894.06567368
6891.72884814
6887.07906127
6880.76188062
6874.30542465
6868.83447588
6867.3173277
6870.78120787
6875.81659981
6880.58324049
6878.69362511
6871.15099871
6863.29561445
6859.39663047
6863.66497317
6868.28989915
6866.80189821
6858.46761261
6848.98380906
6839.88322695
6834.28019558
6829.18008311
6821.41326966
6816.46911097
6815.58563307
6815.54764826
6816.21917789
6813.89499536
6806.85755998
6798.60272884
6795.36391389
6795.03313241
6794.82675989
6797.78720541
6803.81473272
6807.2279293
6807.09348398
6808.12701931
6811.20134957
6812.84466308
6817.62496436
6822.08054778
6824.43755755
6826.2328103
6828.5170565
6831.13287176
6836.25349604
6846.61110356
6854.85591925
6864.79415356
6873.16459094
6881.19515837
6888.95800606
6894.04031795
6900.18519392
6906.10673315
6907.91908952
6904.591418
6897.39479489
6892.64424722
6892.45591226
6893.21928846
6895.866544
6896.34974564
6894.90040557
6898.06284665
6904.40092243
6909.84746335
6917.01905133
6925.17480833
6933.33540926
6941.65214518
6948.9576906
6954.74875724
6959.01721842
6961.26309648
6964.52839624
6968.77802533
6971.91445553
6968.90062218
6965.12702989
6961.78733565
6956.33907322
6946.90909659
6935.82099586
6926.77267249
6921.42654389
6920.29295169
6920.2206551
6919.29549148
6922.63609874
6927.18737601
6929.19267431
6926.27024147
6921.16736203
6915.65457421
6912.53431369
6913.2122415
6917.6523313
6926.37303743
6934.33520432
6941.57743707
6948.20814226
6951.82256077
6950.71739097
6946.77223976
6942.28522303
6936.3958071
6930.35506527
6923.04963136
6913.66619832
6900.80447179
6888.41512296
6880.39170644
6879.81978065
6880.14153639
6879.80396642
6876.59167115
6870.83671448
6865.73384898
6862.50720311
6865.8871264
6876.73128101
6890.94431195
6908.85296525
6925.69952841
6943.8709669
