7013.2097978
7000.02935432
6986.14980213
6970.88042407
6957.66196093
6949.23922995
6944.316287
6942.27959722
6944.60555701
6948.20768099
6952.2626536
6955.04033294
6959.79457455
6963.53109506
6966.7148843
6970.43470543
6973.32082618
6975.94320689
6979.48006668
6983.18208025
6987.91444401
6991.70569749
6993.78341783
6996.88886776
6999.35876559
6999.40840372
6998.91012665
6997.2784804
6994.87550553
6992.42519253
6991.71573384
6992.12914797
6993.36779431
6995.15221616
6997.83928954
6999.96458499
7002.25279694
7004.14101142
7006.26167202
7007.15501901
7007.73514116
7007.12207328
7006.05478374
7004.08901056
7002.0422217
7000.62783463
6999.16096579
6995.63106174
6992.24263544
6986.56326505
6979.70913948
6971.64560543
6963.26985714
6954.07811148
6947.14961932
6941.43696867
6935.26818665
6931.4923571
6929.63451653
6929.18831698
6928.51664795
6925.70444773
6924.19042197
6922.18858761
6922.78784156
6925.32655114
6932.78851034
6939.06054832
6943.0360107
6945.65814051
6946.47799211
6945.35201778
6944.20165651
6943.09982518
6942.407268
6941.9880969
6942.97793925
6944.81123953
6946.89277927
6947.78845413
6950.14919965
6953.03641464
6953.52717839
6953.77228845
6953.3065668
6953.01086376
6954.25713494
6956.13526427
6956.52572024
6956.75440971
6956.9075338
6959.01932199
6962.1199001
6965.55350394
6968.61740058
6970.56473196
6968.96995538
6965.48591886
6962.62293748
6960.95125036
6959.78205002
6958.71724866
6957.22002682
6954.66316817
6950.41414545
6946.93367044
6943.31337649
6939.79171758
6934.98312633
6929.40277434
6923.0071777
6916.76240516
6912.37519439
6907.65699305
6903.78714238
6901.77276257
6900.60889404
6899.58030719
6899.68701314
6900.34962157
6901.0819269
6902.09225316
6903.02354314
6903.83307263
6903.96263917
6903.16356421
6901.86511097
6901.07676933
6899.97221286
6897.03177034
6893.77330088
6890.21861261
6887.15224174
6884.94646728
6885.38346684
6888.33074662
6891.47066166
6894.83631799
6898.86870184
6902.73318585
6905.46711645
6907.0916815
6908.24216822
6909.25779145
6910.33886007
6912.60338204
6912.98462409
6913.14436938
6913.16269967
6913.87381714
6914.00540489
6914.32524396
6913.78857783
6911.26568944
6908.20041978
6905.9045342
6904.21257225
6902.17756217
6900.94155734
6900.30146101
6899.0426653
6899.73336158
6905.03855022
6911.74367078
6916.42744186
6919.74612945
6920.93773735
6920.33994704
6921.16278864
6922.50089942
6923.06251704
6923.03965646
6921.62571545
6922.93713232
6925.89799602
6927.86505163
6930.91861221
6932.78377096
6933.64452767
6932.37067743
6931.37401176
6930.0915191
6929.18831698
6929.59395293
6932.14165342
6934.47378139
6936.47004
6938.91010756
6941.09100022
6944.63152608
6948.58768242
6951.67013237
6953.01086376
6952.91522567
6951.038553
6947.97296274
6945.59470936
6943.21742476
6940.53014927
6938.65419448
6937.92496278
6936.96920919
6935.33641992
6932.92853142
6930.41205515
6929.2822684
6928.72378714
6927.2699098
6926.01836257
6923.4905954
6919.76606276
6916.5478781
6914.55447706
6914.64173758
6916.06013919
6918.18422192
6920.26627741
6924.20735832
6928.14725438
6930.55207622
6932.68591651
6935.29697147
6936.96021829
6938.00002635
6937.69635695
6937.42572389
6936.90216078
6936.44390366
6936.67543676
6936.67543676
6936.91700622
6937.49702382
6939.41825371
6942.26220087
6945.73017225
6949.9695768
6955.72615741
6961.32076939
6967.50330957
6973.31371709
6977.68592908
6982.67366228
6987.17827747
6991.34634027
6995.03337598
6997.31592854
6997.93276702
6998.64053207
6999.45619489
7001.22703282
7003.30362407
7002.40916891
7000.04505006
6997.18384595
6994.43965597
6992.84222393
6993.81664932
6995.48340189
6996.60456016
6997.09865543
6999.06496528
7001.49991709
7002.46505885
7002.69788831
7002.55066058
7001.17466953
6999.46582003
6997.1406269
6995.09960894
6993.79830509
6994.03595061
6995.63825446
6996.01857651
6993.6673725
6990.56112803
6987.19285109
6984.6365291
6982.9103878
6982.82664
6983.86557684
6985.00774873
6989.4197925
6995.64661112
7003.42179517
7013.28898742
7021.69244023
7026.22041085
7029.29058021
7031.5588937
7033.34867524
7034.75437111
7035.36236504
7034.4774235
7034.49999833
7033.01844436
7032.44666493
7033.26166563
7035.94313537
7036.25606051
7034.08700935
7031.64110119
7029.04482894
7029.4079916
7028.22204309
7028.36018932
7029.60802171
7031.01537636
7032.31666627
7033.71808972
7034.44572535
7035.13264406
7035.65250627
7036.04945102
7035.10036046
7033.19716115
7030.64203795
7026.43500064
7023.83074112
7021.25010885
7016.7986027
7012.30023235
7006.17866302
7001.21935919
6999.15050429
6994.25065191
6989.34256137
6981.02395059
6971.62766544
6962.91364325
6958.00821512
6955.49398309
6956.13053185
6956.47441636
6958.40798957
6962.58323116
6968.51904431
6975.98509472
6983.64198919
6990.57150589
6994.77694017
6996.36925646
6996.25654263
6995.4391583
6996.57208838
6996.73968154
6997.76404476
6998.70350322
6998.78610798
6995.48899855
6991.60061547
6985.83385912
6981.28432427
6976.46517394
6973.40224609
6971.7797859
6973.44747241
6976.50239905
6980.44573814
6986.4285967
6991.85360825
6996.86308688
7003.28021985
7008.26878244
7012.29640599
7016.06852767
7019.59512808
7021.91755425
7022.65487078
7021.26006157
7020.05431217
7020.11982726
7021.55080916
7023.84009444
7024.56528372
7024.94878394
7025.45589859
7027.93604883
7031.29517457
7034.25262312
7038.32203693
7042.21390486
7046.75965516
7051.27043853
7055.17538159
7056.92758257
7056.48053271
7056.48497938
7055.06951897
7054.51120499
7055.40824591
7057.1047033
7058.71306381
7060.23369684
7061.59788123
7062.35836502
7064.01024427
7064.63651274
7065.38758744
7067.06080789
7071.07796993
7077.95530457
7084.29172854
7087.19160746
7090.23617714
7091.9255603
7092.65946866
7093.56385563
7093.90669468
7095.31331752
7096.28768018
7098.74742317
7100.83066351
7102.26495602
7101.48929922
7100.9187604
7099.50049818
7099.82256755
7101.65622329
7106.02886741
7109.35996105
7112.11417344
7110.83230806
7109.60557292
7109.48625183
7108.9630372
7109.4150216
7108.99851292
7109.28113385
7110.36638428
7112.67969409
7114.62068306
7116.69618704
7118.11082502
7119.42022068
7120.95988793
7121.85654552
7121.53293584
7117.5627983
7113.26556623
7107.69824756
7101.97487752
7096.33821043
7089.23999935
7083.03592979
7079.27815173
7077.89369251
7077.98645909
7079.65479378
7080.0568752
7078.69346444
7078.07783172
7076.74220912
7075.2404988
7073.35297433
7071.55506612
7068.04384085
7064.48413441
7061.68742084
7060.62487069
7061.91392879
7062.56070906
7063.7636427
7063.79385631
7061.90302123
7059.11938977
7054.26348826
7050.08727789
7047.37856363
7045.50649793
7045.28570512
7048.67074416
7052.22460303
7055.11962407
7057.04734275
7058.51070583
7059.05068257
7060.2123208
7060.0547849
7059.90634444
7060.8405129
7064.53631648
7073.12770698
7080.91470464
7085.3065154
7086.36068101
7085.09435804
7082.01584597
7079.77620578
7077.8174441
7075.44176951
7072.90377781
7070.07973608
7068.42702743
7069.23926117
7071.84416886
7074.26719553
7077.81151987
7081.55563733
7084.17456805
7087.0377167
7089.79945636
7092.10147527
7093.92607042
7094.42015174
7095.71254136
7096.80706148
7094.10958236
7090.13671966
7088.90217847
7087.74297963
7087.18205898
7087.47583141
7086.19675391
7084.90568853
7082.06100956
7080.04962672
7076.82305752
7073.22786142
7070.58141437
7068.38893808
7065.6225566
7065.23237245
7067.03252489
7068.9207533
7071.14169381
7073.51925719
7077.5454171
7083.69303217
7088.45904558
7088.16234588
7086.18818119
7084.03594092
7081.96726723
7080.71453515
7081.37791024
7080.76548358
7080.9134501
7082.08122166
7085.13206406
7087.09263786
7087.99026423
7087.68150697
7087.30786189
7087.79058262
7089.82036543
7089.82036543
7089.82036543
7088.93660874
7084.54326465
7081.04399239
7080.65417763
7082.07327621
7083.28704772
7083.76795633
7083.06450552
7080.87393196
7079.2115215
7077.90909553
7077.13909115
7075.72213226
7074.11148569
7072.46803976
7072.69058196
7069.87221356
7067.31734824
7063.50882387
7059.35684014
7055.65591384
7053.15877846
7052.12717373
7053.523119
7056.77476515
7060.34261915
7063.71187185
7065.99779774
7065.99779774
7064.45090292
7061.81477102
7060.28137649
7058.16645194
7057.36844334
7053.92959829
7050.5238314
7048.32714541
7043.54963898
7039.16743942
7032.76034977
7027.4961917
7022.52785515
7016.27866382
7009.91838261
7005.2001743
7001.16806227
6997.58499343
6994.24992707
6992.09603498
6992.66642744
6994.59494763
6998.46137619
7002.96491805
7005.88866815
7007.18680079
7010.39264213
7014.23055769
7017.37205485
7018.79134858
7019.71398918
7020.39543668
7021.79575194
7024.49089622
7026.5204351
7026.07838948
7022.84319877
7019.49400485
7017.47827293
7015.65285536
7016.06624161
7015.7979643
7016.74331912
7017.53886741
7019.71933493
7022.76483855
7026.7472079
7029.65698378
7030.45915328
7030.66853671
7030.13054634
7029.34914651
7028.84882034
7027.94814125
7025.73000952
7022.7531225
7017.47330354
7013.44084303
7009.84833722
7006.12369307
7003.22793324
7002.78245156
7003.72382668
7003.98154491
7003.84326626
7004.1415202
7004.84014799
7005.64007325
7006.58193625
7007.24148498
7007.49387837
7007.99108211
7009.84017572
7012.13609615
7013.81894174
7015.01289145
7015.79513461
7014.2399598
7012.40514012
7011.87241884
7012.59746872
7013.99207581
7016.93483923
7019.89465051
7021.2811867
7022.3231902
7023.19078418
7023.94407525
7024.74719263
7023.94429131
7024.28309491
7025.69714744
7027.10315694
7028.24789367
7028.47180193
7028.48849434
7029.07617163
7030.14608177
7030.4825575
7027.63001672
7025.31674873
7022.82616485
7023.01159345
7022.79558882
7024.40162146
7023.02305859
7020.95470551
7019.2567566
7015.37813109
7012.35886835
7011.54625825
7011.51574495
7011.39297386
7011.48079893
7010.98881548
7010.75036844
7009.14389672
7008.73667167
7009.00652413
7010.05776247
7011.74707593
7012.94385534
7014.50931741
7014.53307012
7012.93676717
7010.66064762
7009.33603016
7007.85109589
7005.44810011
7002.82791485
7000.224652
6997.58724464
6996.76810394
6997.82541288
6998.32394784
6998.23305611
6996.63050135
6997.25273437
6998.58264879
7001.40879536
7003.62255012
7006.19072755
7007.75431477
7011.08252993
7014.63019972
7017.06784182
7018.1969316
7019.83281542
7020.93369887
7021.55488643
7021.48001105
7018.97142446
7016.1313873
7013.2439005
7008.3648875
7004.83575012
7003.60548832
7003.31991224
7001.66432511
6999.2433545
6998.56120306
6999.2450551
7001.36199389
7002.91602567
7006.62781075
7010.19630597
7013.0780846
7015.6815426
7017.59946887
7017.3317352
7017.29712371
7016.89524442
7015.41720317
7013.26326926
7010.72716635
7008.21307371
7003.93150253
7000.34982066
6997.7050324
6995.20221672
6995.91932812
6996.82160328
6999.13107976
7002.015249
7003.74415727
7003.0208986
6999.97104589
6996.48262544
6994.53015739
6994.82746346
6995.55112637
6995.55112637
6994.13065476
6991.32001575
6989.48697334
6988.87947425
6989.26720508
6990.89784769
6992.52615546
6993.08257369
6993.48005511
6994.63487001
6995.74893314
6996.91241137
6996.83300569
6996.82331086
6997.20927138
6996.81055632
6995.16194585
6992.80824669
6990.01878857
6987.38339545
6987.00044583
6984.92774366
6982.78464762
6979.42168159
6977.17373354
6977.26302223
6979.49935182
6983.01229861
6986.43238822
6989.47719487
6990.86917439
6991.254654
6991.37230934
6990.68216366
6990.4449642
6989.42737552
6984.83074648
6980.49718839
6976.38604008
6973.20296872
6971.11695444
6969.2021506
6967.36171335
6964.05716029
6963.02353435
6962.3193099
6963.55528685
6964.97563301
6966.54223114
6969.62353109
6971.88270034
6972.42858737
6971.72857959
6971.41419778
6969.61690988
6968.15567255
6966.76170667
6966.42400428
6966.55247658
6967.00422401
6968.5227034
6970.74760966
6971.04687421
6969.58230537
6965.00036844
6959.63542168
6956.47450696
6953.12992
6950.24139471
6946.71248036
6943.38675338
6940.84110199
6942.24492998
6944.48875895
6947.27195132
6948.92783118
6950.85268531
6952.13929705
6953.19763054
6955.20184157
6956.27580807
6955.46946372
6951.60233123
6948.78953162
6946.85898324
6945.73015831
6945.58293755
6946.76078031
6948.68796232
6950.71360515
6951.098339
6951.15719804
6950.18175507
6949.98727981
6952.56430875
6955.72012863
6960.23417381
6964.63042426
6970.79001325
6975.28616724
6979.08946435
6982.7473319
6984.26375523
6986.36072586
6988.34146994
6988.17858829
6988.27293698
6986.09819158
6983.76321998
6981.1483038
6979.26748417
6976.40591067
6973.20153993
6969.10433797
6964.89529339
6961.50563345
6957.14658023
6954.14982262
6953.47322602
6953.61832103
6953.01086376
6954.25231888
6956.73902761
6961.34774209
6965.10831499
6968.12419743
6971.0350327
6971.89360791
6970.04346188
6967.889521
6965.68991472
6964.53512072
6964.1005257
6966.00434531
6967.66766183
6969.42366129
6969.06557952
6967.78109353
6965.98319927
6964.42359174
6963.43034122
6966.86386142
6972.0703244
6976.6923719
6983.82584264
6990.6963191
6998.74470106
7006.6691201
7010.88355225
7013.82456628
7015.39715834
7016.18742361
7016.60305411
7014.54705828
7012.11114466
7010.05061157
7009.06129892
7009.53173906
7010.74490421
7012.03180868
7012.87222087
7012.27732298
7010.7219809
7009.11132039
7007.69496786
7008.19353767
7009.54560177
7012.61028598
7013.98212309
7011.12562352
7007.99826786
7004.32232093
7002.52463576
7001.62823605
7000.81043353
6999.63793653
6999.89892354
7000.37618003
7001.83483857
7003.43515606
7005.09562198
7006.03229953
7004.33894364
7001.4994083
6999.07710648
6995.70459197
6992.64601321
6991.92078212
6992.03321019
6989.58762961
6986.49965966
6983.92776739
6984.50110106
6986.39406886
6988.35922871
6992.58139722
6996.66611647
7001.05996238
7008.91150634
7016.08216735
7020.84301623
7024.27340007
7025.59512511
7026.38675644
7027.45813022
7030.52523988
7034.70213328
7041.14776532
7049.62208594
7056.00809925
7060.72073878
7064.7001948
7066.25575294
7064.97685664
7062.8975263
7059.61414716
7057.48292747
7054.28045249
7047.68236545
7040.5868377
7034.47775805
7025.89443845
7017.75024417
7009.97923497
7004.77305775
7000.32606796
6994.91060489
6990.25179924
6986.26430717
6983.19612418
6981.00194031
6979.84794086
6979.11387917
6978.10833412
6977.15013416
6975.34323506
6973.14673029
6972.27805601
6974.17350502
6976.39429219
6978.54831671
6979.89631051
6979.96050135
6980.67146549
6982.14083645
6984.67104998
6989.67017164
6993.72623153
6997.52808591
7000.74044391
7003.25585382
7005.92438781
7009.31219382
7014.73880839
7019.86599812
7024.36563695
7026.25224143
7026.63336498
7025.61864782
7023.11399911
7019.73032613
7016.21493995
7013.44278757
7012.09495407
7011.07986054
7010.10735181
7008.98274354
7009.68247254
7012.06685228
7016.16561545
7019.41880887
7020.98162942
7023.16267542
7023.69972489
7023.32817768
7023.79095116
7023.42401789
7024.47849714
7024.27908734
7022.08041499
7018.16414618
7014.53466617
7011.72091868
7009.14410581
7004.30206701
6996.74518063
6988.90990392
6982.73344828
6978.09727322
6976.406524
6976.41373066
6976.93865983
6977.40624936
6977.14910265
6975.99352108
6975.72355711
6976.02174135
6975.43760467
6977.28161737
6979.09202222
6980.3794076
6981.29165639
6981.88538337
6983.98705157
6986.27997503
6988.42337774
6990.73297967
6995.42344165
7000.18379568
7003.94354616
7005.96113899
7007.82857682
7008.48336526
7007.58946766
7005.72218317
7002.23038242
6999.62672926
6997.1774199
6997.15802325
6997.51706683
6997.10908208
6997.0388067
6996.16417333
6994.71464509
6992.3482123
6991.06254843
6992.7467113
6994.66578059
6998.708612
7002.39203044
7003.80516993
7006.61920318
7007.56403527
7007.82317531
7007.07569697
7003.77487269
6999.68149709
6995.9817417
6993.98854278
6992.38754923
6990.50424142
6989.30569171
6989.18078092
6990.38919274
6991.6704448
6992.61356234
6993.74066576
6994.99905722
6998.05431841
7004.22558163
7009.5281636
7015.96848474
7021.87944398
7026.89080442
7031.02352393
7032.57745116
7034.75968898
7037.12736237
7039.55348358
7041.76228986
7042.78439489
7041.59416699
7037.51958864
7033.07585369
7028.62515602
7024.58918976
7020.8524044
7015.9579396
7012.28432055
7012.34534715
7011.95945633
7013.42119547
7011.8804061
7009.94155683
7007.6418867
7005.77499251
7007.38613393
7007.49254716
7008.29997877
7009.30606746
7009.10191827
7009.43572461
7008.92729966
7008.51268674
7009.19494273
7010.18497325
7010.12440665
7009.05354863
7007.33118489
7004.47703411
7001.39622204
6999.19060788
6998.61401937
6998.60660362
6998.03629479
6995.12115922
6990.95077552
6985.65741445
6977.93655914
6972.24756361
6969.88557749
6969.00600261
6969.29217808
6970.02696462
6970.09089062
6969.90652838
6968.91331967
6967.73358813
6967.45676598
6966.79052634
6967.86420012
6968.42261865
6971.45823925
6975.04300173
6979.29678475
6984.22686466
6989.42714552
6991.46042713
6993.8495114
6993.99952004
6994.8187165
6993.71117003
6993.37465946
6992.00665567
6990.2814274
6988.40435746
6987.60053614
6986.18500604
6984.78131744
6983.58927045
6982.02441475
6977.90808098
6973.70668215
6969.89827627
6966.56439475
6962.0240599
6956.64571043
6951.87535489
6948.0842199
6944.64407849
6940.87674498
6936.08824038
6931.04079088
6928.99985656
6929.32227442
6931.0492939
6935.55666212
6940.41709393
6946.92644287
6954.24891767
6960.12550937
6964.21293286
6965.60277965
6965.36059686
6964.83483133
6965.48796098
6967.68444484
6972.46488552
6976.90680138
6978.51086856
6981.09518083
6982.90926568
6984.73977809
6986.88806655
6990.83061806
6994.36782634
6997.02384975
6998.67294113
6999.40963736
7001.30657789
7004.14662202
7006.35179011
7006.48010908
7005.32309872
7003.89795742
7002.02019051
7002.28117752
7002.75843401
7003.98038097
7003.77547208
7004.87901098
7005.35510354
7006.32303317
7006.04228709
7005.14185193
7003.32128527
7001.91946455
7003.4902654
7004.41824478
7004.65365999
7004.92016003
7005.96891019
7007.22944136
7007.43313055
7005.54802455
7001.58797215
6997.4616787
6992.46559582
6984.46433594
6978.23169763
6975.3312472
6974.55054434
6976.13835124
6978.26348638
6978.68460202
6977.16432445
6975.74428496
6974.43711264
6975.14452223
6978.29622302
6982.54718331
6986.7374864
6987.80541715
6988.19116858
6988.45071983
6988.5373252
6986.92545197
6985.26703514
6984.75672141
6984.43102082
6985.43906103
6985.40560652
6984.66749544
6983.18242874
6983.03978706
6984.34519606
6984.13848202
6981.69283174
6975.63599689
6968.79661222
6963.65216554
6959.16069518
6956.31410652
6956.47567787
6958.1386459
6960.28168618
6963.47454299
6966.60973258
6969.40630676
6971.34596451
6972.40017195
6969.25995024
6965.66425232
6962.59877356
6960.91099343
6959.47697972
6959.36308104
6959.21871785
6960.93398644
6964.94896
6970.04123855
6976.47909241
6982.29719447
6982.71847738
6981.43352443
6980.3545746
6978.67043264
6978.05322478
6978.21878279
6979.91963109
6980.68169003
6981.5979185
6980.63755098
6979.21566452
6978.05596387
6975.6646911
6973.59081803
6972.69166529
6972.01205779
6972.17063217
6973.03462283
6971.47949681
6969.55497721
6967.50050078
6966.83341781
6967.30864613
6968.5916406
6971.69316659
6973.23645808
6971.53094009
6968.96446326
6965.94310264
6966.41545944
6967.3908118
6968.78778162
6971.50658102
6974.13137324
6977.72896692
6981.70704294
6983.98285582
6986.56028203
6989.49767182
6993.09302822
6995.93918477
6998.51000371
6998.91924997
6997.89064221
6994.29980914
6989.616972
6985.52285064
6982.31847991
6979.79768243
6978.59029515
6977.85437255
6977.72748935
6976.82897782
6976.17529756
6976.49308755
6977.54744134
6979.71142554
6984.02912759
6987.81555804
6990.44629541
6991.33591362
6993.01337163
6994.50071742
6995.92206721
6997.06101213
6997.34872094
6996.83889508
6997.01212673
7000.0584458
7001.34394936
6999.39024768
6998.1402756
6996.11636823
6994.33612819
6993.80169236
6995.88045119
6997.26865314
6997.76184931
6999.04772227
7000.66450217
7003.65130706
7005.76976524
7006.75052608
7008.42357229
7009.50432727
7009.50432727
7008.24636095
7005.88295998
7001.33573907
6996.81972146
6995.14096708
6993.16887239
6993.10703033
6993.28396985
6994.1898344
6993.84100141
6991.25792278
6988.47740678
6986.28500018
6984.64238364
6984.14065657
6984.91317701
6985.2969839
6985.20605035
6985.82325125
6985.80345733
6984.03176213
6982.1039877
6980.57694953
6980.9885376
6981.66301541
6983.21439871
6985.80536006
6987.65310154
6989.59895535
6991.52417191
6992.69206893
6994.58540612
6996.14070639
6997.80919441
6999.1502255
6996.80528724
6993.48691328
6989.4224131
6985.81028763
6983.44530454
6981.04841421
6976.373871
6971.79273558
6966.21237662
6962.88020268
6963.43577758
6967.07551697
6971.09154992
6976.59491472
6981.08345781
6984.32388275
6985.60155935
6985.76306101
6982.28240479
6977.80455321
6974.84051829
6971.62180394
6969.3442347
6966.45693607
6963.57387501
6960.74949875
6957.33218307
6953.83304324
6951.70420719
6951.92378727
6953.79719812
6957.34418488
6960.72604574
6964.9656315
6970.62402312
6975.1791128
6977.61214098
6978.48755495
6976.92808681
6975.77100676
6974.85223434
6972.46689279
6971.04705542
6968.78215708
6967.25075588
6966.01744833
6967.01498521
6967.29387038
6965.74744951
6963.0917258
6962.22677333
6963.17984359
6968.13374591
6973.678434
6977.6119737
6979.91279383
6980.40612939
6981.43424927
6982.63060353
6985.72360559
6988.08442081
6989.50303151
6990.26333408
6991.16804166
6991.56759308
6990.68766275
6988.6637972
6985.96830444
6983.76029968
6981.5979185
6981.46222561
6981.31991848
6981.5979185
6981.5768561
6981.16998651
6980.5237917
6979.84233723
6980.53367472
6982.70887315
6986.56911959
6992.3340708
6997.79302473
7002.6737941
7008.17057951
7011.91323334
7013.7339394
7014.68032573
7015.28980421
7015.97725958
7016.9914122
7016.17679484
7014.53287496
7013.13643485
7010.82224686
7008.76160225
7005.22861063
7001.9298006
6999.47394669
6996.52060328
6993.89726772
6991.41127687
6989.76564943
6989.68926163
6989.42532644
6989.622722
6991.22622463
6992.85950179
6995.07690169
6998.61663997
7004.13304506
7009.97105256
7018.1089323
7025.14779647
7029.24043329
7031.17024984
7028.81135129
7025.58651755
7022.01793869
7017.02380732
7011.12779807
7007.1676899
7003.949791
7001.75709865
6999.87352599
7000.19884324
7001.21237556
7002.8617527
7004.53472223
7006.43040822
7010.60440223
7014.7186869
7018.96034963
7023.6464904
7026.89383624
7031.41638444
7035.98512078
7039.772527
7041.12861958
7039.97875315
7038.431705
7038.52643703
7038.38171142
7036.7230158
7034.01037064
7030.39679546
7028.18396768
7027.78333596
7026.432617
7024.61563276
7024.74000688
7026.80220572
7031.12079292
7038.24180883
7044.99336147
7052.23973423
7059.77822063
7065.32159842
7070.45561843
7074.02998213
7076.25516021
7078.62118875
7080.60511101
7081.15278925
7079.99575102
7077.5050626
7073.59818196
7068.68988232
7063.23713141
7057.71390996
7052.07733348
7044.9636009
7038.81978431
7034.21236619
7030.49214779
7028.37189143
7025.27979543
7022.61168658
7021.75592017
7021.77884348
7022.43656615
7023.58066167
7025.82335458
7028.81472462
7033.22168052
7036.91067471
7040.72792513
7044.69806965
7049.3252329
7052.54289483
7054.90086641
7056.15090122
7057.59782281
7059.21645664
7061.14871259
7062.82994818
7064.96235272
7067.05169154
7067.78414323
7068.16896072
7068.48075677
7070.01757342
7072.12887373
7072.38609014
7072.12359768
7072.37158622
7074.36649271
7075.12635619
7075.1745725
7072.50977426
7070.04983611
7070.11893362
7072.86892936
7076.09133068
7079.61966654
7081.63090999
7081.31232546
7079.86618448
7077.18696595
7073.11442972
7068.63429207
7065.10396288
7059.84375662
7055.65077021
7054.35374575
7051.7006984
7048.65525751
7043.45262089
7038.21234098
7036.19493633
7036.39893916
7037.61043855
7039.48464395
7041.62830454
7043.56114594
7046.16174637
7048.87611304
7051.00863606
7053.16368512
7055.53082184
7059.13449309
7063.33758555
7066.93317196
7069.7676264
7071.83228554
7072.77084491
7072.08212105
7071.88384731
7072.96474168
7074.37742118
7076.50326027
7078.96214599
7079.74337854
7081.92405515
7083.66947462
7086.77579575
7090.29395587
7092.64427473
7094.95807242
7096.7368767
7097.30741552
7097.27256707
7095.87786241
7092.80367154
7089.63413532
7086.69278674
7082.67078773
7079.84234814
7076.16648485
7072.16297642
7068.85802609
7063.35523978
7057.49733382
7051.16960105
7046.65850405
7042.98388136
7040.42028302
7038.89178121
7040.57874589
7043.03700434
7046.43075549
7047.71961844
7049.18927516
7050.66495368
7051.36394389
7050.73029452
7046.88409201
7043.74674181
7042.65230533
7041.75212108
7041.37119964
7043.02104375
7044.76397504
7047.36823455
7050.96702004
7053.66599068
7054.18710046
7052.94064807
7051.18369377
7050.28440164
7049.89227991
7051.24568916
7051.71932141
7052.21241304
7054.39853995
7057.69414392
7063.22113597
7068.41134563
7071.07185055
7071.62644272
7070.55644894
7068.85983821
7066.69894856
7064.08445056
7061.95786572
7059.37001285
7057.83006682
7057.01282885
7055.40724227
7052.7108783
7050.56808196
7048.71495987
7045.97820655
7042.51989516
7039.93311562
7038.06502961
7037.49355685
7037.11123451
7036.04945102
7035.94444567
7035.7206559
7037.22325136
7038.36943779
7039.53266512
7040.63168068
7043.64974463
7046.67764282
7049.85074056
7052.9452411
7055.10748287
7055.24329425
7055.51070035
7055.44420254
7054.72245629
7053.466783
7049.85752903
7046.55009052
7044.00807034
7042.7912461
7040.90630738
7038.0869005
7034.25497191
7030.57551922
7028.22497036
7028.63887237
7028.6552163
7028.14166166
7027.54139711
7027.68112545
7027.8817201
7027.64291761
7027.16927142
7026.48277089
7023.73082364
7020.56863347
7017.31828369
7015.12862316
7012.10696284
7007.3328855
7002.70411225
6997.31035279
6993.14159302
6992.65441866
6994.06626876
6995.94133143
7000.17075539
7004.44863262
7009.28583445
7012.35465866
7014.99035148
7015.18946855
7014.52929951
7013.29259772
7008.70902988
7004.44636747
7001.10689627
6998.95317145
6997.99735514
6998.38906565
6998.61401937
6998.70351019
7000.81022444
7004.28766066
7008.1182232
7010.17043448
7009.67734285
7007.62106127
7004.78365865
7001.8743358
6999.27614689
6997.93338035
6999.30220656
7001.84309068
7003.7432303
7005.8414485
7006.08573614
7004.7398193
7005.0056851
7007.9394158
7009.43728582
7009.78023638
7009.3886792
7009.11511887
7008.84274338
7010.50870141
7011.77563075
7013.90643226
7016.0007335
7016.90337108
7017.0276755
7015.82052519
7013.46308331
7010.14734389
7007.56871193
7006.2827623
7005.33619477
7003.93103557
7002.15783491
7002.42918586
7002.93879565
7003.31081679
7001.93149423
6998.6061715
6996.50717269
6996.81170632
6998.05891144
7000.08629668
7003.06684279
7006.05015587
7007.90773856
7008.79199707
7007.63623428
7003.7767336
6999.57165477
6995.44248981
6991.44317714
6989.79237819
6988.36964143
6987.85164013
6989.25180903
6993.54436444
6998.43760954
7001.52294494
7003.58126864
7002.35756532
7000.30030101
6997.18737958
6995.16827433
6991.73081625
6990.51491898
6990.1655563
6991.1361623
6993.83283991
6995.90780026
6996.40133794
6995.61892751
6993.35660099
6991.10047749
6988.02527602
6985.86476969
6984.59027824
6983.2995265
6983.70613125
6985.78863977
6987.96194244
6991.557034
6994.25936403
6995.159611
6996.44069578
6997.25273437
6996.90331593
6996.28390564
6997.3664588
6999.94874288
7002.3101087
7004.50142106
7006.1344473
7007.12168298
7007.88406949
7007.56463466
7008.4637874
7009.20539726
7011.36381268
7012.38809923
7013.46417755
7015.45860313
7018.20319038
7020.97491761
7025.53859396
7030.09889697
7032.39730558
7035.85926212
7038.42044896
7040.37590003
7041.57343914
7042.69757347
7043.59701893
7044.15836473
7043.65295766
7043.21330265
7043.87750016
7044.63850668
7044.32007548
7045.96913201
7048.3670678
7052.23522484
7057.86984284
7063.03145586
7066.91669561
7070.61490373
7072.95000079
7073.12097425
7072.35740987
7071.24925704
7069.52356179
7067.10321148
7062.76661461
7058.92292118
7054.69186632
7048.75962862
7043.74303394
7040.59658132
7038.75434589
7038.34608933
7037.96146699
7037.54336226
7035.10047197
7032.25807209
7029.62718835
7026.03149043
7023.23657505
7021.65350057
7022.12319495
7023.26379866
7024.52731285
7025.73169619
7024.33289335
7021.32485878
7018.35965296
7017.22572621
7017.75428659
7019.15158398
7019.85826873
7018.79474979
7016.7720203
7014.9131064
7014.44069384
7015.7302468
7017.0437476
7017.22408136
7016.92415469
7013.47017845
7008.4714889
7004.44403263
7005.45835252
7010.80562415
7016.92607136
7022.82906424
7027.31001734
7028.22204309
7028.08404323
7027.3464967
7022.22648576
7016.29093745
7010.94032037
7005.04639506
7001.09675537
6999.18634243
6997.53726499
6996.6582686
6998.08512444
7000.23858441
7003.18778085
7006.48613089
7007.98264879
7005.69518956
7002.38316499
6999.1840494
6994.72829871
6991.70477749
6989.61815685
6988.78143859
6989.76856276
6994.23119951
6998.67729021
7001.84374583
7004.6552909
7003.81105235
7002.7149083
7000.23356623
6998.38666111
6998.65221327
6999.12167765
6998.48350495
6998.32675662
6998.50584281
6998.27370334
6998.434745
7000.21885322
7002.49371125
7002.96575441
7001.16491197
7000.12382846
7001.02263272
7001.63963149
7001.33659634
7001.61346031
7001.9495527
7001.55908976
7001.39406841
7001.92469181
7001.13823896
7000.37642397
7001.10898021
7002.07630348
7003.38566429
7006.09946643
7009.1448655
7010.54014865
7009.8042609
7007.83609712
7005.00050662
7003.76473179
7004.78378411
7007.86424072
7010.06865609
7011.23311705
7011.92439878
7012.12852707
7010.91567555
7009.7088807
7009.69818222
7007.90801735
7004.86272282
7002.83873181
7001.771735
7000.31502797
6999.5940693
6998.25556821
6994.3963951
6991.30481486
6989.46625942
6987.39430998
6987.23486438
6985.17339735
6984.32049548
6985.15239071
6987.04840427
6989.61183534
6994.17103017
6999.26300902
7002.46788157
7005.78992856
7008.00914058
7009.41655796
7010.46473661
7009.84465026
7008.89724636
7007.71051724
7009.96444529
7012.37678742
7015.22475609
7018.17495617
7020.21904079
7021.51303344
7022.43656615
7022.5186691
7022.13908584
7020.93281372
7018.38139839
7014.60482307
7013.9285192
7013.43482818
7012.40886194
7010.80786839
7008.86820366
7007.1839014
7004.79030077
7002.13816645
6999.69270435
6998.13948802
6996.78649695
6995.77301342
6994.80286742
6994.11562811
6996.05872889
6998.32456117
7001.19586436
7003.03821131
7002.62373081
6999.92745745
6997.30196129
6994.81456256
6993.15472392
6991.42320201
6989.36205559
6987.90134099
6986.30190168
6985.06150595
6985.15478828
6988.1208235
6990.23591532
6991.65722329
6993.10233973
6994.5940346
6994.52444225
6993.87334774
6994.01090852
6993.50918841
6993.85074504
6995.99416168
6996.98584403
6999.03306501
7000.57299711
7001.09565416
7001.35896905
7000.64066583
6999.71281887
6998.60437332
6995.81186247
6992.22251394
6990.6460537
6990.44629541
6989.48258941
6987.28227221
6982.14850311
6977.84570923
6975.81244156
6976.16084243
6976.85889173
6976.99262614
6977.15956416
6978.77785648
6983.94303798
6988.9274536
6993.08285944
6994.99997722
6995.05712868
6993.54764019
6992.16237946
6993.06598582
6995.10512894
6997.55909406
7000.14599208
7003.59840014
7007.22020652
7009.91693988
7011.88658125
7011.98375266
7011.67532297
7010.59849193
7009.97341528
7011.03194392
7013.36738249
7016.89170382
7020.87611529
7025.03658113
7028.95992417
7030.09673637
7029.42902613
7027.3280549
7026.93899286
7028.55223216
7028.62700996
7030.93781765
7033.01538466
7036.19870693
7038.09254595
7038.54662125
7037.25964012
7036.08045917
7032.87580965
7029.55346297
7027.40325785
7027.21713925
7027.85092801
7027.63530671
7028.69558474
7030.36272065
7034.9412494
7040.31332615
7044.00949215
7049.92188018
7054.70411903
7059.48380001
7062.97672985
7064.20590438
7064.07796178
7062.34796624
7059.09442434
7055.08291472
7052.86141664
7050.02617462
7048.04805812
7045.34812566
7040.9447731
7037.2468368
7034.6441594
7033.32687405
7033.61610224
7034.48525047
7034.82022074
7036.18619634
7037.83180985
7038.86354003
7038.57638183
7037.87070769
7039.22033937
7041.0027191
7044.8220674
7048.55750761
7051.81091011
7052.60180962
7053.02390799
7051.46078773
7049.28667657
7046.93975892
7046.21086177
7044.55113464
7042.81714547
7040.75447268
7039.3333041
7038.33201056
7038.92950814
7039.99296435
7038.01776118
7034.94649061
7030.56447227
7028.49165858
7026.47459545
7025.39736016
7026.54534477
7026.68025706
7025.91377934
7025.38303745
7024.4838638
7023.8147178
7024.39382935
7024.64025667
7023.69412126
7021.71970566
7018.63430753
7015.59098542
7012.23856453
7010.57043893
7011.48447892
7014.18637683
7015.89586754
7015.50760005
7015.32799114
7015.82747397
7016.86668263
7017.74100933
7018.60617786
7019.93026563
7022.09625013
7023.72542213
7026.3693601
7028.69429535
7031.78795953
7034.54273647
7037.50637411
7039.79299001
7039.01721472
7037.28914281
7033.76213119
7027.07400273
7020.17893023
7014.21871619
7008.08913171
7004.86772705
7001.03054331
6997.63690368
6997.93338035
6997.5088635
6996.39775552
6993.19017176
6990.74979057
6990.25069106
6990.18076416
6990.78661144
6991.25871733
6992.32469657
6994.00359034
6993.2389108
6993.07628006
6995.9013742
6999.38162618
7000.92074282
7002.59953205
7004.11493084
7003.18907025
7000.47889235
6995.06689322
6989.54195723
6986.41179278
6987.65563154
6989.80187091
6992.69392286
6995.15430707
6996.23176539
6996.63779862
6999.56635781
7003.08278944
7007.69911483
7011.24147371
7011.54625825
7011.27066277
7010.93242372
7010.38461305
7008.71125321
7007.27786676
7005.97445807
7004.19221773
7000.31630342
6997.42982025
6994.4333484
6991.72533807
6988.98780415
6986.4840615
6986.14426123
6989.75467217
6992.70306013
6996.18052423
6998.98491142
7001.34769906
7002.82016456
7005.51749034
7007.62817732
7008.92444209
7008.74272136
7008.21462098
7007.76026689
7006.16694697
7003.04510433
6998.45332619
6993.59679742
6989.7262428
6986.98923857
6985.81335429
6982.98018227
6980.37827154
6975.82478488
6971.53705947
6968.06542204
6966.38951826
6964.59998762
6961.68460812
6959.1257631
6958.47024981
6957.30783795
6957.09472574
6958.34844751
6961.19015043
6963.71898396
6968.23119611
6971.53215281
6976.03278134
6980.01438403
6983.60955225
6990.14264693
6995.60979722
7000.34540188
7004.26936523
7006.36099708
7005.95292173
7002.83250788
6999.40808312
6993.97516795
6989.07176103
6985.47651614
6981.49058528
6978.86913154
6976.18261574
6975.34254506
6976.70915491
6977.23174227
6979.45795186
6983.27735592
6988.58931212
6990.07719457
6990.78661144
6990.93766553
6992.82202577
6995.21080338
6995.01178388
6994.94883364
6995.41097984
6994.98998269
6995.01618872
6992.40883466
6987.44466599
6982.37972257
6977.46607021
6972.39902195
6966.63008408
6960.34832339
6956.23870841
6955.28126119
6955.12189225
6957.1838611
6962.46552006
6968.03719479
6974.22511557
6978.95827387
6982.3409711
6984.01949548
6984.61486034
6984.00949397
6983.29878074
6982.65801532
6982.33596686
6983.679054
6984.67576846
6987.75706841
6989.90544747
6991.04347239
6992.24453816
6992.78919853
6990.03467249
6986.86917869
6983.04103464
6979.64649591
6975.86101333
6973.44466363
6972.64317019
6975.56058485
6979.33748077
6982.28236297
6985.49042764
6987.38339545
6987.81490986
6988.69743292
6986.80117542
6983.99574974
6980.39237123
6978.07344385
6975.47102433
6974.90507156
6972.38611408
6969.02919077
6966.02613953
6962.06796894
6958.38576323
6956.79930149
6954.14225354
6951.22736191
6947.49082049
6944.64859485
6943.59001045
6943.29643317
6945.54673698
6948.14788802
6950.80628808
6952.77322521
6955.19978551
6958.46509921
6964.15036595
6970.82744746
6977.41085633
6982.34312473
6984.72798537
6985.89487178
6985.58711118
6984.373493
6982.94251807
6980.6874679
6980.26808771
6981.040413
6982.23989665
6983.09952428
6983.72862243
6987.02868004
6990.2096605
6991.70539082
6993.03142313
6992.8285494
6991.5411222
6988.89107879
6986.51861722
6985.08068654
6983.57897622
6983.2995265
6983.2995265
6983.3872052
6983.63984949
6983.75031211
6984.64986909
6985.39471289
6986.8688999
6987.1267854
6986.45560425
6984.57727977
6983.63984949
6983.71820972
6984.85596979
6986.44919911
6986.83895811
6984.38274875
6980.64278522
6974.4926541
6969.16740669
6964.03946425
6959.91885806
6956.88933594
6956.31071925
6956.78501362
6957.28262858
6959.13285824
6961.62142091
6964.94170456
6967.76434537
6969.43601158
6970.08521729
6970.82347473
6971.49981345
6971.76248713
6972.49455549
6973.39894943
6974.66099999
6976.67594434
6978.61313482
6981.742902
6984.94871546
6987.91083371
6988.45922286
6987.0475679
6987.41836238
6986.23863083
6986.02210347
6986.72554732
6988.54467126
6989.03121137
6990.10597242
6990.17573205
6990.97994367
6992.29322145
6993.5760835
6993.73203728
6993.42298729
6991.93159211
6989.36650225
6987.53778802
6986.2458584
6985.25173667
6983.53613354
6979.76500852
6975.41376136
6971.76638318
6968.2936306
6967.30585825
6966.80142694
6967.74821054
6968.86294972
6970.0359834
6970.44783632
6971.72066202
6973.38376248
6972.88172874
6972.41486405
6973.73489546
6975.40989318
6976.57472353
6977.57556404
6979.23647602
6980.523262
6983.16697694
6986.33707074
6989.85934994
6993.73605182
6996.84028902
6997.81579471
6997.59305736
6997.40714088
6996.10157158
6994.55907463
6993.62656496
6994.68995147
6997.44674963
7000.67635761
7003.72258608
7006.86574202
7009.82827846
7009.07917618
7005.33889901
7000.91939767
6996.67394343
6992.45002553
6991.12693443
6992.01490082
6993.88330046
6996.75346062
6997.92830642
6996.7171346
6993.13573151
6990.02346523
6988.72016108
6986.05941919
6984.22837709
6981.16771439
6978.39289262
6976.59124866
6973.75195726
6971.32371029
6970.04024885
6970.76678328
6971.57487004
6972.20428184
6972.65984866
6973.8852247
6974.15764201
6974.79147258
6975.58773876
6977.41069603
6982.24319331
6986.56609475
6991.55653218
6996.68947887
6999.63498835
6999.20242848
6998.23300035
6996.66863949
6994.74743051
6992.44986523
6988.6400654
6985.31913357
6982.57432329
6982.37558955
6984.90634671
6990.29903283
6996.54774325
7002.13464676
7005.0801423
7004.93554911
7003.32875677
7001.52803979
7000.45157117
7000.99627335
7000.99627335
7000.90251011
7000.3845576
7000.03861703
6999.5099312
6997.81257471
6995.51218671
6992.97705955
6991.97248328
6990.67927124
6989.65853923
6987.80972441
6987.80327745
6987.11604511
6986.33363468
6987.72371844
6987.80565412
6987.5537277
6986.55812142
6984.62904366
6982.24743089
6979.43020552
6977.72963601
6977.51404956
6978.0230739
6981.19284709
6984.34689667
6988.11828653
6992.86075633
6997.1684499
7002.67428197
7006.5831211
7008.00803937
7006.93329226
7004.41830053
7001.88069216
7000.52737351
7000.20681656
7000.73228937
7002.22145424
7004.11961447
7004.68032603
7003.83656142
7002.73645161
7003.29169196
7004.47864411
7006.99986674
7009.2368445
7011.58458458
7012.8158082
7013.33179526
7012.90755023
7012.48340974
7011.5340613
7010.39345759
7007.69489817
7005.49600976
7002.89775811
6998.44308075
6994.42377204
6992.95111139
6993.16887239
6992.772304
6990.27444377
6987.78375535
6986.22420358
6985.34145749
6985.53254548
6986.15902303
6986.0343771
6984.07768542
6982.986455
6983.48330329
6984.11457599
6984.19863742
6985.22997033
6988.63807904
6992.76437249
6996.63873952
7000.0314731
6999.9842883
6999.33941773
7000.6523749
7003.09746064
7005.6253672
7007.21046986
7008.15146862
7008.24281338
7006.8302663
7005.5766421
7002.94535413
6999.63498835
6999.40683554
6998.98494627
6999.63498835
7000.03703491
7000.99627335
7000.63701371
6999.77797851
7000.97392852
7004.30120974
7009.07203224
7014.60370792
7019.69048041
7024.37667694
7027.60880098
7029.44781641
7029.11692341
7026.83779296
7023.21754082
7019.78477335
7017.96932244
7016.01833893
7014.16126503
7013.30204165
7014.52724345
7015.94213931
7017.09897543
7018.4343053
7020.11374272
7021.92055121
7023.58774985
7025.84185911
7030.31345191
7035.79836097
7042.80142185
7052.81140214
7060.9049198
7064.50614469
7068.06809537
7068.91169968
7066.41774247
7062.66253623
7060.25461985
7058.1361756
7055.56485484
7051.84674826
7048.94791479
7048.25710003
7047.9664988
7049.18070941
7051.29184942
7054.03077728
7057.89106555
7062.16642672
7066.15428819
7070.55359834
7075.00686085
7077.58542312
7080.18128416
7082.73135434
7083.23707505
7083.59043833
7081.22388009
7077.60654128
7073.39828428
7067.84247256
7060.73007119
7054.81298559
7046.84798204
7040.17998204
7037.47953384
7035.37462473
7035.55184304
7035.53019518
7036.56729202
7038.36816931
7041.92341515
7045.12273286
7046.53357236
7047.69974786
7048.60069181
7050.30174919
7052.06055047
7053.88794046
7055.012026
7057.6336052
7058.85102883
7058.51350068
7055.14313284
7051.18310134
7049.3220129
7050.54395986
7052.76720734
7055.00438722
7056.15377971
7056.65024466
7057.81785592
7059.03070047
7059.53318027
7058.85102883
7058.67578991
7058.03887176
7057.83006682
7059.2647775
7062.3455617
7065.2249567
7068.68666233
7069.8451642
7069.6675765
7068.03972873
7067.71508057
7068.3316542
7071.29362608
7072.98928893
7074.15662837
7073.4070173
7072.02041142
7069.86393357
7067.56155224
7064.24058556
7062.25425179
7062.13162009
7062.03134019
7063.23336081
7064.51475225
7065.17536735
7064.03514698
7062.62354081
7058.90555271
7054.81614286
7052.11559011
7051.73077958
7053.21556749
7054.95452606
7057.61919885
7061.2746061
7065.12818255
7069.45155095
7070.17235629
7071.09030629
7072.06367925
7071.44439442
7070.70115364
7069.56593751
7069.19227152
7069.34495652
7070.38584487
7073.15991391
7074.07648391
7077.16159627
7079.530803
7082.37387894
7085.48758795
7089.11001463
7092.45428098
7094.58484552
7094.4796729
7094.22576709
7092.57116268
7090.27151347
7087.90007645
7086.31461136
7085.93504205
7085.88576634
7087.52176167
7089.79534425
7092.70093831
7093.90418559
7093.47750117
7090.89892496
7089.13970551
7089.3333235
7088.99327232
7087.30549219
7082.44594554
7076.4942624
7071.33688695
7066.47829514
7063.5516317
7063.85316837
7065.07910896
7066.97433495
7069.65693378
7071.1026287
7071.1026287
7071.12332171
7071.09159568
7070.74020482
7072.12109556
7075.48404068
7079.13380945
7084.37076482
7089.64096561
7093.53716172
7095.26550544
7095.23400244
7094.48922137
7095.77512918
7096.77158576
7097.12069753
7095.92044721
7093.93136738
7091.25577309
7088.41499714
7087.91331886
7089.85089268
7093.5981465
7096.15483789
7098.60677483
7101.61015364
7106.43429427
7110.52578109
7112.32514596
7113.5720932
7112.28207328
7107.9557776
7103.50137903
7098.32819632
7093.06845006
7091.14446714
7088.2539973
7085.1379186
7080.66909277
7073.87412593
7069.68979587
7067.1624887
7066.27715686
7067.13470054
7069.57493538
7073.009048
7077.11310814
7079.83949057
7082.08421862
7084.39223147
7084.88673097
7085.00556419
7084.32169821
7081.64136452
7076.40282703
7071.06054571
7064.37243118
7060.25461288
7057.66015275
7055.80936551
7057.20678138
7060.40179879
7063.98157794
7067.79112686
7071.11476293
7073.22095446
7074.6004652
7077.00774734
7081.40509203
7087.41854056
7092.78840792
7094.31581548
7092.88368358
7088.48253344
7080.47791417
7074.0054767
7068.36801507
7063.75373877
7061.72179535
7059.99674132
7057.70319058
7053.31945769
7048.28736939
7043.62332254
7039.79897697
7037.5608283
7037.9989918
7040.75081359
7045.48710825
7052.19074428
7057.80945048
7063.38132733
7068.44236772
7069.84101026
7070.17991144
7068.21116916
7064.21625437
7061.05384117
7057.14882841
7055.2189561
7053.48084783
7051.61028758
7050.7654357
7053.31274588
7054.59854914
7055.29916329
7054.10798054
7053.42723698
7054.50640984
7055.27168877
7056.22049358
7056.91310652
7057.13138327
7053.99928822
7048.13312318
7042.21819122
7039.21772573
7035.37458291
7032.32038112
7027.96516123
7024.20591256
7021.59866305
7019.69572859
7018.47944799
7018.15429104
7019.38733375
7023.11739335
7028.27428789
7034.01124185
7038.5103022
7041.93048938
7042.76087916
7042.6522426
7042.65902411
7041.95178876
7042.03366171
7040.56642348
7040.54369532
7040.13331997
7040.47834053
7041.32777847
7044.07992784
7046.78131696
7049.06208528
7052.94835655
7056.93669195
7059.29285142
7061.21316828
7062.48356853
7064.283944
7065.7458086
7068.22033431
7072.98280015
7076.82064601
7078.24942549
7078.16551042
7075.5367176
7070.64538915
7065.53259881
7061.21132829
7057.38760999
7053.51587053
7050.81179808
7049.37075891
7049.7681567
7049.97036134
7048.38026839
7049.14513611
7050.2317526
7053.5749735
7057.85362437
7061.43109655
7065.1406792
7068.55138064
7069.84334511
7068.10000261
7064.72123629
7060.26209136
7055.73058013
7052.22495151
7048.50080918
7044.39386359
7042.03119444
7041.19087285
7041.69064841
7042.31403143
7042.44598857
7041.45832077
7039.93230714
7037.3229249
7033.03259283
7029.18095395
7026.48107726
7024.47849714
7024.6665115
7025.02313659
7024.68969269
7022.86042785
7020.17834477
7017.48810716
7016.85679961
7016.77498939
7017.67503425
7018.30538695
7016.95320436
7014.01732699
7012.50787335
7011.21235434
7009.10311706
7008.14304226
7008.2747694
7008.82318643
7011.08003478
7012.27734389
7013.07668369
7013.60929346
7015.28980421
7016.16313424
7018.11802774
7021.23514493
7023.67823036
7025.2102658
7024.74781293
7023.08836459
7021.60931274
7018.78163284
7016.40950581
7014.73840415
7014.27478734
7014.37243967
7014.3427
7015.90287905
7018.29439575
7019.71624039
7020.13096482
7019.77357306
7018.4800892
7016.58401988
7015.20576368
7014.0888848
7010.50948202
7006.94739891
7002.23842544
6996.67215222
6991.17930468
6988.41070684
6985.34145749
6985.63566901
6987.6117434
6989.84299208
6993.02111496
6996.02592953
6996.86820263
6996.16643848
6996.63931104
6997.8559471
6999.81830513
7001.95957511
7002.15318613
7001.01245697
6997.6569276
6993.5473614
6989.8291433
6989.62429715
6990.82064443
6994.32382669
6998.12796016
7000.83650018
7002.40434588
7004.23890768
7005.98507291
7007.80271927
7008.15590134
7008.37130658
7006.94981043
7006.10111127
7006.15488243
7007.72627571
7011.72736565
7015.83902972
7021.33009998
7027.02274763
7031.70100567
7036.5817611
7039.16480488
7039.45266701
7039.4296531
7038.03062025
7033.01912042
7028.162508
7024.13312809
7020.32799796
7017.27008132
7014.1956047
7011.11093142
7009.79002183
7008.14304226
7008.37827627
7009.54031874
7010.31992039
7011.61970485
7012.5690045
7012.75469795
7011.35818117
7009.75973156
7008.75673044
7007.94416913
7008.21748552
7009.711111
7011.96644692
7012.9680332
7014.34950242
7014.94948121
7014.58518946
7014.11552296
7016.22181206
7020.31738312
7024.49061743
7026.8008536
7028.63219541
7029.3400441
7028.20198433
7026.04314376
7025.2618206
7024.88368007
7025.49946612
7026.32174317
7027.67449031
7028.10450624
7027.97167789
7029.27834143
7032.71172224
7037.10094724
7042.22643636
7046.42439216
7048.94771267
7049.738654
7048.04984236
7046.47951544
7045.42723165
7043.26380502
7041.04198633
7038.40607745
7036.50234845
7036.04945102
7036.3178956
7037.20340169
7037.46993657
7038.31465603
7039.51460665
7040.56173287
7039.49361394
7037.06582001
7034.1412196
7031.49626406
7028.89615848
7025.91525691
7022.3308708
7018.61794967
7015.48404947
7012.31117476
7010.24435501
7008.03489358
7008.00937058
7009.19210606
7010.01265464
7010.39601546
7010.34209097
7012.50512729
7015.36083232
7017.99286605
7020.95264945
7022.68983772
7024.99537632
7026.90874441
7028.88741849
7030.68819123
7031.91667576
7031.62526605
7031.62526605
7031.78507408
7032.432391
7032.78768489
7032.61808445
7030.22379382
7027.54139711
7026.91372076
7026.02141226
7027.82380198
7029.24849025
7030.1549751
7030.57081468
7029.83637663
7028.21673916
7025.84063941
7026.5204351
7027.38604272
7029.15381398
7031.04610572
7030.57858589
7029.50905211
7029.12030371
7028.94272995
7029.04230591
7026.45535213
7022.87477844
7018.17780677
7013.51168295
7013.00676376
7014.08604117
7015.36126444
7017.56363769
7021.40366506
7024.7266878
7028.26358245
7031.63523271
7033.94566404
7035.95201476
7038.47917556
7040.97210822
7043.33356465
7044.47172199
7045.51261732
7044.61034216
7044.0142176
7044.08268784
7043.30044468
7042.79361579
7041.70177204
7040.61022101
7040.68223184
7041.3046391
7043.7127576
7046.23354114
7047.9607279
7047.6385261
7044.51626528
7040.98905154
7038.28049061
7035.64438658
7035.02848204
7034.45216535
7033.30114195
7032.71267012
7030.35464975
7027.51204077
7025.72545832
7025.45157738
7024.81882013
7022.14923371
7017.22958742
7010.52615352
7004.33308213
7003.28948257
7004.63072971
7007.53391227
7010.51687686
7012.62830263
7013.85201989
7016.06065192
7018.52502976
7020.93596402
7024.1567414
7024.82578982
7025.70857773
7025.33124568
7023.37150825
7021.04170815
7020.223132
7019.58350961
7019.20948817
7017.80360412
7016.65109618
7016.48174665
7016.48937149
7017.70529664
7021.13014655
7024.17814532
7025.15914313
7025.03011325
7024.55866948
7022.46866157
7021.06364177
7021.14782865
7021.92324848
7020.92300736
7019.73258431
7018.99342778
7017.42738025
7015.11938832
7012.17112581
7008.03481692
7003.98351036
7000.59330678
6999.29466535
6999.58420022
7003.13264364
7007.1626787
7009.64156743
7011.7112796
7012.56722723
7011.41352748
7008.80282797
7007.30504856
7007.15884537
7007.75681689
7007.77479869
7008.50186281
7010.57372165
7012.76226704
7014.53724496
7017.96524517
7021.77634136
7025.43388134
7028.03945812
7028.77166588
7027.57354829
7026.85548204
7024.51466286
7022.46594339
7020.69235244
7019.98648315
7017.89980675
7015.93481417
7014.36235453
7013.80381751
7013.51595537
7015.93822235
7018.00163392
7022.36058956
7026.20521693
7029.9105411
7033.43247879
7035.61809691
7039.95396894
7044.15485201
7046.86041597
7049.28417445
7050.75632632
7051.51145041
7052.26820541
7050.765596
7047.78085414
7044.99911844
7040.91073313
7037.10510118
7033.99337156
7030.20892747
7026.69775098
7022.87918328
7019.14837095
7016.34309164
7012.67275531
7010.57994558
7009.26252084
7008.82368128
7008.82368128
7009.10219706
7010.07205033
7014.51834316
7019.09337313
7022.92722536
7023.16515663
7021.19186315
7017.58976706
7014.73460567
7012.32096718
7009.0616474
7005.60042965
6998.99711535
6992.33472595
6987.38192484
6982.91081992
6977.82998561
6972.45321129
6970.13127997
6971.63053696
6975.3028248
6979.15837367
6982.43421161
6984.15131322
6986.45583425
6990.75158178
6994.46516503
6995.55112637
6995.48376432
6994.96688514
6995.62430115
6996.64218952
6998.63040511
6999.26153842
6999.0504056
6998.60669422
6997.32103036
6994.33357728
6990.55825651
6987.92565127
6985.60376874
6983.84496747
6981.87906186
6978.89453606
6975.04908627
6972.1298107
6970.70761061
6971.06192874
6971.91818303
6974.15099989
6976.77515787
6979.88400901
6984.97614816
6989.67470194
6993.09615761
6996.23483902
6997.4521372
6998.62655784
6999.38676284
6999.84299177
6997.11189087
6994.53983132
6992.81661729
6992.05696289
6991.40979233
6992.69345589
6993.96997553
6997.64937245
7001.47435923
7007.56991071
7013.52175416
7018.4710286
7022.61795233
7027.03796246
7029.93473987
7034.27908704
7036.6648398
7036.7402867
7037.26480466
7034.96030454
7029.58850657
7023.82871294
7018.74210772
7014.09554086
7011.2927776
7006.9226147
7003.41177972
6998.79193464
6995.09649349
6994.03595758
6996.42938398
7000.13364179
7006.62799196
7012.42512919
7014.88832915
7016.71449945
7018.67435537
7020.05431217
7019.97015316
7019.03335016
7019.30424807
7019.97063407
7021.42363322
7022.12408707
7022.34378564
7021.82553343
7021.03145574
7018.09736261
7015.51930913
7013.71264003
7012.49750942
7012.97146925
7013.94376889
7015.56598514
7019.34153591
7023.10452033
7026.30788743
7027.32459793
7028.22204309
7027.85157619
7025.77863705
7024.13818112
7024.37009755
7024.92912245
7026.73581246
7028.89836787
7030.30697707
7032.08155075
7032.27829116
7031.68765175
7030.40348637
7029.71124282
7031.77204772
7034.93791789
7038.40015322
7041.62205272
7043.94091737
7043.52060325
7042.11940283
7041.03042362
7039.38669193
7038.90048635
7039.91750352
7040.81396596
7040.53487169
7039.92854351
7040.45565419
7042.41675769
7043.62201224
7045.39649531
7050.60573919
7055.94910779
7062.56246542
7068.46669891
7069.40101373
7068.04218206
7065.7373474
7062.53385484
7058.15837407
7053.11372638
7044.76309685
7036.2313669
7028.00659604
7021.4865974
7018.41058048
7017.67205819
7017.1440972
7013.18888176
7009.56990508
7005.93100205
7003.30901861
7002.63141838
7003.2992262
7005.2359985
7007.35151548
7010.46661145
7013.30977104
7015.894153
7017.70400028
7018.01238118
7017.32616641
7015.90493511
7014.03187274
7013.58819621
7013.87589805
7015.29703875
7016.17429969
7014.9168561
7013.42085395
7011.2117201
7007.29783493
7003.92144527
7001.469815
6997.96768517
6997.98295576
6998.49720039
7000.80207688
7003.65575372
7005.42046529
7005.90755601
7007.81518108
7008.68345112
7007.78260474
7006.94258286
7004.83294133
7002.8226597
7001.94650694
7000.95370248
6999.41512251
6997.19937442
6996.09245522
6995.74873799
6995.81564701
6997.21248441
7000.22880593
7003.77228694
7007.3580182
7010.71854484
7013.02266163
7014.22698921
7013.96912462
7012.34919442
7011.54625825
7011.82027162
7014.52858163
7016.53208872
7016.89163412
7013.94475161
7011.42626807
7010.22364109
7009.22275876
7009.045645
7009.72192796
7009.54516965
7009.7435549
7008.79852767
7007.72803207
7006.35368587
7004.35776878
7003.5509017
7002.21601092
7002.01724233
7001.64628058
7000.91106889
7000.31563433
7000.31687494
7001.75728683
7005.64107689
7008.19470161
7012.61408446
7016.67153131
7020.93259766
7023.15080604
7023.48636874
7019.45043732
7014.93734001
7013.35540857
7011.31584727
7008.98226264
7006.13819003
7002.31448567
6998.32765571
6994.22126073
6990.60098071
6988.69272838
6987.05420305
6987.88198616
6989.54008238
6991.65690966
6993.98687703
6996.57900928
6997.07226818
6997.08615877
6996.23176539
6995.48998128
6993.77562572
6990.38288517
6988.95772993
6988.94257783
6992.34575897
6997.33945822
7001.05019784
7004.91291155
7007.51296835
7008.12488622
7008.834784
7009.16400427
7009.03553895
7009.13408339
7010.75749844
7010.52529624
7010.44186209
7012.37954742
7016.60507532
7022.6670538
7028.20790856
7028.0504772
7028.30286362
7027.66530426
7024.76560655
7020.93396371
7016.4756412
7009.93022411
7006.44967941
7004.62933578
7004.34745363
7003.11935941
7001.70199628
7000.65595733
7000.21061504
6999.31368564
6999.37271194
6998.21851037
6997.41912177
6996.68431433
6996.84995598
6996.06852131
6996.57208838
6996.92851136
7000.42449392
7004.26291826
7008.19814463
7012.40622739
7014.26883523
7014.83910223
7016.14150729
7018.89762939
7022.40688921
7026.12220792
7029.93800865
7032.07116591
7033.6030062
7033.53782566
7031.92274636
7029.45143368
7027.71124845
7024.90642914
7019.44704308
7014.09848903
7008.0650584
7003.22606536
7001.58227791
7002.02051808
7003.50774538
7005.65690505
7006.13369458
7006.72923368
7007.60006856
7007.59659766
7006.06595616
7004.60120611
7003.18399631
7003.11365123
7003.93000405
7005.2214667
7006.10111127
7005.60806146
7002.58582267
6999.54326723
6996.11101551
6992.63441565
6990.92706463
6990.16543085
6989.76564943
6988.17210648
6984.93253184
6981.63456513
6980.63463068
6980.31185737
6981.68949326
6983.89694045
6986.91149168
6989.77169215
6991.81808374
6995.18731552
6997.0471076
6997.93338035
6997.92494703
6997.17433232
6996.40936006
6995.41036651
6994.21482771
6993.4818742
6991.82780646
6989.64494137
6987.47896384
6986.66045738
6988.11128896
6990.17362023
6992.74655796
6995.0741417
6996.55475476
6997.27670313
6997.68394212
6996.52554479
6996.10286794
6997.14381902
6996.95584648
6998.18741858
6998.30428634
6997.25273437
6996.48129423
6994.7683117
6992.31086173
6989.08261284
6986.36242647
6987.47722838
6989.86358751
6991.99442387
6993.77353481
6994.07222088
6992.04264715
6988.97426204
6987.38339545
6988.316163
6990.13034543
6992.7202195
6994.48081199
6993.57652956
6993.50007903
6994.71824841
6995.89719936
6996.57208838
6996.29445775
6996.36331828
6998.04539024
7001.84125766
7005.50925217
7006.81784632
7010.25852439
7014.52775224
7019.1138919
7023.27785652
7025.20160945
7026.4551988
7027.34083034
7032.10474588
7037.89600766
7043.53741414
7049.43506824
7053.41816244
7055.85188758
7058.08987595
7060.2123208
7060.63147099
7061.37821751
7060.81739444
7058.65299903
7056.74768093
7054.66164574
7053.28879803
7053.22457233
7051.40984627
7048.91392361
7047.95673427
7045.95340839
7043.2795844
7040.20584656
7037.39478937
7035.01178267
7033.5887253
7032.82347425
7031.91835546
7031.20392041
7030.24137138
7029.48456062
7030.77287297
7031.62526605
7031.5182604
7031.27401459
7030.44910299
7026.97340919
7023.37850582
7020.42305059
7019.0905295
7020.39463516
7022.34517958
7026.10482551
7032.00362264
7037.87523799
7040.30692798
7040.28799133
7039.39489525
7038.66350992
7037.70857179
7037.51530228
7039.17099396
7039.61135989
7040.0262028
7042.76368795
7046.55735294
7049.24267692
7050.55665167
7050.00265889
7049.97427134
7049.5689072
7049.3220129
7049.38806465
7051.42681049
7055.02188114
7057.96786456
7060.1540751
7061.43603806
7060.05688974
7058.22798036
7055.20130187
7052.63379353
7050.9521537
7050.44081542
7049.88649506
7048.08193081
7044.09168571
7041.34626906
7040.32182917
7039.45266701
7039.45266701
7039.45129398
7039.18919182
7038.45395225
7036.6390171
7035.52783942
7034.34784303
7034.26831886
7033.50106054
7032.54845028
7031.11378838
7029.24301207
7029.32518472
7030.22534109
7031.33714604
7032.38572196
7034.02191941
7034.77187897
7036.04945102
7035.66111384
7032.89188176
7031.28494306
7031.37232903
7033.20838932
7036.29628259
7040.46647115
7043.35487099
7045.66838292
7046.45337213
7047.28007494
7046.47585635
7044.73797809
7042.76352764
7041.43288837
7039.98760466
7040.81396596
7040.81396596
7040.62437645
7040.13331997
7040.20114899
7040.59249012
7040.81396596
7040.81396596
7041.22981251
7041.90569123
7043.62450042
7046.60069047
7049.918932
7052.90645477
7055.1811525
7055.32511144
7054.98269754
7054.18834804
7054.42766628
7054.61410549
7055.70677864
7058.60117938
7059.19135182
7059.19135182
7059.2707575
7059.53168178
7059.43395976
7060.02259887
7062.57404904
7062.16074643
7062.29236902
7061.2857576
7062.33544868
7063.94097253
7063.44526726
7062.0218196
7060.49657961
7060.32348736
7060.57216589
7060.36501277
7056.99774644
7053.37123552
7049.32182472
7048.00877694
7049.00452261
7051.74828048
7054.80542348
7057.74210236
7060.46835933
7064.11716629
7069.19757545
7073.95038827
7077.40107482
7080.25857803
7080.04725703
7079.60126656
7078.72935834
7077.94826518
7075.23101305
7071.61722182
7067.60155129
7065.77851735
7066.3228153
7068.92560421
7070.7265721
7071.44326533
7071.63069423
7070.72915089
7069.49555061
7063.8876544
7059.83303027
7057.01291945
7054.56131009
7052.96736986
7051.53146736
7049.64081349
7048.98168991
7051.29957183
7055.90411844
7063.0539819
7069.15662155
7071.3601448
7071.46880924
7070.13621148
7068.27269062
7067.38022181
7068.05561265
7070.39204092
7072.64739776
7073.94301434
7075.00400328
7076.79584088
7075.46503433
7073.36910916
7069.21657483
7064.63150153
7060.75590086
7058.43134197
7057.0856412
7060.20702384
7064.24742283
7068.06007325
7073.95843827
7077.86100467
7078.68524021
7078.20795583
7078.11268017
7078.58968576
7078.58968576
7079.33948501
7080.86236227
7082.7526119
7083.67999885
7082.93333596
7083.18326904
7083.98415612
7083.04784796
7081.66568874
7081.82466737
7081.44210108
7081.26667399
7078.27486486
7076.13262609
7073.97040522
7068.27177759
7062.62211203
7056.69694856
7050.71048666
7045.50851217
7040.63370189
7037.37013061
7036.40562309
7038.01470148
7041.66114571
7045.92614993
7048.98168991
7049.33775743
7050.00265889
7050.58628679
7053.01600436
7054.56945068
7056.19842057
7058.17038981
7058.17038981
7057.46606779
7056.16871575
7054.24170798
7052.9875959
7056.72919731
7061.28626639
7066.44341881
7070.82605746
7073.68061945
7072.48585428
7071.72474323
7069.41314099
7068.63684995
7069.21805937
7072.15025674
7076.76057425
7082.42231829
7089.13336309
7094.92461791
7096.51517086
7096.22488327
7094.46726685
7091.67102722
7090.71994332
7090.04646218
7089.56332327
7086.04955405
7083.43480515
7080.58399285
7078.34574661
7077.10534391
7076.1523085
7077.02535974
7077.3655991
7078.74497045
7080.43400512
7081.65258572
7081.23447402
7080.26959014
7077.71052906
7075.36479625
7073.45687149
7071.7831562
7070.34579703
7070.70408091
7071.64747724
7069.71958432
7067.30989067
7063.99744095
7060.00949585
7056.50984723
7053.69458732
7051.41235536
7053.05940462
7055.63961174
7058.224844
7058.29028242
7057.86593981
7058.5978409
7058.7191832
7058.27513728
7057.14942083
7057.24404831
7058.96392387
7061.1521138
7062.53128303
7061.67435964
7060.37731427
7058.03985449
7054.48580047
7050.41492999
7045.34645991
7040.36947398
7039.15987731
7038.29268757
7038.3069824
7038.99070202
7038.81209675
7039.01133927
7039.19613363
7040.09724485
7041.77641045
7043.26368654
7047.48408474
7051.04965966
7052.78573277
7055.61281328
7058.42263683
7060.41026
7061.5867367
7061.74547836
7060.97343883
7060.60816434
7059.11772402
7055.27127756
7051.59091185
7047.06732516
7043.23409323
7041.26399884
7040.18520234
7040.44525542
7038.50529099
7036.67810312
7033.26722744
7029.73073007
7027.8817201
7028.01971996
7028.22204309
7029.42785522
7031.96911571
7035.58685179
7041.1260617
7047.0414467
7053.86815351
7059.11542402
7060.89296679
7060.87747316
7059.3955498
7055.42267316
7051.06573176
7047.82095774
7044.42101053
7040.56259015
7038.49628615
7036.22427873
7034.37209755
7032.13180221
7028.45050256
7023.1313397
7017.99015484
7015.85418879
7015.07923593
7017.38854514
7020.5917589
7022.69841043
7024.97252968
7027.26566223
7028.17016769
7029.17884214
7030.07556942
7032.32753202
7033.14007242
7034.84765344
7036.47155636
7037.29543644
7038.2151428
7038.74131954
7041.85107674
7044.22802678
7045.13653285
7044.9041355
7042.79671731
7039.50730938
7037.39798846
7036.98638645
7037.37926091
7038.70919624
7040.35524187
7040.67524125
7038.25495367
7036.42315186
7034.28695582
7034.92346276
7036.89009321
7039.04999317
7039.65730408
7039.25423994
7036.78058544
7033.63388192
7033.03633555
7031.33589846
7029.70974433
7029.14537368
7029.62310412
7030.22635169
7032.21688122
7034.31247882
7036.61507621
7038.9099024
7040.84139866
7043.21178325
7044.52509588
7047.23859832
7048.56034427
7050.32855462
7051.08480781
7052.55615118
7053.58925439
7054.31178822
7053.97081007
7054.44936293
7054.40686873
7052.33429898
7050.43110664
7048.62643784
7047.1620084
7045.54104668
7043.18828843
7040.88071468
7039.67355043
7039.59752505
7040.22192564
7039.47126215
7040.40001516
7040.50203748
7041.36840479
7043.16448694
7043.87292805
7043.14276241
7040.44532511
7037.94379883
7037.07042
7037.05832062
7036.98125676
7038.26979911
7039.16771821
7038.89792848
7037.67098425
7035.94684325
7033.8903247
7032.58483903
7032.53564696
7032.95894411
7032.7395313
7032.57801571
7031.69692841
7029.77356578
7028.08248899
7026.95864739
7028.03703267
7029.67981648
7032.26397541
7034.34285273
7037.75322659
7040.14819329
7041.75674895
7041.49460497
7041.44597047
7040.72786937
7039.74667642
7038.34830569
7038.09138201
7038.14648438
7037.6561876
7035.81216096
7030.72710301
7024.67581603
7020.18286113
7015.37483442
7010.61645979
7006.96225829
7001.74214866
6996.57885595
6992.89883872
6991.16222894
6992.05612653
6996.43930185
7001.82724858
7009.90389262
7016.94875073
7020.26618378
7023.12892122
7024.05940968
7023.79785812
7023.74842211
7023.35037615
7023.1425609
7023.62962375
7022.20736093
7020.28667466
7017.23245893
7015.58798845
7014.68164997
7013.12768788
7011.69934749
7010.05655671
7008.42509865
7007.99129817
7010.12610028
7012.9100175
7013.91002165
7013.10068731
7011.68834932
7010.92554463
7010.3764167
7010.33865492
7011.16181015
7011.48827043
7012.92564354
7014.2488601
7016.30797137
7018.11462653
7018.69302717
7018.69302717
7018.60752998
7018.6145624
7018.97550173
7018.13000864
7016.78027241
7013.38388672
7010.40702757
7007.82139804
7006.55827415
7006.90822229
7008.23892429
7008.75935801
7009.0228332
7008.36239235
7007.94581398
7006.34061073
7006.10090218
7006.14377972
7008.711992
7011.10015628
7013.20066054
7014.64798636
7016.05278314
7015.28029755
7013.64220434
7013.48795813
7012.58594782
7012.81968334
7011.6393524
7010.00244404
7007.67435152
7004.57580159
7002.04532321
6997.31933672
6992.42400071
6988.52747006
6984.03560243
6981.30264759
6979.73841218
6978.31371694
6977.63714822
6978.0719593
6979.96971528
6980.92836827
6981.51808071
6981.8933776
6983.06129553
6983.74810272
6984.04063455
6985.94124113
6989.69000738
6993.23642959
6996.11429126
6997.98190333
6998.79670191
6998.88987273
6998.012793
6996.08996704
6994.46408473
6994.14000111
6995.84130941
6998.11646714
7002.06825349
7003.50296418
7005.6255763
7008.49925615
7010.49878354
7011.54625825
7011.29872971
7009.30815837
7008.16981284
7009.07768466
7011.40980566
7014.21434619
7016.30358744
7017.57991889
7016.12955428
7014.15107535
7011.56432369
7009.83395875
7009.09961131
7008.67599355
7010.2708468
7012.10083649
7013.02914344
7013.04354979
7011.44446593
7011.20594223
7010.50340445
7007.26099314
7005.51541338
7002.88177661
7000.22524442
6997.42701146
6993.93760829
6990.27447165
6986.15452758
6982.79963942
6979.94364167
6979.13534582
6981.09179356
6984.81976922
6987.65947184
6986.17653787
6981.21354707
6976.45963304
6972.91933021
6971.30643243
6972.23519938
6975.82550973
6977.27957525
6976.74523699
6977.17373354
6977.28089252
6977.57998283
6979.21566452
6979.60685928
6980.63688886
6984.19074773
6987.59230493
6991.08149902
6993.50140327
6995.04791475
6997.60431341
6998.1758489
6997.73576873
6999.09291374
6999.3665368
7000.97591488
7003.66933068
7006.1697906
7007.11499208
7006.28396109
7005.00191449
7003.71885729
7003.39578428
7002.66929865
7002.27305086
7003.56171169
7004.1090763
7001.7947977
6999.75540368
6996.54630053
6995.14577617
6994.33287335
6992.80179973
6991.2628852
6988.5474661
6983.71703184
6979.38463072
6975.55025576
6971.85300249
6969.54082874
6967.65043973
6967.90495189
6967.89951554
6968.27352304
6968.52930369
6969.76999912
6971.82202222
6975.20022399
6979.07508588
6983.42445122
6987.20503411
6989.27130326
6988.53952762
6986.22780691
6983.72398062
6982.47167369
6980.95968308
6980.23662653
6979.78476062
6977.94624004
6977.51404956
6978.35523538
6980.28404133
6982.26780329
6982.26769874
6980.35778762
6977.55382558
6973.96678401
6971.37177328
6970.50086172
6970.77074206
6971.8614637
6973.49223176
6974.11083357
6974.93882577
6976.4369467
6978.48542919
6980.48193871
6981.97286692
6981.25448006
6980.76013389
6979.60448959
6978.48484374
6977.22415924
6975.02751508
6972.3208499
6971.44165139
6972.4817452
6975.81358459
6978.58692182
6979.58588052
6980.57694953
6980.50967111
6979.28504082
6977.40527361
6975.89907481
6973.32891102
6971.803678
6973.93086223
6977.54134286
6981.57865428
6985.39904804
6987.79585473
6989.98847042
6991.57730883
6991.2601043
6989.44633308
6990.12362665
6992.86622057
6996.18720816
6999.53711299
7000.71948605
7000.95187642
6999.28354173
6998.41718138
6999.44195581
7000.35747338
7001.1686059
7002.34420443
7001.01903636
6999.21331513
6997.93338035
6997.60762401
6996.7809909
6992.80277548
6984.39189995
6976.42994216
6969.21562301
6964.61877791
6960.05563823
6954.09003662
6949.12729673
6945.90698632
6943.29160317
6941.47976953
6939.06628437
6936.44571578
6936.28011594
6937.45179053
6938.56864153
6939.76254943
6940.75523541
6943.4721739
6946.71804217
6951.17676893
6955.19515067
6957.0035134
6957.83422378
6959.9374741
6963.7474412
6967.54641013
6970.47039721
6973.80510812
6976.25632718
6978.96504144
6981.09617749
6983.21819022
6985.34975839
6985.60001905
6986.37031616
6988.3899302
6991.32203696
6993.93091041
6995.38906017
6996.42573883
6996.93621286
6996.01667378
6997.03872306
6999.23486541
7004.02865304
7007.74963114
7009.55561721
7010.99199366
7012.8114382
7014.97987603
7016.9914122
7017.24602892
7017.56811223
7016.66424798
7015.86538909
7013.22933384
7008.4251335
7003.5074666
6998.11866956
6992.16728612
6988.27153607
6985.53244093
6982.87917753
6979.68648799
6976.55281779
6972.52297788
6967.95838851
6964.03298243
6960.05073854
6955.70837773
6949.92020352
6946.09426886
6943.21769658
6940.12248513
6937.55549952
6934.284624
6932.16737157
6930.94851218
6929.93553744
6929.38995011
6927.28245524
6924.14797656
6920.72718301
6917.60720128
6916.07191797
6915.71297894
6914.01362912
6911.88146155
6909.77445457
6909.53588208
6910.71187788
6912.59334569
6914.78329199
6915.09462804
6913.34544494
6912.44196402
6911.69279205
6910.18664204
6908.22997127
6904.39657207
6898.87434729
6895.10451167
6892.7833958
6890.76866055
6887.2984519
6883.40721124
6879.23495269
6874.81985619
6870.22822442
6867.23787893
6865.29396269
6866.51199268
6867.66135729
6868.27064759
6868.27064759
6868.190071
6867.58998766
6867.58370797
6866.90939047
6865.76950464
6863.69358247
6861.52412706
6858.65901993
6856.43214125
6852.41230284
6848.68986111
6847.9661285
6848.3932311
6851.99042751
6859.52103119
6866.25752233
6872.72894222
6877.35975062
6878.5517767
6877.11050754
6875.6268766
6873.04412554
6871.23227796
6869.78703607
6867.91428037
6867.41693026
6867.96439941
6869.75275217
6871.34350724
6873.29085257
6872.26044663
6871.05538026
6869.21482452
6865.42088074
6861.22708585
6858.30963634
6855.66456232
6853.14042636
6851.35415754
6849.16269185
6849.08790011
6849.70464797
6853.64419555
6857.25657891
6860.06104277
6860.55158349
6858.60500483
6856.38551402
6854.38458572
6854.18357289
6857.87918828
6863.70669246
6871.75319259
6880.88292195
6889.66529589
6898.03296631
6905.22680154
6910.46828721
6914.95223727
6916.25605718
6917.56817102
6920.19260779
6925.56770241
6931.58052367
6936.40090067
6939.60527838
6941.71479445
6944.12151901
6946.85484325
6950.47599448
6953.35398857
6954.10954478
6953.49016237
6951.94000574
6950.03233886
6946.49833663
6945.26495241
6944.23932768
6943.70141398
6942.91234052
6942.31791657
6940.09855122
6937.00461522
6934.48235411
6931.38126024
6929.1068413
6928.81376583
6929.5452348
6931.28703003
6934.37174513
6937.8770392
6942.72606162
6947.03234731
6950.2243817
6953.7188379
6956.97839464
6960.522252
6962.63474413
6963.94605646
6966.86217476
6970.6308325
6976.31872681
6980.4999693
6981.03002816
6978.11185381
6973.64398282
6968.09374686
6964.81144105
6964.01872942
6963.51561538
6963.15241786
6963.09239489
6961.72719292
6959.99527374
6957.81125169
6958.11569471
6958.39660807
6959.10039343
6961.03216846
6962.82889182
6965.22259003
6966.65126497
6967.7309954
6970.31755888
6972.52828879
6975.25804454
6979.89129233
6985.05080051
6990.80079476
6994.05980089
6995.11252378
6995.5101655
6995.72193256
6996.91241137
6997.23204136
6998.14616499
6997.9863709
6997.72419208
6996.57208838
6997.10655209
6999.81739907
7001.93343878
7004.91230519
7008.8202034
7012.57020329
7015.80377703
7018.60812937
7021.97425964
7024.27741461
7026.5332663
7029.61854594
7030.52016595
7028.96020993
7026.56985717
7023.00719558
7018.45544437
7014.6989348
7009.90709171
7006.4414273
7007.28409767
7008.78383556
7008.38181687
7008.12869864
7006.46493606
7003.76830724
7000.7872175
6999.19715939
6998.31191118
6998.95434236
6998.68750778
6998.08260838
6997.72017056
6998.91371604
7002.84625907
7009.94338986
7017.30851916
7024.07808845
7027.72688147
7028.79699373
7028.58602121
7029.07460345
7027.38827999
7025.09061713
7021.30210971
7017.67205819
7017.39172332
7015.83089609
7014.12209537
7010.53645472
7007.21861743
7004.70589085
7003.03821131
7003.27810107
7006.48386574
7011.27176398
7017.16289446
7021.11661141
7021.75592017
7021.89005882
7022.22643697
7023.95505948
7026.35614556
7027.78304323
7024.73557416
7019.51963937
7011.29074245
7003.81703932
6999.03006804
6996.12818185
6993.50529932
6991.82958373
6990.78661144
6990.2115005
6989.14494278
6990.05190854
6992.3053278
6995.10671106
6998.72161744
7001.59959759
7005.35709687
7009.84465026
7010.17472084
7011.07658478
7010.80908808
7011.19886799
7012.66616198
7014.38944571
7015.76600131
7015.90221693
7013.95179797
7011.02224908
7012.53047606
7013.26058593
7014.68819451
7013.55205837
7010.52503837
7003.71308639
6996.89907139
6990.05839732
6985.03675658
6981.80926738
6982.54949028
6985.31277721
6988.45745255
6990.68615033
6992.26118875
6992.84018181
6995.74235375
7001.20156557
7006.3064941
7011.63974968
7017.08978938
7022.94855958
7028.01185815
7030.02192372
7026.96761041
7023.56403896
7020.30006344
7017.83404075
7016.57774019
7018.66646568
7019.41357463
7020.23586562
7017.78422838
7016.08064796
7015.06243201
7015.49952915
7018.85066065
7024.62570396
7030.41047697
7033.87616926
7037.42675237
7045.99648108
7054.17185078
7060.31983524
7066.39005886
7071.02112514
7074.83143376
7076.13995821
7074.9139061
7072.54533362
7069.68047739
7066.13517033
7062.48129641
7060.97144549
7059.53168178
7058.98388506
7056.13690609
7054.32348336
7053.96461402
7054.42684386
7054.16044837
7052.87134147
7052.04458988
7052.86695057
7054.32214517
7053.01151588
7050.36099156
7047.57962525
7045.75820131
7044.70059964
7043.21340719
7042.58079631
7043.44137181
7039.39267889
7033.77900481
7023.45752816
7013.6823846
7006.58856442
7000.18994991
6996.87038414
6998.80244494
7000.50520293
7002.20947335
7003.42065214
7004.65671272
7005.9468581
7007.02538277
7008.37344627
7008.82368128
7008.82368128
7008.26949335
7007.02312459
7005.29720632
7005.21743822
7008.52717673
7014.09713691
7020.55258228
7029.05754862
7033.9645519
7035.4830731
7035.65117506
7034.55382525
7031.81078526
7029.58333506
7030.19556657
7031.37353479
7031.02464605
7028.82064886
7025.84628486
7022.60753962
7018.56775396
7016.19732057
7016.02531559
7017.30896522
7020.67956306
7023.54239111
7026.25461112
7028.35094054
7028.4133332
7026.50319208
7025.50989974
7023.96080251
7022.60383871
7017.34914548
7011.46968924
7005.5100955
7001.39884961
6998.67485779
6997.35090245
6996.99600583
6999.24071298
7003.08876247
7005.50210127
7006.9206353
7009.2723481
7012.8915757
7015.65507869
7016.15537698
7018.5574667
7022.03784413
7024.84030769
7025.25368
7023.2525914
7022.81443486
7025.46738464
7028.56944032
7030.70748333
7034.43863718
7037.57999495
7040.25300349
7042.71733951
7044.90053914
7045.17672705
7042.75228553
7037.00223552
7031.22930402
7026.51034996
7018.89018576
7013.03820403
7010.63068493
7011.78331135
7016.32535378
7023.85338564
7030.129933
7033.98717551
7037.03034428
7037.54551589
7039.49486152
7043.06084068
7047.07209939
7049.14627217
7050.6707664
7052.25731875
7055.93273599
7059.52714451
7061.64197149
7061.31326697
7060.01124524
7058.10256776
7057.17735535
7059.17390669
7061.36707298
7063.55133201
7065.64647658
7067.04295851
7067.45115235
7067.97130728
7068.31114937
7067.91922976
7067.65843093
7068.58951879
7071.46958985
7072.9670138
7072.71225072
7070.99399911
7068.27156153
7067.4607287
7069.18452122
7073.15153635
7077.57782616
7081.11097111
7085.5627909
7092.03366019
7098.74345045
7102.22599545
7104.42082053
7105.47512554
7106.0402977
7107.31170855
7109.53510936
7113.7293991
7117.24421377
7115.48610947
7113.4775842
7115.2897733
7116.71605066
7117.29683493
7119.63007108
7122.73931948
7127.03586155
7129.97832528
7130.16831903
7128.86554457
7125.29191269
7117.50850441
7109.26175811
7103.1310794
7098.63123844
7097.81766653
7099.24666207
7101.073836
7103.90346044
7106.12484004
7105.52649215
7103.96130887
7102.45599522
7099.65543439
7096.10395915
7091.70915142
7089.16974487
7089.82036543
7090.87808559
7092.85496846
7096.80322815
7102.03133201
7104.99003511
7104.77578684
7103.62174557
7102.09161983
7100.3206216
7100.57062438
7101.8381322
7104.21444801
7106.94217558
7109.54117299
7110.80261718
7110.47218418
7108.36573477
7105.4735922
7104.48271138
7102.54750725
7100.94643007
7099.27251962
7096.77820696
7093.36312856
7089.97606831
7086.56210506
7084.13658324
7083.73352607
7084.54180102
7085.71765742
7083.89327136
7080.41142333
7076.84209175
7074.51113468
7073.77580451
7072.86706845
7071.98728448
7071.78327468
7071.2984979
7070.12379846
7066.58830473
7063.25661169
7062.51146123
7062.12424616
7061.85527885
7061.57361277
7061.51548556
7060.32168917
7056.91659137
7053.57454835
7049.85336813
7046.27244595
7042.94159625
7040.06077247
7038.17282981
7036.22130267
7034.34784303
7034.11486023
7033.70117428
7033.90921953
7033.8074969
7033.85369201
7031.81589404
7028.67753324
7023.42227547
7018.89017879
7016.02141257
7013.32632405
7012.22185818
7014.78261987
7017.30799643
7021.3433424
7025.20101702
7027.86618466
7029.54662571
7030.20767293
7027.77116688
7026.86075809
7026.95477224
7026.23918023
7024.74683717
7022.26995571
7017.94186883
7013.8100066
7010.47081418
7009.24984297
7008.84479944
7007.55347619
7005.04476415
7002.15352068
7000.51240959
7001.27708216
7002.06314471
7004.766562
7007.53863075
7012.04071594
7016.82384692
7019.917992
7022.76768915
7025.159861
7026.27993897
7025.7573098
7023.61506406
7019.9706968
7016.56840081
7016.31077319
7016.48690422
7016.98946069
7016.16162182
7014.22584618
7011.02880756
7007.5051832
7004.70081692
7001.43277109
6999.86753205
6999.59923384
6998.42335653
6996.37742494
6996.07722645
7000.52895563
7005.163911
7010.10427121
7013.98776157
7018.48174101
7023.52093143
7027.82571167
7029.13006128
7028.95839781
7029.86734296
7032.53548666
7035.73492982
7037.44127721
7037.85278861
7035.21131792
7032.4943864
7029.49537061
7028.44241772
7026.87420262
7024.31447245
7022.13463918
7022.43656615
7022.43097646
7022.17742611
7022.82332122
7023.34268161
7020.96280429
7016.98477009
7012.29388993
7008.1827904
7005.16605069
7001.42088777
6998.41656805
6998.33518995
7000.77157054
7003.05592826
7004.3282382
7004.80734166
7006.27977231
7008.73132592
7011.55721461
7013.93814435
7014.93834365
7019.21245028
7023.74849878
7031.45825137
7038.11735805
7041.88740276
7042.85588997
7043.01177406
7043.66339129
7043.82285083
7043.20268781
7042.49025307
7042.26854026
7041.82988191
7040.95848945
7042.23341999
7043.9629625
7048.20577523
7051.77409621
7053.41964002
7054.42684386
7054.09298177
7051.52952979
7049.15821125
7047.9607279
7047.9607279
7047.70894088
7044.1908644
7038.62454239
7027.98247394
7016.97558404
7006.2991132
6995.14927495
6985.21142398
6977.1664293
6973.60077771
6973.20174205
6974.19817772
6975.99382078
6982.22349697
6988.97266598
6993.40315155
6995.60325268
6994.45827201
6991.17961832
6985.71567408
6978.52089795
6974.16238836
6971.24132856
6967.60021614
6964.8315486
6963.88183077
6963.74059
6963.43151213
6961.9922572
6958.51112705
6953.15608422
6946.96863041
6940.88466952
6935.54760152
6931.53759038
6928.5156025
6925.47228736
6922.0898271
6918.13153106
6913.83750505
6912.42488828
6911.28346215
6911.55597703
6912.5414912
6914.03161092
6916.97581707
6921.15491289
6927.46763991
6938.23526732
6948.7345547
6960.55537197
6971.01084788
6979.29769081
6986.8137348
6993.21392446
7003.44804302
7012.63056081
7023.35324766
7032.14265402
7038.00481149
7041.84925765
7041.43936321
7031.83058615
7019.96634074
7005.23730184
6990.56749135
6961.46270712
6929.44654399
6908.22997127
6901.67372328
6903.1728339
6911.39560446
6920.48895901
6930.59779738
6938.89898393
6946.86954232
6952.4402413
6956.54063538
6954.73973021
6949.3850289
6935.28358967
6918.31392785
6906.55543355
6899.88460385
6898.41427805
6898.8829897
6897.96870577
6895.03174113
6892.29286902
6888.33296298
6887.10880663
6888.82335037
6893.14581968
6897.8533574
6901.08917538
6903.73737879
6905.38466502
6907.4692993
6908.96743417
6907.19992078
6904.87817765
6904.76659291
6906.31630348
6905.73774952
6906.8645393
6907.21706622
6906.86969687
6905.04224415
6902.76392219
6901.65169906
6903.89747257
6908.77521012
