6976.01005876
6970.42768555
6965.75213871
6959.56391127
6953.13187012
6948.73297119
6946.15277104
6949.38659569
6953.46815766
6958.25737318
6961.34138434
6963.85631334
6965.14605447
6966.7327741
6967.18880091
6964.87660626
6964.98860917
6968.09827576
6971.42184214
6974.2037939
6974.52948751
6972.28225037
6969.64742876
6965.65888426
6964.7834215
6966.86673154
6970.18179489
6973.87196696
6975.4066927
6976.88858818
6974.40821491
6971.83026597
6972.98444663
6976.69601565
6979.59227033
6981.3262595
6981.55096231
6977.50707847
6968.87058711
6955.89344251
6941.21717113
6926.90596514
6914.86041021
6907.02790744
6901.46900815
6896.93861904
6893.0521596
6885.40992239
6877.7395137
6875.95594215
6875.52621894
6873.17201796
6870.63504383
6873.43571618
6880.59740023
6889.1111902
6895.48539686
6902.13749203
6906.52666824
6909.58073761
6913.9456384
6920.91669446
6928.94664158
6936.85656367
6943.64263022
6951.59430772
6959.41710869
6965.36831789
6969.93179211
6974.87873868
6977.78384486
6980.69592074
6983.28996966
6984.65846829
6985.72364602
6986.16329406
6983.93605992
6982.8034156
6980.64044201
6974.60984804
6965.37229061
6954.64994527
6943.46729373
6934.87553383
6928.55525864
6928.955744
6928.87456802
6924.801523
6918.01456433
6911.76804936
6904.97037131
6898.08626911
6896.88383031
6900.015779
6907.70158373
6914.0538289
6913.46481343
6908.34092734
6899.10111173
6888.67421852
6880.23979241
6872.73131052
6865.99189908
6860.71686829
6859.13793381
6859.49731891
6861.90612044
6867.12295431
6871.38687823
6872.3366588
6872.40825145
6873.66550686
6875.20017684
6878.71595333
6884.48131574
6888.51882928
6890.64699624
6887.96539408
6883.14547011
6877.06217134
6871.14730211
6869.61408182
6869.33530816
6868.61576434
6869.63737453
6871.42158032
6873.52184064
6876.22067885
6878.47634235
6881.70395004
6886.91123543
6892.41218872
6896.91964755
6899.82540888
6899.29624911
6897.41669099
6892.94252637
6885.17334323
6875.56628769
6866.71364533
6860.68882923
6862.9388891
6869.7891465
6878.45555177
6886.28390758
6891.69665944
6896.60569089
6901.63696374
6905.98108788
6909.09892294
6909.23173039
6907.61824715
6903.61962448
6898.1842978
6891.81881022
6884.2756611
6869.36127026
6850.37621106
6835.09674785
6828.02504947
6836.72074138
6849.88208095
6869.35450269
6890.24832998
6904.88558504
6911.02262708
6914.13814124
6912.99343935
6911.77168057
6910.68870226
6908.92741281
6907.11492402
6904.82075298
6900.35201078
6895.88740858
6892.5823537
6890.80028064
6891.09298671
6893.41036681
6896.86772336
6898.32260433
6901.25630018
6906.44094106
6912.69699056
6917.58542658
6921.34303737
6921.46934906
6921.83643566
6924.88916685
6930.56209027
6935.70494785
6937.81723089
6939.01099939
6938.69946122
6938.52857836
6934.4118543
6927.54693965
6917.30026868
6905.97952667
6895.66579335
6886.89871787
6882.42437901
6881.18502874
6881.28213743
6882.64302516
6881.0587031
6877.70209343
6872.33587122
6865.28724251
6859.50276921
6856.68184294
6857.10163433
6861.0447016
6866.06284355
6869.98169812
6874.36119344
6881.24806261
6892.72558083
6906.52381067
6917.54569238
6927.06166801
6936.31945845
6944.15423334
6949.57406641
6953.97113231
6954.50834208
6952.90805247
6950.63415626
6951.86159533
6953.38942108
6953.80563702
6953.24761576
6950.96189199
6946.3654581
6935.57386889
6925.62207854
6917.92823078
6911.47725996
6907.00727019
6900.99899316
6896.39649565
6895.39744634
6897.23872692
6903.84987516
6911.59795408
6921.16058482
6931.67266855
6940.78052702
6948.41462363
6949.74146442
6947.96240226
6945.06931879
6942.01393215
6940.09099468
6939.45147683
6936.70611594
6929.71970566
6923.18534249
6917.12790128
6913.71388227
6910.71148618
6904.23874902
6896.39040414
6889.59927062
6883.65884353
6878.6585649
6874.29768562
6874.70147461
6877.2518654
6881.86052412
6886.08100596
6889.26684429
6892.42344477
6895.84563923
6901.45274786
6906.95425872
6913.39103229
6920.04213079
6925.02108914
6928.43889269
6927.67890376
6926.5959812
6925.39066392
6925.05111457
6928.36610822
6932.59169187
6934.55146416
6932.47469169
6930.49926548
6928.80187415
6925.71975178
6924.50269057
6922.64324
6921.00403164
6918.47374842
6918.33334401
6918.70664061
6917.93981441
6917.46409821
6916.20927523
6916.42166259
6918.04220612
6924.75293729
6933.39680955
6944.28079594
6954.52357085
6958.0167516
6955.71904693
6947.08646556
6938.93651432
6930.0185799
6920.32656384
6911.75096665
6902.67253422
6894.63751316
6891.11170032
6889.00951637
6887.00966837
6885.06379364
6882.15150868
6877.54843965
6875.19641321
6879.02787483
6884.11268884
6891.5375205
6898.89469739
6905.84085772
6912.41311508
6915.89317191
6916.18432374
6911.43103697
6898.01627251
6882.64641243
6869.764885
6860.66729986
6855.27420253
6851.06372916
6845.93380732
6841.18985994
6839.23692493
6840.66592047
6847.2910499
6853.84370153
6858.57591892
6864.29132957
6870.12596373
6878.4933484
6887.46530488
6894.28111109
6897.92353382
6897.70230889
6896.99006232
6897.91724716
6900.52947303
6906.70801261
6917.58927385
6926.64851873
6934.44939305
6940.62525627
6946.22115764
6950.57457238
6950.85993239
6948.39545698
6945.34614094
6942.78514229
6940.63388474
6934.72504429
6926.69146596
6917.82470301
6907.38463011
6896.25371458
6887.12349037
6882.99907874
6880.23543635
6883.3635308
6889.73229413
6895.17384475
6896.03161843
6894.69229493
6893.64345416
6894.07512191
6896.25182579
6901.99712247
6909.55718703
6917.33976591
6924.05250435
6932.62228184
6940.47064066
6944.3012032
6943.59171663
6938.60287526
6933.47570645
6934.46122758
6939.06267965
6945.89159585
6952.43888082
6956.99011626
6958.00919646
6954.31165046
6945.09841725
6933.0913141
6922.61750094
6915.67436546
6911.99192975
6907.29111081
6899.53595069
6892.37801633
6886.19827796
6879.76199925
6872.33868698
6864.16227879
6857.2177424
6853.06048262
6848.91880009
6843.23057124
6835.3722597
6826.51629977
6818.64135855
6812.1090166
6807.71476645
6807.97794194
6812.56838887
6820.10673587
6827.01679321
6834.8794608
6837.53798632
6836.22625582
6831.34186919
6825.90629856
6822.06403392
6818.87937347
6817.54481722
6818.05409247
6819.83024827
6830.49551185
6841.4965263
6845.94670125
6844.14331487
6839.435812
6838.89243406
6847.58026416
6859.75981137
6871.4130982
6881.98273764
6888.80004233
6895.12343995
6899.74872835
6903.60126632
6907.55919297
6910.3263202
6914.07982584
6919.45821713
6924.61944682
6927.17414487
6927.08076496
6924.72933792
6924.45951334
6926.63425177
6928.45888873
6926.27876273
6919.48401892
6912.97856603
6908.92024797
6906.5756791
6906.40998169
6906.65616508
6905.34603761
6904.38046372
6902.66513938
6904.30331622
6906.85436913
6908.17947447
6908.46173297
6907.69216071
6905.30198219
6903.89752693
6904.40342188
6904.93345984
6906.1372159
6908.52723412
6911.47831238
6913.04190658
6910.09572104
6905.5965422
6897.78937425
6891.54917383
6891.83218506
6894.81857177
6901.17623935
6907.83238391
6915.44649144
6924.75188487
6934.73047368
6941.59915196
6946.9382551
6951.07931036
6954.25187143
6956.60278271
6958.70631182
6958.04683975
6956.58110698
6953.84261123
6945.11874783
6936.50357675
6927.13099552
6918.40573818
6914.77260606
6910.28139358
6909.67426388
6911.02059193
6918.79479325
6927.72346795
6933.95475415
6933.66360232
6929.97395995
6925.39213453
6921.10227639
6918.18794931
6915.67964848
6914.41687308
6914.33133407
6913.21788428
6908.22670806
6900.85366119
6888.94011916
6877.10301373
6870.28887327
6866.06184689
6865.8364053
6868.22421412
6869.00827637
6866.71052291
6861.3547622
6854.99582614
6847.83550118
6840.98625439
6837.8745875
6837.14999762
6839.56687005
6842.13988445
6843.26678574
6843.96309262
6842.94290425
6842.01364245
6841.74428484
6845.18648928
6851.8039869
6861.73082577
6870.53049151
6877.41971644
6884.33963588
6893.27377483
6897.99829768
6900.55940088
6897.5232924
6894.62528136
6893.14936586
6894.53873175
6896.8398446
6896.45909043
6895.27558131
6890.68597075
6884.73689427
6878.90957131
6873.91161358
6871.77810087
6871.85431443
6871.83464596
6873.42111468
6875.76551628
6876.10791624
6874.27495746
6872.60476883
6871.73909848
6872.67307876
6873.30177965
6873.01729781
6873.08613047
6874.76924788
6877.02059714
6876.69038717
6867.61231019
6855.13746418
6843.77972008
6833.87083514
6831.04719766
6831.24346413
6836.39690868
6842.50551439
6850.10892345
6860.18571519
6869.63144332
6875.21901591
6879.60175911
6882.52063043
6885.14434932
6887.51501271
6888.26702135
6883.12991376
6876.69210868
6868.73239513
6862.15683413
6855.79889473
6851.3241586
6851.65829947
6854.15777667
6856.53856702
6860.2041779
6864.74265881
6869.99003387
6873.23456396
6872.05746695
6870.97536682
6874.26103202
6883.31760751
6895.1235654
6908.42613877
6921.19620691
6929.10203082
6934.36513646
6933.92881993
6931.01146103
6923.24065395
6916.27648395
6913.20614732
6913.15052222
6916.32722329
6920.85798179
6923.98693351
6920.35847805
6913.44044739
6904.92584196
6897.81213029
6890.97825864
6884.51056056
6879.08432932
6874.01056227
6870.59868296
6867.52051937
6865.46151961
6863.59641663
6861.36869461
6861.20794568
6862.39315541
6866.8041816
6873.13418648
6880.6077084
6890.47350672
6899.91954849
6907.34744682
6915.14995204
6920.73486222
6923.52802821
6925.0723303
6925.91859703
6926.67081477
6926.25647366
6921.41556396
6913.16924978
6904.82575025
6897.30580322
6891.67163825
6888.52418897
6883.74526072
6883.4874728
6886.76460013
6894.89586563
6906.53466248
6918.5880583
6928.35064945
6930.8968166
6927.81515423
6921.56430411
6918.37528064
6918.99653092
6924.82549873
6928.78601113
6926.78515253
6922.63056911
6915.67222576
6908.64300067
6899.01877878
6888.31977493
6881.85819624
6881.52535173
6881.59965559
6880.90654083
6876.69603262
6873.14070314
6872.4332587
6877.5952202
6884.03557619
6892.62926669
6900.25465118
6903.65213809
6904.41710338
6904.58452928
6900.7015477
6893.94202174
6887.61631018
6882.76553837
6879.33905058
6877.58820173
6877.0122823
6877.21194301
6876.68660263
6877.80113273
6879.93780968
6884.54837113
6890.96243047
6901.09733549
6912.32172851
6924.49504482
6935.21592652
6942.19471894
6943.85149789
6940.94752776
6937.08774829
6934.24106204
6932.87442432
6931.72321971
6929.12031232
6927.4688373
6926.44986165
6924.11907883
6922.21870922
6921.6228983
6923.86550757
6925.84871195
6926.11369956
6927.09232768
6928.85370773
6929.88242701
6931.82767446
6934.15641516
6934.72259096
6935.77261657
6936.79012162
6937.33817622
6937.88505991
6939.7215105
6940.8459515
6942.17684865
6944.45257092
6946.79806676
6944.56662293
6940.54199635
6935.58986433
6932.04616727
6931.71006791
6932.64809061
6933.0457393
6931.79947509
6927.23577784
6917.226843
6906.14836044
6895.6188943
6884.29010927
6875.1650287
6869.83822705
6869.76143501
6871.12937606
6876.38222233
6882.93123578
6886.33995782
6889.9672145
6893.82545367
6902.7623317
6912.60940246
6921.84261778
6929.02920453
6934.04144315
6938.48666265
6941.79931449
6944.53771963
6945.84349802
6945.07626757
6944.74813457
6943.06685716
6941.96108796
6939.22268979
6935.62706854
6931.25456382
6926.40969533
6922.74749263
6919.45147047
6922.23084345
6928.61428494
6937.24072601
6945.87048466
6953.92079721
6957.34918075
6959.22963796
6956.15313316
6952.21939831
6943.66137171
6933.87717453
6926.46345952
6920.25323573
6917.88381295
6914.67818767
6911.3150683
6908.70770727
6907.17557426
6907.73349098
6906.93753844
6906.48944313
6906.77789072
6908.46024843
6911.51600447
6913.86922969
6915.24135953
6916.23820641
6914.1186052
6908.44194602
6900.33311595
6893.53951517
6890.72953131
6892.18283016
6898.38786153
6904.08279523
6906.70919048
6908.27665983
6910.73832646
6908.68530669
6905.99374484
6907.95897439
6913.72743134
6921.64855373
6927.48118759
6931.15609604
6931.9318992
6929.4164196
6925.65714305
6921.29822923
6920.51595819
6921.22546566
6925.51331653
6930.84784059
6938.99045972
6947.89893626
6957.09801403
6965.92805369
6971.1101576
6973.07386776
6971.95697493
6967.23480087
6961.58226379
6955.32086854
6946.8832991
6937.66530559
6926.81084281
6913.6127451
6899.75877168
6885.75094932
6871.32463193
6861.70360216
6857.82392422
6856.41913441
6857.77453003
6858.80679687
6860.86199815
6864.1076643
6867.21681513
6870.70677588
6875.67277758
6882.95704454
6888.72204453
6892.98956481
6895.50127381
6894.5016739
6891.27821319
6889.37867994
6886.93714874
6883.38012563
6880.23800817
6879.90537971
6881.10638275
6880.83561727
6877.79792667
6873.9190363
6871.39804367
6869.80935163
6867.93866592
6866.70435473
6868.16037176
6869.53113554
6872.01757942
6874.83812933
6875.62152945
6872.88803794
6868.4588348
6864.69478401
6861.85330413
6863.75581344
6867.13189643
6872.37743148
6875.92563793
6876.63662298
6876.34614721
6875.55330316
6874.71891278
6874.62478014
6871.7606418
6870.50691305
6875.5295156
6882.4574711
6887.54903874
6890.15230856
6889.61017819
6887.36317104
6884.07405585
6879.75319653
6877.42180038
6876.4785295
6875.68537878
6873.3984841
6869.18653316
6864.63099044
6861.10557488
6858.55639682
6856.81305432
6855.87225072
6856.47453648
6859.12132504
6863.41746287
6867.03623743
6869.34150422
6870.49438155
6871.9963358
6872.05056696
6869.94427786
6864.51962873
6855.96219456
6846.53329127
6839.98084873
6836.31163452
6834.64391316
6836.3230439
6837.28348112
6837.72124038
6838.64477309
6838.76283964
6838.59591557
6836.56516396
6836.23043763
6840.35122502
6848.1948793
6857.26712265
6863.85042698
6869.10322445
6871.60474377
6874.03968861
6876.19660554
6876.73206592
6879.86450945
6883.78187947
6889.21351919
6893.78765007
6896.9226027
6901.86715169
6909.89111185
6918.55797712
6927.97267619
6933.0465199
6937.07449194
6938.91697828
6938.5552653
6938.54044077
6940.63351535
6944.53493175
6946.09235777
6945.54689589
6940.64840261
6937.21001059
6935.41457663
6933.42433286
6930.63560656
6926.43305076
6919.60486638
6909.17997347
6897.4021104
6888.32665402
6881.84212414
6882.74565384
6886.23982429
6891.94082859
6893.50886247
6890.04805593
6885.28975099
6877.11792189
6869.66597116
6867.57562174
6868.34230855
6868.41658453
6862.04531909
6852.72232023
6839.34218118
6825.96176335
6817.47295972
6813.14150648
6809.87822792
6806.1982316
6804.08125796
6804.99477523
6810.18384883
6814.04659042
6817.3340538
6819.52741524
6821.62863738
6820.35729623
6817.51895967
6816.3379457
6818.01227433
6825.14713902
6834.38187372
6842.18994076
6848.32166493
6854.30554804
6861.39407125
6869.6382318
6877.78679607
6885.63174671
6893.51464035
6898.82351595
6899.64387634
6898.5652262
6896.4995216
6897.61118716
6900.8056679
6906.00250574
6912.24223919
6922.17337835
6931.74498605
6939.43001716
6945.90696401
6952.98767421
6962.56915099
6971.7329691
6976.01298603
6978.45697752
6976.8973003
6975.09326574
6967.47393093
6956.59353393
6944.1785715
6931.85077201
6921.88381561
6914.61153652
6913.82014216
6917.80658181
6923.47435463
6926.00778816
6927.34304834
6924.40834188
6920.0612835
6913.02385508
6906.23175975
6902.14479626
6898.08897335
6894.35638375
6893.34620385
6894.13561882
6894.61065895
6893.95948778
6891.14604696
6888.92928826
6887.99559374
6887.58872415
6891.41911244
6896.56905123
6900.20213457
6900.86470118
6899.56932853
6900.51446032
6901.36889552
6904.77168636
6909.16528833
6911.95932554
6916.88577425
6918.738283
6918.63906249
6912.86308524
6903.66844716
6891.61292558
6878.20246839
6867.35032651
6860.76341188
6855.33958519
6851.72419092
6851.16720118
6858.66833701
6866.83891157
6874.89128715
6881.62133133
6884.14244941
6885.10516572
6883.55673758
6884.73715912
6888.69946971
6888.38869123
6886.84243762
6883.92061115
6879.48418741
6874.75832637
6868.58120861
6864.32749529
6860.73581191
6857.32695744
6853.79260673
6850.556043
6851.56763078
6854.34330285
6859.01577606
6862.94162122
6867.19086697
6870.62325112
6871.74348242
6871.00535043
6869.41959262
6866.29268999
6859.42241565
6849.67876115
6839.45952289
6832.94300213
6829.50507011
6831.54283323
6835.7739299
6842.15351019
6846.91918906
6850.88793964
6856.35517357
6861.47324693
6862.0309894
6861.78667389
6861.36447795
6861.0605228
6869.18995528
6878.57683831
6888.54879895
6893.84855122
6890.60659992
6880.02506323
6864.62314954
6853.16048373
6844.40144431
6838.97311519
6836.6864296
6840.53988756
6848.21546777
6857.96154075
6866.5583467
6868.76024601
6866.06045295
6860.02066596
6854.10705127
6849.87539702
6851.19234085
6854.41548096
6855.09965361
6854.53349872
6851.81715265
6846.64010874
6837.39414586
6827.55042055
6818.89108254
6814.80482299
6813.97807837
6821.2461408
6832.45140898
6840.89260266
6848.49488264
6856.49223949
6865.409693
6871.03311768
6874.57420807
6879.6161097
6887.39687646
6895.54705074
6895.95632487
6893.405265
6887.23458026
6880.49940639
6872.69248238
6864.77752817
6860.19929215
6858.04312794
6857.6461344
6856.50216433
6854.87435838
6851.5292696
6848.75743783
6845.59048039
6840.25778239
6837.27635113
6837.21952028
6840.99861862
6842.87718007
6842.35473908
6839.31223243
6835.05878395
6828.49993627
6822.39862086
6817.69355041
6812.16993169
6806.62512511
6803.31229206
6803.96291262
6805.13019631
6810.15164886
6818.500989
6828.75140268
6841.07658157
6853.8696009
6863.88653694
6873.62644872
6878.71028697
6880.5131088
6873.60362995
6865.63360126
6860.57943995
6860.51556274
6862.8629613
6865.13324721
6867.60348656
6870.78360974
6878.18737204
6889.89775457
6900.60652295
6908.94397976
6915.88593737
6919.73029292
6922.10984266
6922.2906643
6920.17789338
6919.05706965
6922.22594376
6927.55964539
6930.19140731
6929.44537169
6922.49833318
6914.73603609
6903.60921874
6890.80784275
6879.94172665
6875.20418441
6874.95235557
6879.25293309
6884.79297937
6895.05218184
6905.8705486
6914.01386469
6919.72367868
6923.56221454
6924.45791728
6921.53770778
6917.77294609
6914.87691444
6914.65915344
6914.09355613
6913.27945452
6913.03169598
6914.23572387
6914.87691444
6914.88385625
6917.25046328
6921.19705721
6926.08347202
6931.14475635
6935.58165404
6940.99928468
6947.26377448
6953.95110142
6961.3529819
6968.42459665
6971.99314762
6966.26336548
6957.60089111
6948.1101109
6939.28317276
6928.27033771
6915.40190634
6902.44334293
6891.26126987
6884.48922634
6880.41971496
6880.22802757
6883.21062277
6886.69273565
6888.90824677
6892.89346672
6898.25632954
6903.71864984
6910.79867003
6918.0205722
6924.3897328
6930.81027396
6932.4781835
6926.9880193
6916.52486279
6900.48201641
6883.94099749
6874.01887711
6869.00112547
6870.16946157
6872.05971119
6873.39673471
6877.34636742
6882.91101671
6889.69168174
6895.48559201
6900.35813714
6906.23242884
6914.99272281
6924.57707807
6933.8643503
6939.89172427
6940.25324209
6934.66309071
6928.59524375
6925.90886038
6924.69612735
6922.76040049
6919.31575667
6915.66444759
6910.47874035
6906.00219907
6902.67022028
6900.85360543
6899.90274456
6900.19108064
6904.08043948
6908.18705052
6911.42616516
6912.60389641
6907.97685861
6901.4522321
6893.53237821
6884.71293248
6877.7080107
6872.30790883
6869.3715854
6872.40580509
6877.80564908
6883.1097156
6885.88120586
6882.17997986
6875.54834771
6870.47300551
6877.17830032
6887.93971077
6899.72372808
6909.71333597
6912.34964212
6911.18955116
6906.86062094
6898.74404057
6889.87106763
6885.03255549
6883.7584195
6887.53387966
6892.51762619
6902.20362044
6912.90509156
6920.8754548
6926.21370765
6925.42195783
6925.01805036
6925.83625015
6927.90904989
6930.86125724
6935.61278067
6940.97506501
6943.92614327
6943.2093455
6933.97294504
6921.34834827
6910.85294998
6901.22749445
6892.83877557
6884.61822136
6878.40056091
6875.25680557
6873.82875791
6873.61816873
6871.38675278
6868.23125351
6866.55118185
6866.8466758
6873.71933378
6881.73987182
6892.85672252
6903.74033254
6911.42117486
6915.41161512
6910.8055979
6900.11315253
6887.289369
6877.28067809
6870.69752013
6867.92706139
6867.02531593
6864.56786596
6861.59401772
6857.1099213
6851.99455217
6847.81450847
6847.18288031
6848.27940073
6850.88469176
6854.53395175
6860.55071785
6865.39048453
6869.27058762
6872.10226115
6874.62273106
6875.29480432
6872.96446756
6872.68908117
6874.92451863
6883.75897707
6893.92452781
6903.10848833
6908.75124693
6909.47060257
6907.18705334
6903.24643243
6901.20510781
6902.1146872
6906.71442472
6913.34019537
6918.64981673
6922.76596928
6922.17392896
6920.13203979
6918.67903367
6920.45189977
6923.94144931
6930.36898804
6938.10229121
6948.34664127
6957.62418381
6959.99902204
6958.70151667
6954.49358028
6948.19800566
6941.65766948
6938.26414832
6938.16916539
6940.46245128
6942.10268418
6941.87054472
6941.10691063
6937.46496185
6931.90035438
6926.09705594
6920.83985363
6916.44963196
6914.03089862
6912.95449272
6912.96301665
6910.57149996
6905.30757886
6900.35688259
6898.85094168
6901.41619184
6906.2146631
6913.15079404
6918.53444048
6921.43065334
6922.11898689
6916.21765976
6905.92694733
6891.51620022
6876.72108168
6865.16885536
6862.44452899
6861.39938913
6859.84624947
6857.61959382
6856.90961241
6856.79738646
6857.85077843
6858.79604961
6858.40994272
6858.04543491
6860.2762654
6867.03744319
6873.83113457
6879.85098825
6883.82138368
6886.44837135
6888.80417536
6890.36901016
6892.7928244
6895.16966293
6899.11446565
6904.75950334
6913.73053983
6922.67403906
6929.74271957
6935.43062782
6938.78557174
6941.47829056
6945.46154507
6948.76084298
6952.32894093
6951.27507501
6947.49766333
6943.59953662
6942.59995065
6945.12759934
6948.63191765
6951.5488514
6954.64336588
6957.78565759
6959.21189313
6959.40503718
6958.2575753
6956.67389446
6950.92523142
6944.21919782
6939.44176109
6935.52865651
6931.68427308
6927.18626516
6924.25970627
6919.59940214
6914.09269886
6906.93663238
6898.48950749
6886.89465454
6874.98309888
6868.32076524
6863.77113282
6861.40948821
6859.51991464
6857.92727775
6854.99746401
6851.00426377
6846.76332588
6840.74591857
6836.34207812
6833.00556207
6829.69118174
6827.23605268
6826.67145204
6823.60025814
6817.9006896
6810.44500311
6805.63354732
6806.60024332
6808.77855023
6811.82465325
6813.97424504
6813.37729109
6811.55771412
6813.09578531
6817.99826526
6822.50568226
6828.63358008
6834.86402294
6839.89206882
6846.01742966
6853.66867171
6861.30981467
6866.62139451
6866.95881811
6865.40510694
6864.39664158
6864.28463867
6866.43717864
6869.9973172
6877.26044508
6887.06936376
6894.5776714
6898.54388501
6901.9105868
6900.84689362
6899.01787272
6897.97899164
6898.59860405
6901.51550295
6904.52534267
6907.40134343
6907.5160924
6905.82127986
6902.16595624
6899.03723452
6893.65613899
6889.79401073
6888.42549119
6888.21391231
6892.04780636
6899.01632545
6905.43426691
6907.24706237
6907.65796044
6907.81571241
6909.80274315
6912.64866273
6913.99232138
6909.45703955
6900.6983974
6892.29877096
6884.46118031
6875.62908459
6868.01165948
6862.12698992
6863.1628113
6865.74490721
6871.98744248
6879.60116668
6889.02264726
6899.1163405
6903.66634232
6903.18392128
6900.954192
6897.65439227
6895.76368264
6897.40859918
6902.32564578
6913.94614022
6926.56742638
6934.28695048
6931.74900757
6923.8143152
6914.42157762
6906.02912995
6900.42737404
6897.58463961
6898.3644155
6899.61224788
6900.9606529
6907.52439331
6913.79562976
6919.54094038
6924.23216205
6926.44085681
6928.83746139
6933.22146609
6939.10725778
6945.35069215
6948.65190672
6947.76564094
6943.50675611
6939.03480786
6933.69925228
6928.41734241
6925.98904666
6926.03467722
6928.65992944
6931.77653087
6933.64417779
6936.62797875
6938.30464222
6935.69685604
6930.71609951
6924.60160441
6918.3502246
6913.44750072
6909.54562431
6906.35942356
6900.76920248
6895.20137502
6888.71228
6883.71510287
6880.43248343
6876.37484839
6874.61977591
6875.55046649
6878.86737681
6882.27315068
6885.76501416
6892.90838186
6900.81465183
6909.04297027
6915.22185834
6918.89896223
6922.80106863
6930.02474111
6937.36708649
6939.67020661
6932.52440649
6923.64272143
6915.18854322
6907.42299826
6899.78621135
6892.90155853
6890.25056725
6890.55172755
6895.71536178
6902.75483929
6908.23130805
6912.42182023
6915.59452069
6916.00783725
6916.34602751
6918.59815738
6922.16778169
6926.25923366
6929.93391908
6930.13673706
6925.72750904
6918.09637455
6909.42587807
6901.11833517
6892.54046587
6885.15803779
6882.72231235
6883.12437286
6887.35765802
6892.58406825
6895.71966905
6892.08600026
6886.02453056
6880.16018461
6876.46245043
6874.31895015
6872.9427988
6873.07378018
6872.11890477
6867.42233038
6862.65629605
6856.98370021
6851.85824594
6847.16298882
6845.45121205
6845.87241829
6849.6970775
6854.78779483
6859.51782374
6864.96785647
6871.77025997
6879.19688285
6886.50026766
6891.10523942
6894.36998858
6897.98313163
6899.58289155
6898.50401142
6893.53433669
6885.26003224
6877.01792775
6866.71552017
6857.43362855
6849.6026382
6844.44974426
6840.04252351
6841.38205611
6848.49460385
6858.37987548
6866.91864482
6875.53840196
6881.2648735
6885.8927616
6888.6475943
6891.77147906
6897.19940393
6901.9451704
6902.93600244
6901.79795661
6900.54896028
6899.26658611
6896.97293083
6895.46302415
6894.79791361
6895.82170531
6898.00796464
6899.57077126
6899.15216471
6897.09401525
6896.89652908
6898.9153207
6902.3055661
6904.38985189
6904.79249089
6905.4712899
6907.05678286
6907.95959469
6906.47945556
6901.26640623
6896.20806311
6892.08935268
6887.46740973
6884.07155373
6882.54632071
6882.02073638
6880.40710679
6878.03801855
6876.02641965
6875.20401714
6878.61082949
6884.13446215
6893.55528758
6903.04431142
6912.54293253
6923.31649812
6930.55259755
6929.40585355
6924.16249303
6913.5995445
6901.99604217
6888.04988066
6874.93993559
6866.44776559
6863.90796177
6867.63984743
6875.829045
6882.79507591
6887.90946231
6892.72002599
6896.16273921
6899.72003414
6906.48481525
6911.99556793
6915.57584889
6919.94776119
6924.80265209
6925.36828425
6924.10237249
6919.80284739
6915.62246218
6912.38789874
6908.10789575
6902.25213646
6898.7978884
6898.55394228
6899.0742157
6899.62715605
6899.16893378
6896.8398446
6896.25170731
6895.40148876
6896.88047092
6897.91993746
6899.24657613
6900.67598288
6900.65614714
6893.35175172
6882.51289407
6867.50755575
6854.96040617
6848.2268423
6844.84645901
6847.24079844
6851.00092528
6852.17391017
6850.79553549
6850.51621122
6851.33189495
6853.90204481
6858.11441393
6864.3657101
6874.02351196
6884.4195155
6891.11319881
6892.61034398
6892.92467003
6890.20185608
6887.08225072
6882.0105467
6878.32797856
6876.75905953
6874.97805979
6874.73536822
6875.86834011
6877.24424056
6880.59242387
6885.05464941
6889.72653019
6893.41047136
6896.04979539
6898.89604254
6901.257262
6899.63222999
6898.97323186
6902.4852238
6908.27020589
6913.95605809
6918.00649343
6919.85928097
6919.34943421
6916.30873967
6911.27522258
6905.45426295
6898.56064015
6892.21453528
6883.49176613
6873.86858969
6868.1982799
6866.48492798
6870.78961762
6878.71839969
6887.17285669
6895.86489648
6901.26403654
6900.09560286
6896.94307964
6889.82399434
6881.86017564
6874.29192866
6867.20866059
6861.43903272
6860.85694512
6861.35191857
6866.77284588
6872.47012139
6877.67088316
6882.41795993
6890.6983768
6899.34781088
6909.82209101
6920.56744329
6928.39244668
6932.77279927
6932.87584614
6925.31808854
6914.74602366
6905.13590842
6897.83969541
6896.56412366
6902.15074838
6912.43072749
6923.00679994
6931.84461777
6934.400884
6933.83488245
6931.13638575
6926.40546473
6921.35272523
6918.57933922
6920.70437679
6923.13728648
6923.30449631
6921.00994891
6917.53432481
6912.92625851
6908.17226781
6898.76441994
6888.09836879
6878.68498002
6871.6977264
6868.93343584
6869.03430816
6869.43335079
6870.8583527
6871.65576887
6873.96558686
6875.34597579
6878.11864392
6881.44179212
6883.19701794
6880.49896033
6874.74286063
6865.23859408
6856.58136788
6850.71355103
6848.30637343
6853.03434628
6859.8239604
6866.69361444
6874.91759773
6882.98698633
6892.19234379
6903.37335746
6914.52302843
6923.61562327
6926.98699475
6928.80131657
6929.86790217
6933.52701033
6938.25719257
6941.832309
6942.48538986
6939.15486077
6936.24414398
6932.9221876
6930.16201612
6926.71929593
6921.2044869
6914.69598826
6909.38974023
6904.17765271
6900.982705
6896.13286712
6889.53226402
6883.89980663
6880.08825741
6874.58036928
6869.95439785
6869.85869703
6869.83610827
6874.02829317
6878.85764712
6883.41182378
6888.23761623
6890.96739289
6890.99755771
6889.73593231
6895.36530213
6903.90591844
6915.07540424
6924.46516576
6927.47159033
6928.27113923
6931.18745964
6935.97608273
6941.41592578
6948.84630532
6956.76712103
6966.34651388
6975.77058021
6976.94985176
6973.86820333
6967.87127296
6961.60842801
6956.32637875
6948.90694859
6941.57066683
6934.80388542
6928.1790278
6922.93013335
6917.18432092
6912.97676088
6908.8925783
6904.02070923
6898.58515255
6895.49548897
6896.06520537
6895.81887562
6896.55662427
6898.53000139
6900.93073202
6901.41535548
6900.33264898
6900.67635227
6903.32344751
6908.62935402
6915.22581015
6921.61598437
6925.42689934
6923.95914536
6920.35810865
6913.8225258
6906.62713632
6901.57128835
6901.03331192
6904.37998281
6904.45589668
6901.80238933
6895.87992313
6890.97614682
6885.2887613
6881.30122741
6875.1946917
6870.14117857
6867.65548045
6871.9682131
6877.29332111
6879.57158035
6880.25602482
6879.85981885
6882.52110437
6887.9320929
6893.76965433
6898.26624044
6903.5169261
6907.86305751
6909.11940686
6907.9159017
6900.99954377
6892.79737561
6885.22417318
6879.67196479
6880.34117352
6883.36268747
6886.67241901
6887.5126918
6888.11194575
6888.7888281
6888.04723218
6886.1432662
6885.4129333
6888.56613954
6894.4680103
6899.53149009
6897.80632454
6894.99758129
6891.27177319
6885.2150638
6877.85040146
6871.5879747
6873.75548556
6880.65226563
6889.88523004
6899.71677929
6908.34048825
6913.14857071
6918.03173765
6922.17667502
6925.08658332
6923.07034261
6920.58279055
6923.8075546
6934.13722063
6942.45045777
6947.79538758
6949.79950103
6946.29151666
6940.36102138
6932.67303513
6924.1136146
6918.54150774
6914.86464778
6913.89532421
6915.83961681
6918.96078338
6917.73795824
6914.82523419
6909.92749363
6903.95520112
6898.26635893
6892.33260183
6888.88231255
6883.615276
6877.50759029
6873.54012214
6870.08713559
6867.62707896
6865.05469881
6864.76545667
6867.39358738
6874.55972506
6885.71246269
6898.17180114
6908.92348888
6917.93375077
6919.16749742
6916.83276975
6910.87243723
6904.95859254
6900.22466757
6898.26735559
6897.52049058
6897.4173322
6897.26728871
6896.15270286
6892.45483625
6888.70388849
6884.21264813
6881.16170815
6879.52392161
6882.72879416
6887.31877412
6891.55299322
6894.65250497
6899.33497968
6905.1298657
6908.69857698
6910.03365595
6912.2513207
6917.81970574
6925.40264482
6933.37633261
6939.08613265
6943.04890324
6943.29013815
6940.39419013
6935.48816261
6931.06524613
6928.50085324
6929.59351942
6931.89953196
6938.07656609
6944.59043836
6947.55962388
6948.22848412
6948.99018063
6950.19045185
6949.8973973
6947.94967561
6947.09726161
6946.26513638
6947.39221889
6949.03040271
6949.61695788
6944.47283181
6934.61334106
6923.0007154
6914.67547646
6909.43176746
6910.97116986
6915.09527483
6920.55090422
6923.96467929
6926.07476688
6927.80915332
6927.54381026
6925.80117867
6921.79801176
6916.86966729
6913.39554168
6912.60653095
6912.7205272
6909.95903845
6905.52016137
6902.59637642
6900.66440623
6899.90274456
6900.99055984
6903.90603692
6907.90163475
6912.14224505
6915.18152474
6917.81080544
6918.62046039
6918.19811809
6916.862837
6917.30653443
6922.13028476
6928.27981649
6932.96627089
6933.01624357
6932.36882907
6929.23799553
6922.9510703
6915.02039248
6906.32444269
6899.12729685
6899.70015658
6903.71411257
6914.06946888
6927.08063951
6939.79117952
6952.49200379
6961.95860614
6968.81998716
6973.89691845
6974.39964219
6971.57629047
6966.09135353
6960.71328284
6955.37737879
6946.52357249
6936.22423854
6925.772589
6916.13839348
6908.61373494
6903.64629052
6904.1047846
6905.43818388
6909.00862364
6913.72407195
6920.33358231
6927.22359482
6932.39212177
6934.71756581
6934.62039439
6930.65230594
6926.99742141
6924.25435355
6923.45911192
6923.59311815
6922.50691984
6919.82645373
6916.05762174
6913.33153204
6914.31397955
6913.68664472
6911.74156454
6909.55633673
6908.75112147
6908.66526186
6908.32950402
6904.64344407
6899.1987989
6894.40315037
6890.98463591
6896.01913572
6903.95242021
6912.71874993
6920.04841745
6924.52507024
6928.14564299
6930.05330987
6931.46011392
6930.42820949
6928.3076604
6925.1559178
6924.06561434
6923.9013945
6923.36446353
6923.74972011
6926.9128721
6933.57963149
6938.51250626
6943.06445261
6946.38337717
6947.58846445
6948.62945735
6949.97220995
6952.53154981
6954.0984337
6954.50961056
6953.42687619
6953.66655686
6952.73950445
6951.50606448
6951.91639103
6954.03203346
6956.90363635
6960.341192
6964.20681905
6967.50766423
6969.55968036
6970.6897459
6972.92590124
6977.95592651
6981.92035588
6979.23374947
6971.22160294
6959.44314745
6947.47930517
6938.04213582
6928.44193148
6917.5065506
6909.52025464
6906.99356081
6906.98270203
6908.77034388
6909.49174861
6910.49170397
6911.01557375
6911.81187478
6916.55290185
6923.31817781
6931.94286949
6939.65009209
6944.43616427
6943.07049534
6942.10268418
6942.3221876
6942.62119427
6940.2008579
6936.84923853
6932.36418028
6927.14080884
6923.95896414
6918.53603654
6911.10201882
6906.3219336
6903.25412697
6902.84687404
6902.69319935
6905.14765235
6911.13574515
6918.71450939
6923.30080238
6927.56261448
6928.27604589
6927.61046837
6924.33299256
6919.26689914
6911.0613228
6902.89633096
6897.12685643
6894.14284638
6892.41565963
6891.3615428
6888.77546024
6885.91638885
6883.22695972
6883.47897674
6885.24517983
6889.7578938
6896.57231305
6902.31115579
6901.48211117
6898.16041267
6889.99101599
6882.23712435
6873.91385086
6864.92480469
6857.00014868
6852.59797399
6852.59797399
6853.0078754
6854.17334696
6858.04506551
6863.46672464
6869.51676404
6875.24458074
6880.42084405
6888.80507445
6898.40849182
6911.05684826
6921.74977453
6925.53228802
6926.54834337
6921.5207784
6916.86490003
6911.29697499
6905.66158335
6902.62532154
6904.42129217
6909.06042935
6912.36234786
6914.14003699
6913.24910152
6912.22614618
6913.27930816
6914.96565253
6916.28703606
6918.44033572
6921.45242665
6921.59499863
6919.27611307
6910.9878553
6901.08262944
6888.39101911
6873.56358211
6861.64836736
6859.25707369
6861.82375961
6868.1214321
6874.79698028
6877.57750325
6878.25738257
6876.41202472
6874.63618953
6874.41261581
6876.73850591
6880.42109495
6886.53570157
6895.66819789
6909.46880439
6923.63131205
6930.87303602
6933.05587323
6929.09830203
6925.69259786
6923.87616423
6925.53315924
6925.81601714
6924.23520781
6920.00940809
6913.32725265
6904.14798971
6895.69364423
6886.6150027
6878.23549775
6873.95005839
6869.67075237
6868.72539756
6871.18999146
6879.21798707
6888.26210772
6894.85374779
6901.40099791
6909.60080335
6919.10539051
6927.7699767
6933.96888868
6938.39515759
6942.94236455
6949.52184252
6955.04473639
6956.1471462
6956.32051027
6953.09921712
6947.35501469
6942.08656329
6938.26904802
6934.57297262
6929.25204643
6921.32131284
6912.7851432
6901.69178035
6889.26223036
6878.19824475
6872.67333664
6870.25595542
6871.16046785
6870.06780864
6867.01008018
6862.23706223
6858.45724601
6852.90923338
6848.60288495
6845.7953614
6843.86813757
6846.15591043
6849.79290376
6855.23197317
6861.84374171
6865.89158433
6865.19936866
6862.35685726
6856.58877667
6851.10842578
6847.3802689
6845.06715425
6846.79307949
6849.42012292
6854.22357752
6861.0028974
6867.59499051
6870.63117565
6871.25760442
6872.20095893
6875.70657361
6888.16375842
6906.48202041
6925.08534968
6940.4011877
6951.07143461
6950.62779293
6947.54083359
6944.74427336
6942.41500296
6939.49786012
6936.11957471
6933.53491396
6931.76957512
6929.53060403
6925.560118
6921.84288262
6916.97459598
6912.83498345
6912.70298449
6912.14330444
6910.8942663
6904.63577044
6898.23923986
6890.18616034
6882.9294376
6876.76126195
6870.13565857
6860.45678037
6848.40100091
6837.92374472
6828.21728746
6818.50203445
6803.67520382
6788.00908312
6772.89683672
6761.76660421
6753.40311561
6745.84705862
6740.33144807
6743.78612129
6751.34196222
6762.0165373
6771.6151874
6777.69797737
6783.52359973
6790.42366253
6797.88429749
6805.19264473
6812.35497696
6821.03133495
6831.88855773
6843.14176345
6850.48822792
6857.16974215
6857.8348736
6856.46017892
6851.89724136
6851.77833845
6852.49947833
6856.0942911
6860.61646294
6865.46244658
6866.55118185
6864.96582829
6862.37930663
6862.26841189
6866.82478401
6872.82050165
6879.56150915
6886.76236286
6893.90123511
6900.37440439
6905.41864784
6910.15764673
6914.31595197
6917.74618248
6921.50308933
6924.04776496
6926.96133235
6929.52246343
6932.94121486
6935.59384402
6937.50334393
6936.86196518
6932.21001771
6926.21060613
6923.84752577
6922.87621583
6924.0915625
6924.52702873
6921.6198386
6916.97235871
6913.06205595
6910.93350565
6910.64808988
6914.15971243
6919.0764663
6926.09174504
6932.20759923
6934.35278617
6931.06505098
6922.24361192
6908.91030222
6895.30642916
6886.00143301
6880.22098818
6878.55924682
6877.90436777
6876.96982992
6877.36887952
6879.1798071
6880.02302808
6880.31089719
6877.24605964
6873.98164503
6875.52389106
6879.38357993
6882.96965968
6884.83480448
6883.42105165
6878.25508954
6871.57138683
6866.25197306
6862.01386488
6862.1765235
6863.85103334
6865.32119884
6865.87752647
6867.03788228
6870.31171294
6871.95760524
6870.09837073
6866.32427663
6861.66142856
6857.94730167
6857.78687335
6861.47634844
6865.53021288
6865.2307253
6864.31430167
6862.1391799
6860.59484296
6860.84208575
6863.53724396
6867.92062139
6871.15822361
6872.63901092
6869.69644265
6863.61825964
6855.72135693
6847.71574099
6846.06174295
6847.6654268
6853.35506354
6863.07678442
6874.02727559
6881.08681186
6885.04759609
6883.60263995
6877.82430694
6866.04701539
6851.70965215
6838.3099701
6826.07948839
6820.1690449
6819.87067247
6823.38925774
6829.75176926
6837.35406317
6843.4754722
6848.49619991
6854.3276559
6862.55630191
6870.91454931
6877.91441807
6884.39087705
6891.35599493
6898.54965592
6900.61087204
6901.26403654
6899.28199609
6894.48528816
6889.67264055
6890.26050602
6892.69993237
6898.05595793
6905.48567534
6912.87078675
6919.70313901
6922.62868032
6921.63028617
6917.43286703
6914.57368413
6913.65081354
6910.80329094
6907.24787782
6898.63196796
6889.1061093
6881.40823306
6875.80006503
6874.08069129
6876.94735964
6882.82526861
6892.04577121
6902.60710277
6911.08390459
6918.72006423
6926.55044822
6933.8163152
6937.38117921
6938.01881524
6937.93573653
6935.7577781
6932.39581571
6932.29231581
6934.4193049
6937.33817622
6932.61819761
6918.35615581
6896.32603208
6875.66787092
6865.30949673
6860.2044985
6862.86717099
6867.83444815
6876.86215518
6885.87702404
6891.50828265
6893.60700268
6894.79791361
6892.07156603
6885.60273189
6878.98466275
6875.58762191
6875.05643396
6873.8580794
6873.40507742
6874.24368447
6874.6315965
6874.03826679
6874.34438255
6879.59851123
6889.4396926
6900.28463479
6910.88493388
6922.95969181
6933.52961003
6940.53492211
6939.35714905
6935.04767124
6933.30963964
6932.62188457
6933.94222265
6934.43235216
6933.64706324
6927.27553992
6919.78917286
6909.80902284
6899.87074672
6890.38100499
6882.53873769
6875.6841103
6872.15128595
6871.87962137
6876.376319
6881.50997659
6888.51949837
6895.09000635
6902.76938503
6910.75568795
6917.3302035
6921.63740919
6925.35705608
6928.78750962
6929.59809153
6921.40600851
6910.89738175
6899.47224075
6890.41282163
6887.33196077
6887.41892159
6885.9495367
6886.59582211
6888.55872379
6892.56682523
6894.1857727
6894.97315949
6895.65175639
6895.16501415
6896.98332263
6900.21788607
6905.47768808
6911.17074693
6913.41578166
6913.43223709
6908.55866045
6901.16678845
6894.68080191
6892.41565963
6892.41565963
6891.6390898
6889.46674197
6884.19334209
6879.677436
6879.40660779
6879.64808664
6879.16355379
6880.19060034
6882.19647712
6886.73359894
6891.35310948
6890.90085326
6886.05617296
6880.48925155
6873.52638488
6865.10975239
6857.88308992
6853.61894297
6853.96431899
6854.76612606
6856.57782031
6859.198138
6860.81021335
6865.85137619
6873.71902711
6884.04633739
6890.7672234
6895.56424496
6901.11055002
6908.50551657
6916.27663031
6920.61484415
6917.37484436
6911.98277854
6904.01685499
6896.14282681
6890.61379264
6887.31082867
6887.9627665
6889.18442771
6889.92563333
6896.11010411
6901.2391408
6904.76479334
6907.6329532
6914.26335869
6924.0035841
6934.61617076
6940.18861913
6942.41897568
6940.14316978
6934.91744955
6924.55195931
6911.49126904
6895.57491556
6880.38972438
6869.85848794
6864.02802165
6859.87119399
6856.95507569
6855.37126243
6856.49009979
6858.11153545
6857.73846885
6856.68184294
6856.81659492
6862.59039066
6870.39571862
6880.08107166
6887.5941396
6890.83607696
6891.05436765
6891.31899981
6893.24878152
6897.63570653
6899.11947686
6898.83738563
6898.19700354
6897.39438101
6897.21742058
6899.21439707
6903.71804348
6907.93467108
6911.41684669
6917.63476501
6926.02098178
6934.43217791
6940.82023334
6941.27343047
6937.32315654
6930.8347306
6919.57240156
6907.82375543
6895.0710697
6882.20978923
6873.59948996
6865.96793729
6862.7800429
6858.58297922
6853.36439595
6848.01975887
6842.04241333
6838.70941697
6836.05871841
6837.30278716
6843.63485507
6852.92992638
6862.50959105
6869.35128269
6866.93845268
6859.00516122
6843.52577246
6827.95722045
6816.82930885
6811.13026303
6806.54316156
6806.13696803
6808.46038388
6813.08240351
6817.75056247
6823.99778138
6829.45138956
6832.61990124
6836.35034418
6841.28737985
6847.92965472
6852.73947961
6856.47228527
6859.8433919
6862.47955168
6862.96090635
6862.34324546
6859.81752738
6856.60185877
6853.94020386
6853.4211362
6855.6621982
6859.43641079
6862.55558403
6864.23814386
6864.83021206
6862.23648374
6862.49927591
6869.21602889
6877.7807185
6885.42679601
6889.93739817
6891.20776356
6887.02669532
6880.70853194
6871.33542798
6857.80397
6844.00732228
6835.77034748
6830.63724747
6827.81326847
6825.45229992
6824.25010506
6823.90815813
6818.45805571
6814.56994444
6814.95920163
6816.45252741
6815.4567678
6816.20796099
6819.21893676
6826.53143793
6833.76565555
6839.87685398
6845.87635617
6850.37809985
6851.23804808
6850.43295828
6849.87539702
6850.91303749
6854.37926645
6858.46059843
6862.41017539
6864.62935953
6864.16892787
6862.45036959
6858.03367704
6853.26203908
6851.3612931
6849.69218477
6845.68657848
6840.5492618
6835.67779
6830.6270996
6825.83074712
6823.0613408
6822.36087301
6825.50194502
6831.89388257
6840.98215621
6851.12035092
6859.50821253
6865.45003356
6866.04088206
6862.16059079
6858.88300346
6859.67107328
6864.28029655
6870.38791953
6875.3952724
6876.45442831
6876.80176979
6875.99666605
6874.26155475
6871.68078309
6869.15799228
6869.1087793
6875.29886068
6884.80323178
6894.59062109
6904.73553458
6913.46391434
6920.93495505
6926.66336417
6928.47003327
6925.79508716
6919.98002388
6910.66045411
6902.14310263
6890.57644207
6877.30217262
6867.50086484
6860.6290502
6851.69617277
6841.9023365
6830.78697035
6816.96654205
6801.94497828
6791.29187681
6782.94379122
6774.55326719
6766.25696639
6757.372138
6750.75804159
6748.63019523
6754.7334064
6764.82336389
6774.84027205
6784.16606575
6792.44013324
6799.52210494
6805.038057
6806.26144669
6805.27913858
6804.345688
6807.47800608
6813.36146989
6824.08675644
6835.6067131
6845.63694731
6850.02611656
6847.33841592
6843.36484231
6839.09306356
6836.45771922
6834.42289732
6835.49940775
6836.09330201
6836.5434952
6835.6833309
6835.87762495
6835.69733301
6835.65926456
6834.68885372
6835.65836547
6838.13928239
6842.77032079
6846.17449859
6846.92958087
6847.83346603
6848.34129855
6850.51766092
6854.8225248
6861.79102298
6870.17073702
6880.50043791
6888.80525566
6892.91997943
6892.14890868
6886.85103125
6882.04701909
6877.01025412
6872.4613117
6869.77064894
6870.06095047
6873.68371866
6879.30546365
6885.45885658
6889.50388345
6889.9327912
6887.67067377
6881.72249638
6875.33245459
6870.57445632
6869.55444218
6872.03285001
6871.33829252
6868.3284319
6859.61278576
6850.06044925
6842.65837363
6840.0060581
6840.21845243
6843.26123787
6845.96592365
6847.55334025
6850.02004596
6854.00399743
6857.61184352
6862.23334738
6870.16028249
6879.66601268
6891.14384453
6904.0807322
6914.99249281
6922.50961014
6926.71643836
6928.95193157
6928.31988524
6927.59142718
6927.96211014
6928.50095081
6928.88926709
6927.98475466
6924.92324166
6921.29014439
6917.34397561
6912.63873092
6908.39066305
6909.10495172
6915.05637002
6922.37186815
6927.74774339
6930.87969904
6935.14776992
6939.39387235
6940.30788446
6940.09286256
6941.05165493
6942.77578199
6945.4601581
6947.20751514
6947.20751514
6945.99921483
6942.498465
6938.96290156
6937.39324374
6938.65186521
6940.70181134
6941.78034299
6944.94636649
6949.31570697
6955.81632289
6961.43445758
6963.22681094
6962.23530284
6956.35212478
6948.76706691
6940.74185918
6934.10442127
6926.25654336
6920.95534139
6920.53773847
6923.73369679
6925.85356982
6929.10633809
6932.75402989
6934.8328863
6934.88580019
6931.34732342
6925.735336
6920.66917986
6917.6341238
6912.16923169
6905.96512032
6896.84905853
6889.59633639
6885.61183431
6886.04171782
6886.3203939
6886.95294903
6888.13953178
6892.89560642
6898.40546697
6904.01606045
6909.38991447
6914.19240027
6921.58131713
6931.00715376
6938.20765899
6943.76283646
6944.8105342
6940.99827407
6934.61460955
6922.41472478
6909.86283582
6899.41628111
6885.89653221
6873.60867601
6863.95309051
6859.80800678
6861.72446244
6864.78634483
6867.55196661
6871.69636035
6877.82972239
6882.39932995
6885.47872717
6884.13911093
6884.02013136
6886.42509259
6890.68875863
6894.14805971
6894.68908887
6891.39560368
6885.3736103
6878.33868401
6873.76278282
6874.46224697
6880.65470502
6890.01375112
6898.39203638
6906.49996736
6914.97286616
6922.05787665
6924.3771316
6921.99386005
6921.58027864
6923.19346218
6926.18939737
6930.21338971
6933.89191542
6938.06057065
6940.43777857
6941.90988165
6943.28084058
6944.03429195
6942.5012459
6936.56965638
6929.98341782
6926.13748712
6926.98622809
6927.51043938
6927.6951292
6926.89034606
6920.9703541
6912.53723132
6904.13055852
6899.47617863
6896.66307932
6896.0561378
6897.18016759
6897.82338634
6898.53867169
6897.3936701
6894.14636608
6890.86650663
6890.63003202
6892.96758938
6898.651044
6905.38223817
6908.36136944
6906.26761183
6902.51437801
6898.47466902
6895.74710175
6895.74219509
6896.15920558
6896.18785101
6897.24656783
6898.77469327
6895.65942305
6889.10746839
6882.15649201
6876.07149961
6870.56905481
6868.97142762
6866.54685368
6864.47973423
6864.37617857
6866.34482327
6874.72788277
6884.89048533
6892.72006084
6898.94017462
6903.54267214
6906.5072925
6909.24647825
6912.99224753
6914.15342577
6912.24761979
6908.43128937
6903.76218949
6898.86785711
6893.43001437
6884.21457177
6873.90091511
6866.10227806
6860.48343247
6859.9290912
6862.65177272
6868.24932591
6874.02067529
6878.9452631
6883.34306082
6886.70559473
6886.98694021
6887.8973699
6887.72091129
6889.10445748
6890.89266388
6892.73212537
6894.61861136
6895.15200871
6893.90064269
6889.94965088
6889.1239308
6888.9342228
6891.31572406
6894.89560775
6899.46543833
6904.72130944
6909.24129977
6912.86552463
6914.33971861
6915.27285556
6916.62749148
6918.467176
6913.13564194
6903.54293698
6890.50861305
6877.45698337
6867.07713557
6860.57760692
6856.68184294
6857.36037711
6859.17064954
6862.88778037
6867.30887776
6871.86189048
6876.28954636
6879.43180322
6884.84603962
6893.23332275
6905.34156306
6919.1148205
6929.17038257
6932.89869278
6933.02537387
6927.23292026
6919.18147862
6909.45116411
6895.49780988
6881.98045158
6871.85920018
6864.38926068
6861.69613762
6860.68517711
6861.5185081
6863.51278732
6866.33370662
6872.53716981
6882.04865696
6892.49781833
6900.40399073
6907.5155418
6912.36339331
6913.76595282
6907.90705717
6897.35447257
6884.87372323
6874.46085304
6865.34985124
6861.30253832
6860.17197096
6861.78675753
6862.85926736
6864.81763177
6864.40018916
6864.05209496
6863.36401231
6863.06719413
6862.77701108
6863.82408155
6868.49307688
6874.54692871
6879.01062485
6878.12447755
6872.96640514
6865.88065586
6861.49508994
6859.34731724
6860.67012955
6863.40845106
6863.02075508
6857.80263182
6851.72961334
6844.92716802
6837.6797986
6830.35572775
6823.7917434
6821.46770724
6826.89441939
6836.10566624
6848.57357741
6860.14882462
6870.47301248
6875.97353364
6880.00308083
6882.00066368
6883.63710507
6882.33378698
6878.36827034
6874.03023771
6867.14555702
6859.03711028
6852.79226107
6847.17878911
6845.21677258
6848.36858489
6851.80691417
6857.44645278
6862.96529726
6868.63088159
6874.79037998
6879.76754712
6882.76252746
6883.78271584
6881.45102695
6876.08225384
6868.63644341
6863.05004869
6860.00526992
6864.22476206
6870.49658397
6874.81459965
6879.96543056
6884.71210309
6885.95309124
6887.10281827
6891.87017684
6898.46894691
6904.28713957
6907.71468675
6908.06117095
6904.00451864
6896.8744282
6886.72472653
6871.12513849
6857.70142495
6848.12737785
6840.52456818
6836.28634848
6838.3852079
6840.46285855
6841.3673431
6841.69641004
6844.22963448
6847.19289576
6850.64519928
6857.25713509
6862.19421954
6868.84963925
6875.7515072
6881.25814775
6883.46311373
6885.90387826
6888.48584871
6889.36128359
6886.94765903
6886.71851654
6888.91559282
6892.31573518
6895.88455101
6900.25349421
6905.20916683
6906.54982852
6902.70814933
6897.80026091
6897.52049058
6896.5075925
6893.27620725
6890.21783758
6888.2250917
6885.45907961
6880.03462564
6875.00398704
6873.00087722
6871.40770366
6873.28935269
6876.89858575
6881.2118481
6884.07830039
6886.21266341
6887.42322886
6891.91887406
6897.68058436
6901.44338757
6901.9134374
6900.51197214
6897.8985196
6896.62557542
6897.77323942
6900.46358158
6897.40838312
6893.45978192
6886.84313459
6880.22328818
6877.15186428
6879.64258755
6883.61995963
6886.90495574
6888.89865648
6889.70288204
6889.83826826
6889.35275966
6889.23648432
6888.5151911
6886.63890177
6888.68366942
6891.77462936
6895.92963793
6898.40075546
6898.83307836
6897.84025996
6896.70956715
6893.93681538
6889.90583941
6884.25630627
6879.97838722
6877.46869942
6877.99618647
6878.6362828
6881.60270135
6887.34845106
6894.08535341
6900.94100534
6907.17710062
6913.79744188
6918.81915231
6921.75229059
6922.12887688
6919.73134534
6915.75695629
6910.05641896
6906.26821123
6902.55422373
6899.48367104
6894.83157721
6889.42425474
6883.46662645
6877.73713006
6873.01202873
6867.49608364
6859.87272035
6853.93732538
6852.5422792
6853.76052525
6861.94382646
6874.35858677
6887.6695168
6899.37985751
6907.49716273
6910.00367931
6907.19482454
6901.10590124
6892.69903328
6886.62152633
6882.56272736
6880.37432833
6879.95272482
6882.22949951
6888.51614595
6896.97214325
6905.21530713
6913.06113595
6921.58970166
6927.43851915
6931.73660849
6933.96456747
6929.772515
6920.70719952
6907.20896605
6892.32511638
6879.27322883
6876.5072516
6877.20987998
6880.79193125
6885.53261681
6889.79941921
6895.96513456
6901.62697617
6905.94150701
6910.47982762
6914.85830537
6920.08557287
6923.98408291
6924.6064135
6920.99364681
6915.49645018
6903.76087222
6887.92395927
6874.04141709
6862.01132791
6851.16927118
6843.34957172
6838.8182208
6839.38309327
6840.44016524
6841.3061771
6837.34760924
6827.57367144
6816.63346056
6807.46239397
6800.03103171
6798.18873355
6800.32968292
6804.89699048
6807.7855785
6807.95208439
6807.03333986
6805.34604761
6803.62530084
6804.26581535
6805.60789886
6811.8526017
6820.37548712
6828.31215888
6831.37682218
6834.89503806
6838.98798154
6845.4635484
6854.32430348
6864.20622268
6875.68096697
6886.03323571
6895.51986198
6902.87973613
6903.96970504
6901.89712833
6899.17059257
6895.03185125
6889.00392667
6882.93190487
6880.27892722
6881.89218742
6883.14789556
6884.43868912
6882.24084616
6878.79564476
6875.27106556
6872.81125984
6873.03903628
6881.18824176
6890.74674645
6896.13536227
6894.86431384
6891.81975113
6881.28113379
6866.65528811
6853.15854616
6840.50728335
6830.67452834
6826.81686765
6828.92554039
6836.78053435
6848.37461367
6858.32067493
6863.5057549
6867.85766418
6873.35424748
6876.90353423
6879.14309775
6879.15367774
6878.79015265
6876.71181897
6871.49662994
6862.89596975
6851.35170978
6836.94452419
6825.8867207
6825.65152154
6828.42238453
6833.86796363
6841.41006033
6850.83978605
6862.43845142
6875.14880326
6884.23053933
6885.95386488
6881.83468748
6873.65099597
6870.14606432
6870.72393526
6872.72945659
6875.39955179
6875.42964692
6876.38496838
6877.10116676
6876.36484689
6875.22533045
6875.92035491
6880.37903984
6886.31489482
6894.88410776
6904.95556769
6915.86819951
6923.83466669
6929.94768422
6934.26925444
6933.45061556
6932.14064839
6931.67167886
6931.73691515
6931.24949685
6930.23564393
6925.94177125
6919.8953073
6911.96375826
6906.15511407
6902.77409654
6899.78285196
6897.86081358
6896.82876279
6893.73735679
6888.95316642
6883.87739907
6880.14960462
6880.53408757
6882.68735238
6887.73244613
6893.50608157
6897.94550228
6899.75383714
6901.66870371
6901.81522053
6900.30202416
6896.42617956
6891.45871422
6886.90321332
6884.17591787
6882.95251424
6883.90760571
6884.52484146
6886.28785939
6888.47920659
6890.03340564
6888.32438887
6881.16805754
6871.92253376
6865.66155668
6869.96596056
6878.42284998
6885.30511916
6885.01671339
6882.25840978
6878.14000602
6877.21024241
6879.65363451
6883.20825308
6889.05141814
6895.9265643
6902.78289229
6908.02589735
6913.98827199
6919.97580025
6926.772628
6932.376663
6935.69934422
6934.81778995
6931.89544075
6928.92167615
6926.77863587
6925.19852351
6921.90685741
6918.19898233
6914.19780875
6910.29220357
6911.01205406
6915.86833193
6920.65105866
6925.38100393
6927.80012061
6927.56783478
6927.60533868
6924.98299282
6920.77723793
6915.66994668
6912.0799639
6909.44188048
6908.07292882
6907.8373533
6906.27651213
6904.49412543
6900.12500798
6892.69717238
6884.42594853
6877.68547769
6875.48252595
6876.17314557
6879.35528299
6883.66005626
6892.33203729
6904.23136811
6921.50243418
6940.36845804
6952.80455257
6961.75125787
6965.44247539
6968.21996655
6971.51649053
6974.38305433
6971.03725464
6964.83555478
6957.3812483
6948.44892147
6940.89381933
6933.44393163
6924.76517606
6916.01473724
6909.7001284
6906.31241997
6906.65523114
6908.97043671
6912.89828914
6919.77968014
6930.23054211
6943.13768315
6955.57487192
6965.86511739
6964.90873653
6958.432403
6951.55858109
6951.17948571
6951.2653732
6949.75842865
6942.47660805
6933.99641198
6929.24224007
6925.91537007
6924.29442229
6922.23943708
6919.39081326
6917.25917539
6919.10756506
6924.24274901
6932.64396455
6941.69086611
6947.63031744
6951.98875036
6953.41419136
6951.13813454
6945.43085752
6938.62928341
6935.00961673
6931.2343099
6928.48979931
6927.44258945
6924.04875466
6919.04658724
6913.3013951
6909.52921069
6909.43445776
6912.79849712
6917.64553318
6922.20764832
6925.21637289
6923.24811152
6920.06169471
6917.82840391
6921.74612242
6923.2141761
6920.49649185
6915.2262353
6911.47369845
6911.7652824
6916.9585866
6921.45763998
6924.79495755
6931.3038674
6939.20073527
6944.87443232
6944.92693499
6941.02027042
6942.17926017
6948.41744635
6958.62520554
6967.83635481
6974.14629396
6971.8339599
6962.84821738
6948.9103498
6935.51574865
6925.35251881
6921.2694932
6918.82122231
6916.80392918
6917.49983878
6921.08596732
6925.48703383
6928.7224615
6928.94011098
6928.37332882
6934.84840083
6942.71828205
6953.8438379
6965.70711452
6974.18281513
6973.46396131
6968.93429008
6961.79070631
6953.4916734
6943.59759208
6934.24287416
6932.47619714
6933.984912
6935.00689158
6936.82457976
6938.64569006
6941.75742665
6942.86664584
6944.51885267
6946.9159521
6950.76577188
6956.20422099
6962.75496292
6967.47434911
6968.75816601
6968.00725161
6966.78504677
6961.69326308
6956.37600991
6954.05603011
6952.34505485
6950.3069084
6945.9817697
6940.88664055
6938.01881524
6939.42149323
6944.39990098
6952.6853639
6958.47065963
6965.45035114
6976.28027364
6988.61599767
6995.65845123
6995.66709365
6991.18021632
6983.40050894
6970.67301864
6954.18299695
6937.99284617
6923.50569035
6913.77887463
6909.64626664
6908.97615882
6912.2474107
6912.80877742
6910.20968244
6909.47587166
6912.06843603
6917.79098364
6925.2635786
6936.11018654
6948.16962508
6959.30105638
6967.41015827
6969.31330182
6965.77186294
6958.49667748
6946.87444759
6932.99226087
6923.7682107
6921.67802158
6924.1214555
6928.21527019
6929.85109128
6929.68091933
6928.70434031
6927.13990278
6922.58762188
6913.78682007
6909.79592679
6914.9751104
6925.70891391
6935.55376134
6942.56223069
6947.96382408
6949.79091437
6950.1088089
6952.39438631
6952.65266909
6952.32289123
6952.10862902
6954.13898336
6962.23042405
6969.6734257
6974.15354243
6974.06328495
6969.51395919
6962.5127662
6956.85597761
6956.23163975
6961.96885159
6967.00501019
6964.87277293
6958.43475179
6951.16637572
6940.09015832
6926.45571619
6914.81199875
6907.49623576
6903.75944343
6905.73304358
6914.02375468
6921.83353627
6926.32528541
6929.4227202
6930.37936591
6932.34499273
6932.64420152
6932.93679607
6934.09924976
6935.07433727
6931.93246375
6927.06362649
6922.92850245
6921.79222692
6920.58051146
6917.70045434
6911.74732848
6907.11141129
6908.6782673
6911.07565945
6911.81402144
6910.85573785
6907.86283448
6903.76007071
6901.04401039
6900.24180604
6898.82376685
6896.59880484
6896.73325713
6892.68970087
6881.46461785
6865.38548726
6848.56434954
6831.28000622
6819.41123051
6815.45411932
6813.98198139
6816.10104594
6820.17643277
6825.946897
6831.57817652
6835.62603308
6838.12200453
6841.85770958
6846.92821481
6851.65655705
6858.84714441
6866.5422955
6870.90968447
6871.04641584
6867.97455286
6864.62180439
6862.44079324
6861.15367271
6862.23029466
6862.46731291
6863.35801838
6864.84956689
6864.892772
6866.13601136
6869.35027209
6874.37022616
6881.71740154
6891.12912455
6901.40246852
6914.47053272
6927.13680824
6936.60015574
6945.45244962
6952.72990022
6957.64588743
6961.75557907
6967.83600633
6974.741157
6980.89943569
6978.73332573
6971.41675426
6960.67248925
6951.8355496
6944.24114538
6938.75285602
6930.83165697
6917.59351839
6902.10411418
6889.1163408
6879.58960397
6875.80378684
6873.41457711
6869.11269626
6862.90792974
6857.94788015
6853.95926596
6853.5419488
6852.41607205
6849.26954974
6844.32810226
6841.27633289
6842.12192356
6846.81790553
6853.56510908
6858.11555696
6861.65880796
6863.83844608
6865.87236193
6870.66897925
6878.00206192
6885.49741291
6888.736883
6885.11988571
6880.73826464
6875.34463761
6866.0926111
6856.46213043
6848.15931297
6845.45735931
6843.55151849
6842.02260547
6842.13325627
6844.73069246
6850.54204089
6858.13692603
6863.53463033
6862.54894889
6857.51010696
6853.19687248
6849.19705103
6846.47218102
6845.99656938
6844.13896578
6840.77942187
6837.30583292
6837.42631098
6843.5687615
6853.12554467
6862.60241338
6869.88323034
6875.50377654
6876.52710127
6873.21095762
6870.83415394
6872.76443746
6875.10488027
6878.46838297
6882.92331821
6888.85594622
6892.90590762
6891.94393707
6886.36026053
6879.17462862
6875.1722702
6872.97157665
6874.13998942
6877.53728814
6881.02661465
6882.25049222
6883.63799022
6885.60921371
6884.5280963
6880.72362829
6874.90689229
6873.80310945
6876.4905801
6883.39405107
6889.7920174
6894.79791361
6893.02496387
6887.00510322
6877.93693017
6868.79696234
6861.51677265
6857.36248195
6859.11778444
6865.34420579
6875.63059005
6886.97553779
6895.47013324
6895.80218321
6892.08705965
6888.20938201
6887.5450451
6888.77986508
6891.46888997
6891.54921564
6887.89287445
6880.40178891
6873.4240071
6868.27318316
6865.43357115
6863.93072478
6865.4999923
6871.16111603
6879.4541341
6886.74458318
6896.20591644
6903.68332048
6906.68462233
6902.56336099
6895.87498162
6891.1811045
6889.80052042
6892.225408
6893.55196304
6892.85862524
6889.41306142
6881.00359377
6867.85164934
6851.49007904
6840.92998808
6833.41870438
6830.44828523
6830.49268913
6832.77628017
6838.00400767
6845.83679621
6852.06222089
6853.5563203
6852.55586312
6855.34044246
6859.34740088
6863.79183977
6866.87918941
6869.70628385
6870.75937613
6866.98621596
6861.71466305
6856.54221217
6853.13603406
6849.73238595
6846.12974622
6846.85145761
6850.23683817
6858.09307971
6866.74481378
6872.5500498
6875.40691876
6877.96724832
6879.92152848
6883.10890711
6888.58533406
6897.21215847
6905.80677593
6912.30399065
6912.44189293
6909.06889055
6902.43490961
6894.43606124
6885.85187043
6879.48342074
6880.32749899
6883.9696011
6891.75815301
6899.57711368
6907.83864269
6911.55315291
6913.68775987
6914.12521246
6913.17276251
6911.89298803
6909.69289386
6907.77630578
6905.92517006
6903.9889623
6903.55462515
6901.15024241
6894.25042355
6883.7731813
6874.96339556
6869.5946573
6866.36251235
6866.91229543
6868.6134504
6872.29795611
6875.0775103
6877.24693086
6878.66842004
6880.68634045
6883.08084017
6885.57148677
6885.84638529
6886.97050568
6886.92550239
6884.03767406
6876.97797749
6867.77769396
6857.2308733
6849.7896071
6847.24468752
6847.16809063
6848.65181218
6856.34239812
6867.6324735
6879.5711552
6886.66762386
6891.52540718
6896.24126671
6901.72664274
6908.51252111
6914.00377955
6916.66954658
6916.61823573
6912.285514
6905.79524806
6898.10727575
6891.2210687
6884.43854275
6875.95815154
6873.11982195
6873.89076724
6878.97399913
6884.35086405
6887.45112156
6889.77912348
6893.34143658
6896.49050979
6901.2590323
6906.14534256
6911.8224478
6921.82760506
6931.66201886
6936.66149599
6936.95215297
6935.72293662
6929.72740716
6918.71355454
6909.47012863
6901.66671038
6894.25282809
6886.20465523
6878.45320298
6874.90749168
6878.57598104
6884.72329641
6888.5535244
6890.57189086
6892.80298621
6894.79791361
6897.16992911
6903.56003363
6909.89021973
6911.80053509
6912.88970946
6911.76938058
6910.99959922
6911.53418839
6913.74052739
6918.15250147
6921.92705557
6926.64455297
6929.51735465
6931.58866288
6932.00772943
6931.92793345
6930.8498618
6930.42450162
6930.78590095
6933.2831827
6935.41031815
6937.44831126
6937.39171738
6935.49860321
6932.8644019
6926.62675935
6916.53662066
6904.98511918
6893.50043612
6882.26833462
6873.51351186
6869.01454909
6867.07842496
6867.91998018
6870.14278857
6872.84978828
6880.67339773
6893.94235628
6907.60356201
6912.98189754
6915.29661523
6915.39596816
6912.3069667
6908.30393919
6902.45401353
6895.12381631
6887.39341253
6882.40954751
6877.94958712
6875.73987479
6876.8385349
6878.97599246
6879.40848263
6878.91844373
6879.84490371
6882.38161996
6886.44006348
6891.74852787
6897.25068691
6900.13852221
6902.10809387
6898.06996003
6888.60340647
6876.71209775
6866.63740389
6859.91193183
6859.36684631
6858.25370318
6855.97770212
6853.49074249
6850.93341687
6848.57651862
6847.50616938
6848.55128834
6850.93710383
6858.15331874
6867.37324982
6875.42216147
6882.55480979
6888.69509971
6890.63463898
6888.39550062
6883.66718625
6878.1768478
6872.84119466
6868.10910969
6867.73867067
6875.26261132
6886.75719135
6894.82522782
6897.9631565
6900.01039143
6901.33292495
6903.44341678
6906.21662855
6913.47596493
6922.07708512
6927.60372868
6929.7401617
6930.8699136
6928.28581739
6923.59392663
6918.8969689
6915.81085987
6911.44861453
6907.09426586
6904.28059503
6899.66275026
6893.22622063
6888.19069628
6884.75211608
6884.32892347
6884.81100996
6883.61502509
6880.3216793
6878.68658305
6879.29047881
6879.86333854
6879.44100321
6875.32169339
6867.78368789
6860.7982464
6856.00119695
6856.12849834
6857.5681366
6861.11064184
6864.49536027
6867.77069639
6870.49663973
6873.28935269
6875.73987479
6875.49173988
6872.45519231
6872.35675938
6876.48008374
6887.36589619
6900.61148537
6911.88826955
6912.06309028
6905.79892806
6896.56597063
6889.32919514
6884.51590631
6879.60563425
6873.89078118
6870.85158513
6873.88634846
6876.34245328
6874.81682995
6870.8460512
6867.77282215
6869.89474427
6876.31529936
6884.95005527
6894.27852534
6901.17929904
6911.41079699
6920.03717534
6922.84592556
6921.11511456
6909.42474201
6897.32886593
6889.44647411
6888.23675896
6890.35404623
6895.55460588
6899.25169188
6899.09318719
6894.18862331
6890.13871069
6886.58593909
6885.31939309
6887.26349751
6890.52874151
6892.38265814
6890.26730844
6886.13170349
6882.53886314
6882.30613125
6882.72049326
6883.31206661
6880.98161136
6875.15575901
6865.99058181
6858.97381852
6858.90142435
6860.92502506
6860.67923197
6854.83580205
6849.03926421
6845.69099726
6846.71067685
6852.78024532
6862.39422177
6870.96713562
6878.00636919
6883.43772315
6885.6375664
6887.11951068
6888.31745403
6885.23349863
6882.6306679
6881.24232656
6881.90713044
6884.63641225
6890.75076099
6896.03634388
6896.66228477
6891.69580913
6885.28485827
6883.15119222
6886.64490964
6897.33560562
6910.7223798
6921.72898395
6927.01403715
6929.19656072
6925.51312138
6920.16853309
6914.55435021
6910.60764477
6908.2387238
6911.91445467
6919.48447892
6927.5106415
6933.6267466
6932.20418408
6928.47084872
6924.80411572
6923.13120194
6923.36738383
6925.1377269
6926.04649781
6926.58378425
6924.67478616
6919.00083819
6911.17094208
6903.80276703
6896.83705672
6888.48494962
6880.01888808
6873.67219079
6869.92929302
6871.0626134
6870.87792359
6867.84529995
6865.07305
6862.61806033
6861.04822827
6862.23219042
6867.12793067
6876.35743114
6887.64936045
6901.4892551
6912.65832969
6917.9683065
6919.14373775
6918.05613853
6917.21257604
6913.04431112
6908.19485657
6907.04950651
6906.39611898
6904.26916474
6899.11041626
6893.39517289
6891.44010515
6893.30610025
6897.81418635
6902.87188129
6903.83797093
6901.78108299
6900.35349532
6901.03179253
6899.12814019
6893.87439483
6885.48746716
6879.43526715
6878.26231711
6882.27498371
6888.57887316
6893.21494368
6895.23436257
6896.01611784
6895.5561183
6898.44198118
6902.69733237
6905.8077029
6908.93333705
6909.9165094
6909.05980207
6906.8439355
6902.74180597
6897.06966315
6886.55557912
6873.25420455
6861.42453577
6855.11551662
6848.91764312
6843.50687066
6837.94762288
6833.06217686
6828.222452
6821.6462707
6813.9301269
6809.13128624
6808.04589642
6813.9144451
6827.90228535
6845.24324347
6859.68529842
6864.1898927
6862.93617789
6856.86388427
6851.97075765
6849.36514601
6849.04840845
6852.19976075
6857.64497046
6865.46348506
6873.41775529
6880.83018091
6887.67852164
6893.6881229
6900.3069587
6905.10003543
6907.95090349
6912.20063711
6913.43098952
6911.60086741
6908.79009598
6905.16772506
6902.19301258
6900.21459637
6898.76543752
6895.3257352
6890.89031509
6889.15873743
6893.01245327
6897.13334521
6899.48771346
6894.25412445
6882.30335034
6868.9772264
6861.67040552
6858.92242403
6861.29240439
6869.18484649
6879.87928519
6890.24186907
6897.36928316
6901.05261796
6901.5734141
6899.76443107
6897.86081358
6897.9205717
6903.2856927
6912.86785948
6923.83472942
6930.67936227
6933.66689898
6930.81829607
6926.67012477
6924.08754795
6921.00676376
6923.32672962
6929.27165216
6934.63314892
6935.57288617
6931.33964282
6923.69507077
6916.61243694
6911.4574521
6906.36314538
6902.66695847
6898.94099704
6900.92788142
6915.94708246
6933.98573442
6948.39132395
6960.66432077
6969.0889475
6978.8442135
6987.69244405
6992.81070559
6990.27067177
6983.21002732
6975.13731418
6963.53961062
6946.4006411
6928.81958413
6913.51665398
6899.16669651
6889.71192869
6885.02265156
6882.79057349
6882.65667181
6885.38185545
6890.93582717
6896.37240143
6900.49086791
6903.29977844
6905.23011772
6907.0041408
6907.00774413
6904.15884849
6903.17867311
6903.15954828
6902.85488222
6898.88091134
6889.20253496
6877.65515257
6868.58629649
6866.21085886
6867.5412542
6874.07095464
6881.55013595
6888.27257619
6896.20227129
6903.45622707
6910.92958869
6913.17530644
6914.47288151
6918.6312425
6923.42954649
6926.16997284
6927.80947393
6930.87205329
6929.95738602
6926.29201908
6919.49991678
6912.51614801
6905.5626486
6899.11241657
6896.15920558
6897.34953803
6902.48571865
6909.56690278
6915.82652076
6918.26354257
6916.98516203
6915.08495968
6916.04998296
6919.58651518
6921.39892731
6920.14981947
6917.16472912
6915.43584873
6912.20497923
6906.5395552
6901.05425584
6895.23696923
6890.18501034
6885.99312514
6887.48861152
6891.38754672
6896.89777666
6901.73467879
6903.88283483
6904.87822504
6901.96461583
6897.012442
6893.17215675
6894.72864883
6897.42980098
6897.3441853
6892.85511949
6878.5049599
6858.45866783
6841.14376938
6834.14751789
6833.17140584
6836.16480406
6838.98126973
6842.66499483
6846.49497888
6849.51638131
6851.80781326
6852.55932009
6848.85443501
6842.47487563
6837.85920539
6839.0004085
6839.70494658
6837.79911273
6832.33530092
6822.68439905
6812.0954954
6803.46848282
6800.02329535
6797.37983133
6794.27929504
6792.03547304
6792.73411476
6798.16754569
6805.01805399
6811.05986916
6815.03991064
6825.73907479
6841.57941683
6860.79515882
6875.34020488
6889.25054219
6898.82257504
6906.65774023
6914.4245955
6919.00736182
6917.70828827
6912.66733453
6906.19215797
6902.17759562
6899.18908316
6895.36289759
6889.6557739
6884.41419066
6881.09167671
6879.17423832
6882.4375587
6889.66206056
6898.14208935
6905.01920793
6909.83193221
6914.00385622
6916.11951956
6914.57603989
6907.19308212
6895.87464011
6878.82826988
6861.77095027
6849.36410753
6841.02028739
6840.23117908
6844.87555747
6854.30916531
6865.79717291
6879.66546207
6895.19289291
6906.5573767
6910.81998334
6913.40302015
6916.20020069
6918.96078338
6917.48293729
6913.06876776
6908.54372441
6903.26527847
6895.90440765
6887.29816474
6875.80378684
6864.98315494
6860.12480707
6861.49726448
6865.25523073
6871.10567215
6880.64825806
6892.9041652
6906.42411622
6919.01743302
6930.97121107
6943.22046912
6952.87475826
6959.90882728
6962.92202639
6961.63258495
6956.79202373
6951.03159586
6945.07830969
6938.309751
6930.73100767
6923.47519099
6917.7340134
6914.06188586
6911.50743175
6907.76483367
6903.74535072
6902.28499854
6902.31217337
6904.13067003
6908.33821613
6917.9487147
6925.2389965
6926.89622848
6918.04932217
6901.51109811
6881.20794508
6863.4225368
6851.08376702
6841.36832583
6837.57215871
6838.79353416
6842.63660728
6846.15731831
6847.87842053
6849.29908729
6851.28174106
6858.35006612
6867.67548346
6882.45945746
6896.56104306
6905.54039438
6909.5873867
6906.72453774
6902.57495856
6897.93840016
6896.0476766
6898.92413039
6902.07846572
6904.52135601
6906.86815517
6910.30336901
6911.2396005
6907.64450894
6900.75259371
6894.79780906
6894.13519366
6898.5776671
6905.65057821
6916.38576869
6925.81388441
6928.8301223
6928.36391277
6926.36842083
6923.12428104
6917.43012098
6911.81998749
6908.17014902
6908.4236715
6912.90989368
6916.2959712
6916.27285274
6911.67554067
6905.92873854
6901.22271324
6899.28619185
6898.34264218
6903.68585745
6913.57299695
6923.30710298
6929.45356107
6930.37799288
6925.04256276
6913.55755212
6899.5128601
6885.95425518
6878.35486066
6875.54591528
6874.08205735
6873.10966014
6873.46353918
6872.16734412
6871.61097467
6871.68354309
6871.67488673
6869.54689401
6867.63721289
6872.55034949
6881.28096652
6892.57160644
6901.69352277
6907.74311612
6906.37703597
6902.05386969
6898.63389159
6898.82608079
6898.51061171
6895.30462401
6890.97908803
6887.94333501
6887.86867569
6889.65824814
6891.73501364
6890.29273387
6887.92663563
6889.60840092
6894.51428207
6899.8015586
6905.15080265
6908.36221277
6907.50668332
6906.23831126
6903.19443854
6898.6958591
6895.11051117
6890.49371882
6885.90384341
6882.87552008
6879.80204709
6876.94126813
6872.45936716
6863.99583562
6853.25938363
6847.65891014
6848.30872222
6856.32629117
6867.85604025
6880.48317398
6894.56996293
6907.91611776
6913.86756393
6913.66719928
6908.22505624
6898.97785276
6890.01933384
6884.22853903
6881.18502874
6881.2937559
6881.44764665
6881.18502874
6882.13486506
6884.54128992
6887.31906684
6892.79396046
6897.49120394
6904.98266585
6913.36288171
6923.2602806
6932.03390061
6936.92757087
6940.05250805
6942.44300717
6941.64122798
6937.85982267
6932.46132382
6926.5054519
6921.66211674
6917.08237526
6911.21800143
6901.23431778
6891.98273733
6884.88662413
6880.56398057
6879.48342074
6882.10102721
6890.02019111
6898.90490799
6906.78204465
6913.81308187
6916.36653931
6916.93858359
6918.57632134
6921.90039651
6923.84654304
6927.52238543
6936.40917927
6949.28911063
6962.63564183
6964.62925196
6960.71876102
6953.9041048
6947.69500313
6942.56611978
6939.41265566
6935.92010218
6933.01698933
6934.46422455
6939.21668192
6940.73683403
6937.55192267
6928.2477141
6916.90227847
6907.90580262
6901.94707313
6899.37323631
6903.63198174
6909.83543796
6914.47467969
6919.21549767
6927.74186097
6937.60457868
6944.70224613
6949.3312912
6952.63913395
6953.76128889
6953.86354121
6951.9314386
6947.16495124
6937.61333261
6928.01770039
6920.98037652
6917.30511959
6915.46078628
6917.80669333
6924.7478982
6934.28973139
6943.4669313
6950.04323806
6952.52973072
6949.44935774
6944.84193962
6943.91972418
6947.75184096
6955.21849773
6963.33679264
6964.70055189
6962.59682066
6960.6473217
6957.7015404
6954.38904887
6955.68839423
6956.91794512
6956.02363632
6951.26732471
6945.92597733
6940.70455043
6935.90228069
6934.8348169
6936.26141487
6939.42290807
6940.20963971
6941.37107582
6942.29362581
6943.22687427
6946.48551101
6950.50305639
6952.08843783
6946.53820187
6935.65932426
6924.61023986
6916.5902803
6909.46228076
6903.06427261
6900.67060228
6907.05365347
6914.8137342
6917.18907425
6913.84420153
6908.40295758
6903.78813765
6897.02974077
6890.34571048
6887.07079255
6884.85710052
6884.52539206
6884.25678718
6885.46464143
6887.6288835
6891.11078033
6893.72668619
6894.46270637
6891.74843726
6886.51348916
6879.91966061
6873.53368214
6867.86615327
6867.86511478
6871.77380754
6878.78266023
6890.82579667
6903.89965269
6916.7369853
6924.76837515
6923.97022716
6921.18199571
6919.3077694
6917.25886175
6917.08105799
6919.53134312
6924.90507168
6932.96152453
6939.4200505
6942.49702924
6942.7833232
6940.78992216
6935.41498784
6932.2702428
6933.88745482
6937.25209358
6941.1765239
6948.08432305
6952.94571667
6955.87771889
6956.30679392
6955.09744119
6952.43335385
6945.93301671
6934.78167302
6926.88662425
6922.6957148
6921.52497415
6920.72293011
6926.51584371
6935.46302991
6942.17588684
6941.70904306
6937.56715144
6930.79289852
6925.69220756
6922.86465312
6918.65668187
6915.14120508
6911.12468425
6905.84795983
6895.89333282
6883.64891173
6875.12327328
6871.1717239
6873.29193148
6876.52905976
6881.51129386
6889.068696
6900.22092485
6908.54184956
6915.555588
6916.7339744
6914.56170324
6918.05312763
6928.03870006
6939.48438771
6943.78912613
6941.2422411
6934.6620592
6925.65034063
6913.77079676
6899.36942388
6886.43023622
6877.96570105
6876.63651844
6880.2462324
6886.31647694
6890.4112883
6893.2734124
6894.75438092
6895.70882421
6893.72165408
6891.26297048
6891.16291361
6896.42061774
6902.70347267
6907.73015249
6906.3150127
6898.09855667
6886.88895333
6873.4906931
6867.83731966
6869.15374774
6874.39074492
6879.57049308
6882.83948678
6881.41603214
6880.08234014
6881.57979895
6885.65204942
6886.99518535
6884.98615827
6880.30274265
6878.31619979
6877.14980126
6875.28705403
6870.16959399
6860.1400219
6847.43114067
6835.94116762
6827.31928472
6825.5708892
6830.41906829
6843.87326029
6861.44358393
6880.58877176
6897.89822687
6914.65101982
6932.40697418
6949.62842999
6960.25802269
6967.2430251
6975.17557778
6984.05112951
6989.45933016
6989.70605718
6984.57120777
6972.56751978
6956.80830493
6939.83231463
6921.37405249
6908.87649226
6905.34789851
6906.75005378
6910.16559218
6912.69689298
6915.21723743
6913.77214191
6909.69115144
6906.11144199
6904.70065128
6907.81995695
6913.7549895
6920.87425602
6924.62323833
6922.91263943
6916.9074012
6907.09893555
6898.42768634
6892.90905095
6892.98265088
6895.64441034
6899.33290271
6902.63528122
6903.14770677
6900.5139585
6897.14922217
6891.80641811
6885.4841705
6878.42679483
6874.05613011
6870.59818114
6869.1535038
6867.52151604
6865.522135
6862.71976205
6858.02852644
6852.87302584
6849.90897001
6852.0337288
6857.19379455
6860.88382025
6864.80329512
6868.77303539
6874.91989076
6881.32997041
6887.88739628
6892.55327616
6897.29690293
6904.25347597
6912.08862026
6919.47825499
6925.0949121
6927.77519699
6927.74655157
6924.77308666
6919.9333409
6913.19762339
6905.9277349
6899.94397028
6896.58791121
6896.70847988
6900.03279898
6900.63825595
6901.26403654
6899.99010963
6894.80210239
6886.77412072
6884.13281033
6887.30259747
6896.82912521
6905.38066302
6906.13840075
6904.85215143
6898.25681045
6887.06463831
6874.24456962
6859.2867576
6849.9253209
6848.19890778
6852.26094069
6861.43352667
6873.76069192
6887.68053588
6897.98221164
6910.14452281
6919.32409241
6926.86416094
6933.82555003
6941.51982992
6946.75232468
6944.14807911
6937.53234481
6925.58076222
6912.14827383
6897.43525127
6883.2408991
6873.48561219
6868.42940179
6866.18087526
6864.37362767
6862.74879778
6861.13630424
6861.4463509
6860.60299053
6858.18931022
6857.53098118
6863.46604858
6874.54881749
6884.55388415
6890.37372864
6888.30184889
6881.23481323
6871.28450742
6863.36516231
6862.35824423
6865.56738223
6872.71449266
6879.35278087
6884.36593252
6890.01687354
6894.6167853
6898.63074129
6900.24235665
6900.21071426
6897.84514571
6896.11597956
6895.59139887
6896.9724778
6900.00738749
6898.77614296
6894.58935957
6888.11302605
6882.82554043
6873.93641871
6863.51578428
6854.40704763
6849.7577138
6849.34289876
6851.35163311
6850.45278007
6849.13564806
6848.87602711
6849.19475103
6850.79746609
6856.21423946
6860.67061743
6867.68141466
6876.86763336
6883.12755104
6884.01622136
6877.77332366
6869.04295057
6861.17688874
6858.38345093
6860.89837296
6868.23250108
6876.0822399
6882.46135322
6888.36885549
6895.61129734
6901.65533584
6906.50391917
6907.37588315
6905.3796803
6904.41833702
6908.04576097
6914.62335712
6921.97598279
6924.50551329
6920.32516293
6915.27151738
6912.6297679
6914.66481283
6918.00509252
6918.85788985
6918.81931959
6916.3572975
6910.98758348
6903.23438881
6894.00596167
6886.5463164
6885.29799614
6893.17088827
6905.31567764
6914.38589978
6917.52099179
6915.57455253
6911.86671927
6907.70969645
6903.69480653
6898.88711437
6891.96988522
6886.28277849
6883.55370576
6881.18185056
6880.01364688
6876.9459657
6872.08232784
6866.17227466
6864.16892787
6865.05340244
6868.50397051
6872.04491454
6876.59072757
6884.20555299
6889.26540156
6894.48375483
6894.48531604
6891.40660185
6884.49237664
6874.77917272
6863.0844232
6846.49101313
6834.43849548
6828.63554553
6825.60695734
6825.69878301
6832.39459904
6841.90795407
6853.18856461
6864.65545405
6876.31999693
6885.36046547
6892.69158268
6898.95051764
6904.03835649
6905.77957323
6907.65073985
6908.76425237
6906.77733314
6906.06129507
6912.0605115
6918.77191175
6923.80950611
6925.20307472
6923.14245799
6922.10619054
6919.70801779
6916.07541536
6913.40051804
6912.21873043
6917.38280375
6924.82479479
6932.27363007
6939.9829157
6950.21942485
6959.35472996
6960.73342525
6952.2860146
6940.1718152
6931.00000286
6919.7435423
6908.40699303
6897.04255106
6890.64602049
6886.49209919
6879.93724514
6869.32415666
6859.68967538
6856.00119695
6858.13037452
6865.21417228
6874.99013826
6884.62400621
6891.97615794
6897.13757581
6898.18945537
6894.83504115
6888.14021481
6879.61761515
6872.31005549
6866.20443978
6860.56007118
6855.47604475
6853.69364411
6855.3914815
6853.35422717
6845.06188516
6835.01410824
6828.95852793
6829.22260949
6833.75891586
6839.73429594
6845.5045023
6850.56760572
6852.98272179
6855.34504245
6858.07926578
6860.44736432
6862.08266966
6863.81377338
6865.56186921
6869.68754235
6871.9815043
6872.25519706
6870.7023571
6869.12014686
6864.8798711
6861.60302256
6860.49317609
6862.61955882
6864.39634886
6862.85663979
6861.16793269
6861.52550567
6862.58300976
6862.7145069
6862.66387908
6863.42624468
6863.04374809
6864.25634869
6867.17794517
6871.4015564
6877.34654167
6882.8097262
6887.834803
6895.35571881
6902.3833339
6908.81115141
6912.76119534
6915.2293159
6917.63445138
6922.98227361
6928.65567096
6932.76607352
6933.9698505
6936.5774694
6940.69701619
6945.65857123
6950.38151196
6953.97707746
6957.25211388
6961.54876746
6965.37716939
6967.62684593
6966.74120742
6962.96565665
6956.74251106
6950.5964572
6947.48225335
6948.92888917
6951.77130997
6946.20058311
6936.22008461
6925.30928582
6917.60571535
6915.37179031
6917.79661515
6920.05276653
6920.28411145
6921.07689975
6924.14919486
6928.35459429
6934.74244063
6940.40600376
6940.07908348
6936.21620249
6933.68867229
6934.26780474
6933.72260074
6932.76426837
6930.7497422
6928.00525252
6921.46286725
6912.23917253
6901.52370628
6892.2664525
6888.91058162
6887.48777516
6887.87167962
6887.35884286
6888.67848397
6890.40047134
6891.77855329
6893.6409381
6899.09919506
6908.29385405
6917.19061455
6922.60428641
6924.86609021
6923.21960549
6916.31601603
6906.98191445
6896.6110227
6885.18806322
6877.02303653
6875.21896016
6880.88851024
6887.40983312
6894.65319496
6897.12846643
6894.74727881
6892.88122098
6892.41565963
6892.46928442
6892.8522898
6894.90841107
6895.48621928
6896.44135257
6896.07158961
6892.52837345
6886.08807323
6879.96715207
6875.94159155
6874.49503937
6876.03851903
6880.62554384
6885.40256937
6889.61474334
6896.70302958
6899.79605952
6896.21665673
6889.19355103
6885.16760021
6886.21813461
6892.13370082
6901.6991264
6913.90819722
6927.14738126
6935.1046833
6935.921524
6931.89799166
6926.78819131
6927.93698441
6934.07627766
6936.10073564
6933.10470288
6926.614193
6920.81001638
6916.67557537
6913.60771995
6914.11428399
6915.45897416
6919.58833427
6924.33437256
6929.11309172
6931.66103614
6933.17768947
6933.8770212
6930.99676195
6922.27038947
6909.41210596
6899.04755663
6889.40853809
6887.7830182
6890.73844555
6892.1614123
6894.249859
6899.17590347
6906.56362851
6912.77366412
6916.74576014
6915.08302908
6909.15093077
6902.28721491
6895.11911874
6889.18185589
6883.54469395
6876.33546965
6867.17584032
6857.50934726
6850.93007838
6847.33559319
6845.69322756
6846.39066353
6850.15526492
6856.5565767
6867.6375335
6878.1987396
6887.45294762
6892.7621717
6892.88497764
6892.33437213
6892.99805389
6898.32137069
6902.6839436
6905.94507549
6906.82247583
6907.41006251
6907.95550348
6908.2311826
6906.92591299
6903.09107804
6898.72656756
6893.1660513
6887.45630004
6885.401963
6888.53975229
6893.54367607
6897.25198327
6897.40213131
6895.88655828
6896.12117198
6900.75451735
6906.98436082
6913.22402458
6915.47533202
6912.58498067
6905.3927415
6899.76673106
6893.65599263
6885.84888044
6880.39044923
6879.94841755
6884.23821993
6891.08833095
6897.02730835
6897.72188674
6893.94484446
6889.03092725
6887.2429648
6886.83205279
6886.56993668
6889.12289231
6892.22499679
6896.91260816
6899.89834669
6895.3141237
6884.91110168
6870.13631372
6856.47911556
6847.15732943
6844.06265465
6849.63394604
6857.55218994
6863.21961428
6868.63101402
6873.21955822
6880.9040875
6887.33143804
6890.68441651
6893.93461296
6900.89195267
6911.0951258
6920.18229125
6923.42026983
6920.68624166
6914.59880987
6904.19125755
6892.43737718
6881.74114727
6872.23896465
6865.99695908
6861.95155585
6863.15580677
6867.05012802
6872.28498551
6876.68288778
6877.26397872
6876.42052077
6876.64968418
6877.47048366
6878.2015902
6876.84958883
6871.17921632
6861.11383396
6847.55890903
6834.04827648
6820.44316281
6802.83340466
6788.89695193
6782.00831943
6776.67238749
6774.15619698
6773.92167388
6780.76604188
6790.1926173
6797.50012818
6805.77802899
6814.59057472
6821.97935218
6832.22297043
6847.58044537
6861.75761725
6870.48150156
6871.62653102
6867.58139264
6858.28536648
6848.08260457
6838.25899378
6829.67004268
6824.98944978
6823.71630348
6824.06435586
6827.79378819
6831.03872949
6833.88025816
6833.83406306
6834.07328373
6839.39517871
6849.73643534
6860.75684644
6867.93880532
6875.48071383
6882.29382278
6887.00204352
6886.36229568
6882.06140453
6874.10126582
6867.59963929
6864.08743826
6861.92314042
6861.4463509
6862.18852531
6866.97570567
6871.16759784
6872.74989172
6874.67856524
6878.22149564
6881.16278149
6883.49115976
6884.00760682
6882.88663673
6881.9642122
6878.67103367
6872.45527595
6862.58101643
6855.09154786
6850.30587295
6849.21865707
6850.556043
6850.55009089
6846.9934999
6842.6497103
6843.41412499
6849.68840023
6857.11256281
6865.09778543
6871.98558854
6877.30352474
6884.56668748
6896.46296558
6908.91756464
6918.91119404
6923.31456752
6925.19204867
6923.0972247
6920.62491536
6919.34846542
6917.1951797
6915.70498331
6913.94692082
6914.56349445
6914.7305161
6910.50777608
6904.76327395
6901.53825202
6900.57605844
6902.41101751
6906.29264696
6909.11721141
6909.08473962
6907.94145956
6905.76594749
6901.5651829
6894.59628745
6885.31145461
6877.69296314
6873.01349933
6868.22652806
6864.799183
6862.50589014
6860.42538192
6860.50508729
6864.54545841
6871.43567303
6881.93795041
6897.90980353
6914.12174853
6928.40982212
6934.61559924
6934.5200657
6931.09982973
6923.51834034
6913.86090788
6904.15951758
6897.86224236
6900.18031247
6903.1754322
6908.94455128
6912.12214447
6908.1057003
6898.97496034
6889.59047488
6881.97886946
6876.20051554
6871.92847193
6874.01501591
6880.18379792
6886.500881
6892.5538407
6894.84121629
6891.7148573
6882.73734597
6874.37776039
6869.76922712
6871.05220069
6875.85118771
6882.07958148
6888.39830243
6893.30929237
6896.15920558
6897.28440627
6900.6445914
6904.77999423
6909.97612116
6913.56383878
6915.94983549
6914.58484261
6911.73316607
6904.37938342
6893.51629913
6883.46250737
6878.0402837
6875.38196727
6874.61170501
6874.12726973
6873.19225794
6872.3366588
6871.88696743
6869.17359044
6862.53299527
6855.23314408
6854.4170352
6856.56326063
6863.62883963
6872.69044723
6880.56913117
6884.62243106
6883.36460413
6881.43032698
6880.8157188
6879.50075436
6878.71837878
6879.80560163
6886.93652147
6894.44827911
6901.44837787
6906.32850602
6908.96881277
6905.60137917
6899.8545631
6894.40241158
6890.17215126
6888.67211367
6888.87854892
6888.7992687
6886.32767723
6882.4483199
6876.66363053
6865.91136431
6850.59294054
6833.64211779
6821.47837087
6810.89782387
6803.69653107
6798.48675749
6798.60635738
6800.80404003
6808.2149811
6818.91582494
6828.46975054
6831.49800418
6830.44454948
6827.33341228
6828.89874193
6833.59864087
6839.371886
6843.469771
6843.64450809
6842.04018303
6842.69172359
6846.40633139
6847.63912319
6851.03812252
6858.10895666
6868.04972793
6878.00633434
6886.046966
6892.8143468
6899.04911087
6898.62358342
6893.65877353
6890.15676219
6886.2452258
6883.22613033
6878.52736745
6875.0301861
6873.1140162
6871.36803916
6870.78392338
6874.3891419
6878.86277682
6884.40011885
6890.61041234
6898.04995702
6905.80462927
6915.27717676
6924.27462837
6928.53963956
6927.6705471
6923.24441062
6918.69086123
6916.13139591
6915.45900901
6917.00310201
6919.41374354
6917.61502685
6910.99435802
6901.16315027
6890.33267019
6882.05879089
6877.70265101
6877.32293533
6878.96146763
6877.43627642
6872.86193645
6870.48578792
6868.34697127
6866.74622863
6866.54470701
6868.96403277
6875.39138332
6884.27078929
6894.18463665
6900.30575992
6902.04744363
6902.16954563
6899.22790433
6895.99297847
6893.76667828
6893.47954796
6894.17608484
6893.05726141
6893.73787952
6897.84382844
6904.64807891
6909.73772988
6913.50249157
6914.48983179
6918.73946785
6923.88131483
6928.09369092
6932.94423273
6936.86890002
6941.44554696
6947.13139915
6949.37152722
6950.20242578
6952.56922099
6955.8618977
6956.65219781
6952.28257158
6944.0817416
6929.83890826
6914.7893821
6906.19418615
6898.39149274
6894.8708096
6896.9103221
6902.68100239
6909.19048376
6915.7562175
6921.29498135
6923.06881625
6923.50713308
6921.65852735
6916.05567023
6908.36769095
6901.90853771
6897.30941352
6893.70121895
6891.92320224
6890.95860411
6891.80456418
6893.30708298
6895.58579524
6898.30929222
6899.93525817
6898.03608037
6899.39161538
6903.63486023
6908.55817954
6910.12074919
6906.13917439
6896.27293698
6886.95632933
6884.42748883
6886.49629494
6889.24836067
6888.60490495
6886.08430959
6882.22136588
6877.38479132
6872.46072625
6869.58281579
6867.46635094
6865.38246242
6865.33317974
6868.69075123
6875.50755411
6879.9858866
6881.4130073
6880.64701049
6875.04240397
6868.03304249
6862.00606579
6854.0975237
6846.74263288
6841.1992063
6840.78690035
6844.49413421
6851.08463126
6857.96899832
6863.33567355
6864.72654489
6864.25540082
6863.66016838
6859.01416606
6854.42132156
6853.57597483
6853.25644242
6851.38708793
6848.9639149
6843.48529947
6834.99830795
6829.21207131
6823.38447654
6819.72249687
6819.05521874
6822.83082527
6830.28835175
6837.49934636
6839.63298453
6841.38358248
6842.15324534
6843.51892125
6845.15573204
6847.07225042
6851.56871805
6856.51849431
6860.2418421
6862.76980442
6860.31160173
6853.53398245
6842.73030083
6831.21394053
6823.55632121
6823.13294042
6827.13157703
6834.9655992
6841.9873946
6846.21003007
6851.78833995
6858.04629915
6863.30054632
6869.42524504
6880.28542297
6893.44088709
6904.11542732
6907.98791951
6904.94800558
6899.99013751
6896.7601671
6895.47855959
6895.45434689
6896.52441734
6902.45921292
6913.77097797
6926.40711654
6936.01990117
6940.7537425
6943.21972337
6939.71879929
6930.83153848
6921.38375429
6909.31636333
6897.40908009
6885.22595742
6874.99622977
6866.06337325
6851.74012364
6832.08669208
6808.76398358
6788.2298829
6768.07583942
6756.09152716
6752.49467924
6759.47907529
6770.67057834
6780.78172368
6787.70457737
6796.80978038
6802.60814428
6806.26033154
6809.64530088
6814.22487509
6821.76287361
6831.4919754
6843.96055566
6854.28998472
6862.47214987
6869.160125
6876.78674313
6882.99409541
6887.25292449
6889.03692119
6890.5707339
6893.92377509
6899.15387228
6903.0768529
6898.76290752
6893.68695896
6891.60296589
6894.71264642
6902.24030889
6910.65016685
6916.30277362
6915.01723521
6912.75926474
6912.15243474
6908.76324873
6900.15476855
6890.90474932
6882.92075336
6875.45585992
6867.1170928
6861.74762272
6858.97758913
6858.43703391
6861.62559739
6864.43598548
6868.44191936
6874.59153472
6884.40527642
6894.89912745
6903.38397229
6905.50032563
6902.16222049
6895.57691586
6883.77253312
6869.07170752
6856.12461622
6850.26720511
6850.46244703
6857.71562917
6868.70598697
6880.6113884
6891.31373073
6901.20941508
6907.79191092
6913.73104861
6917.56102569
6914.39042311
6910.09176922
6906.67866324
6904.85070871
6899.72027808
6889.26524823
6877.3326441
6866.87287487
6861.04826311
6858.7241015
6854.7838918
6852.34799909
6856.52604249
6865.29732068
6873.97215928
6881.19298812
6883.34900597
6883.7552692
6882.08689965
6883.37152503
6888.45690359
6893.59137663
6894.55221113
6895.93261399
6895.10423148
6892.92496972
6887.37071225
6880.40968557
6873.5937539
6869.27951579
6870.8496824
6873.60905934
6879.66902359
6889.01942727
6896.98298809
6902.63190789
6906.47222799
6908.98418791
6912.2146671
6917.33210623
6923.27509119
6927.10911069
6925.35982305
6921.98288976
6918.1251524
6913.73262376
6903.54994849
6895.6874412
6887.99946889
6878.85814197
6875.79166655
6875.36836243
6872.18004986
6868.66634338
6867.24053298
6871.44854605
6876.28388
6881.95743069
6885.69351211
6889.42016353
6894.84083296
6896.8398446
6895.26857677
6888.12866603
6875.95222033
6862.90956762
6850.0245902
6843.35406717
6841.30922982
6842.80557348
6845.26862011
6849.35226602
6852.257651
6851.80942326
6849.10682142
6845.80042836
6840.23548635
6834.4192452
6834.01070288
6834.91120774
6834.80491299
6834.77407909
6838.00879585
6841.21534113
6842.73451052
6844.36097132
6847.4118416
6850.21572001
6850.34394836
6853.7409683
6859.4445026
6863.97775625
6865.70033604
6866.52460643
6867.38545375
6869.41552232
6867.92117897
6864.61383803
6865.27480859
6868.38800184
6872.47742563
6872.80639499
6868.79693446
6863.71572378
6862.45683049
6866.18861858
6872.83211315
6882.28479006
6889.8607037
6896.44582711
6901.16998057
6905.00539401
6906.60972604
6908.46946933
6913.41071469
6917.42366007
6915.04560184
6906.4647983
6901.58936773
6897.53380269
6891.81061387
6883.91108359
6874.0885322
6863.77830463
6853.17480644
6846.0774596
6840.34630442
6833.4588498
6826.13100834
6818.97827337
6815.48757383
6817.66044438
6823.84927819
6834.63402317
6848.56149197
6863.73943467
6878.03755855
6890.43076858
6896.29591605
6897.26751174
6894.88398231
6890.78172035
6885.33599489
6878.86304863
6873.40472197
6873.8260467
6878.09063274
6879.86581975
6879.92981545
6876.57573577
6869.6147997
6864.39681583
6861.76695664
6860.64643958
6860.2175597
6865.24236468
6874.01175409
6882.12771416
6887.42680431
6887.38702132
6880.47871338
6868.58184982
6855.92439097
6845.44859841
6838.94398189
6838.92642524
6842.9231173
6846.04233236
6842.84217829
6838.71297151
6836.48444101
6837.52676512
6838.98508912
6839.55266582
6840.78215399
6840.87850298
6840.0519326
6838.15545904
6831.59760105
6819.16478227
6805.5058626
6797.10898918
6793.08085684
6794.17969817
6795.66263911
6797.95747924
6801.93731162
6808.35130824
6815.64690094
6821.0953167
6825.54427892
6832.5902243
6842.75009475
6851.30976619
6860.01070627
6865.62887581
6868.1453242
6867.44898247
6862.71378206
6853.99142411
6846.45978195
6842.73502628
6840.94583716
6840.71500102
6845.99206696
6857.92162533
6866.73164107
6869.18433074
6867.53544148
6866.00525301
6864.28061716
6858.91718979
6851.65454978
6848.46802145
6848.61783494
6852.94324546
6856.50491736
6858.68767093
6858.36254883
6854.20915723
6848.21718231
6844.23274296
6843.40928106
6843.4249768
6845.93854671
6850.32717232
6850.75113856
6847.06074347
6844.02811983
6842.16639715
6842.35869787
6844.16193788
6844.28874442
6843.40928106
6844.99681614
6850.4752852
6856.56800699
6857.10557221
6855.39124453
6850.06903591
6846.36105629
6844.27192656
6843.58213634
6842.78447623
6843.05301141
6842.59271915
6844.56263233
6850.76518946
6858.51195808
6862.81461953
6866.37428415
6870.94647746
6881.40573791
6893.90465723
6905.53824075
6915.36735758
6919.48293862
6918.58398103
6912.14063505
6905.16721627
6899.57776186
6896.34922721
6898.25966802
6905.08378211
6915.61600824
6922.73435476
6924.33647043
6921.12609879
6918.16811357
6912.14335323
6905.06395334
6896.81563189
6890.89195297
6886.9982102
6884.99027039
6879.77490015
6873.94712416
6867.07141346
6862.8076359
6863.41767893
6867.69526344
6873.76617009
6882.99930874
6891.63767495
6896.31103331
6897.18016759
6897.99257556
6899.66186511
6899.2613449
6896.71954775
6894.4882921
6896.24184519
6901.38769975
6908.08182214
6911.00428286
6909.82697676
6904.92211318
6898.8694462
6892.08583299
6889.2813064
6889.15466016
6890.16406642
6895.04599972
6903.36734261
6913.16754918
6920.37010349
6922.42080932
6923.87920998
6926.76940103
6931.03885888
6935.24875376
6937.48879122
6933.15266131
6924.57171838
6913.9546293
6907.8721669
6909.02277211
6912.98285239
6915.90055281
6916.5785294
6916.89262545
6918.55602561
6922.00567367
6926.62429208
6928.8301223
6927.88578507
6924.05156344
6919.68112872
6920.02063626
6921.23295111
6920.07357106
6917.01564048
6914.7777706
6914.13122034
6910.74006191
6903.13626951
6894.05378072
6887.25176752
6887.00361867
6887.32223805
6889.56546066
6889.58992427
6887.51382089
6883.72010711
6880.0431426
6876.99044626
6876.84926125
6880.41734526
6887.58052083
6896.54617671
6902.35157999
6905.21421986
6905.00609794
6900.8456112
6889.99908689
6876.52579794
6865.28714494
6857.54421662
6855.46777173
6855.74819023
6854.18341816
6852.24754495
6850.36659986
6846.09093201
6841.2193487
6838.84221744
6837.60773201
6837.46748094
6841.32436102
6847.87585568
6851.53760535
6848.99897244
6842.34082061
6833.30746813
6827.03211956
6825.04273306
6827.42323765
6833.90853419
6841.62711041
6851.1145382
6860.98991984
6867.50327636
6869.37592054
6872.79505531
6876.32509875
6877.38800435
6875.05689395
6869.67593085
6866.28788788
6864.87339626
6861.79247267
6853.01609963
6844.75966546
6842.37277664
6841.14327454
6839.03504089
6839.24012401
6843.2284873
6847.73347188
6851.89979226
6855.61056673
6856.84705247
6856.54325762
6857.70979554
6860.14513765
6863.36496716
6869.93587938
6880.0273702
6892.39443692
6899.37162631
6897.55687933
6887.403191
6875.22178288
6865.46647506
6864.09011462
6866.02361814
6871.30819043
6877.62599139
6884.00784379
6886.51765704
6885.76666597
6882.4610117
6878.24225138
6874.01431197
6872.26811886
6873.57931271
6875.18919958
6878.91670131
6880.69822377
6877.82930421
6871.02361799
6864.22582145
6861.44395333
6860.84949453
6863.02960659
6868.4776669
6878.7570048
6896.66724022
6911.39207641
6923.10268894
6924.65236466
6920.82831879
6920.76835158
6928.19266749
6937.15894367
6944.36101011
6946.02848056
6941.10201791
6930.07216985
6917.07709921
6903.24245274
6892.77896169
6885.8734695
6884.4582391
6889.41044081
6897.54960298
6907.95974802
6915.33678852
6920.17336308
6923.53319972
6926.69481838
6929.79299892
6933.57150483
6935.94257943
6937.84934025
6942.15891564
6947.00643958
6952.55540009
6954.01175167
6948.45085905
6937.35095166
6923.79836855
6912.12788749
6904.25957445
6899.77591711
6899.14373835
6898.55176773
6901.20558175
6908.76128328
6917.10259433
6922.0347094
6925.95700699
6930.05240381
6934.32082318
6935.804252
6935.09783907
6933.55305606
6928.24553955
6918.76152692
6909.05457481
6903.57427968
6899.22457282
6895.75665022
6895.13896145
6896.53941611
6899.50520042
6902.92905366
6910.45114038
6916.99498232
6917.47549366
6916.79108404
6921.64002283
6933.02117811
6947.67890315
6960.60816598
6970.23469484
6975.70255604
6973.48737946
6964.60053684
6954.74714457
6947.78106487
6940.23116908
6936.57303668
6936.63765268
6938.38013093
6941.18663692
6945.59224069
6948.85425076
6949.4368123
6948.74492421
6947.62644229
6941.70640155
6931.8821844
6919.98073479
6911.81419568
6909.91487152
6906.21324128
6901.70838215
6897.16492488
6893.45629707
6893.47869068
6899.56852702
6908.82040716
6915.79957594
6919.79912558
6918.43622361
6915.16762021
6914.94608164
6916.71666866
6918.68663063
6920.56572178
6924.4030937
6929.38637326
6933.63994022
6935.5121035
6934.94567679
6927.01121442
6911.63650344
6893.97294625
6879.74048382
6866.55916912
6859.47966468
6859.8922076
6865.5167544
6872.21992346
6879.06546237
6886.11946471
6888.76834418
6888.17338357
6889.62967938
6894.93012863
6905.18797201
6917.35822862
6927.54742752
6934.66666616
6938.75233329
6938.6678955
6935.57471919
6930.16715278
6925.03878519
6920.35679138
6918.23139836
6917.48654759
6918.72417635
6920.50220699
6920.10029285
6920.80175033
6922.0352391
6924.44257002
6931.10380245
6942.12885537
6954.52283206
6961.18673389
6959.95994299
6954.588612
6945.9619479
6934.9908822
6923.79267431
6912.59556066
6906.47215133
6902.91106489
6902.3498306
6904.25165688
6907.56097721
6911.84608201
6914.16314152
6915.95710487
6915.51820258
6917.27796567
6921.28880621
6927.76251216
6935.40880572
6937.72477098
6933.15130919
6924.83740993
6916.56732214
6906.84286914
6894.80972026
6883.6927232
6875.8062123
6871.61565831
6871.34125464
6874.35085739
6882.32846214
6892.96946422
6902.35811756
6906.09608079
6906.7142226
6907.59155324
6909.67456358
6912.08045178
6910.86925905
6905.35997699
6898.50186475
6890.13552554
6882.21730952
6875.38137484
6870.89106145
6868.18924022
6866.99924232
6865.73978448
6863.3219363
6862.56515342
6866.45949558
6870.75634432
6875.73812539
6882.85948979
6890.44805341
6896.40180655
6896.99913686
6892.65079606
6885.24925013
6873.92083448
6862.45044626
6852.76411746
6844.12412731
6834.84703083
6829.4095296
6826.02311753
6824.58520079
6822.45433656
6819.35373057
6816.86318154
6813.41952741
6808.55273228
6799.96921056
6794.26479808
6795.52645136
6798.92020252
6804.78889059
6809.65345542
6809.9596339
6802.21066286
6788.93521553
6772.87760038
6757.55676509
6747.92507866
6742.6107458
6739.15259471
6736.12657137
6736.35503084
6742.41852174
6751.86218685
6759.04710087
6763.69921562
6765.51273592
6767.19333727
6769.21907767
6768.62951856
6765.98785969
6761.45840452
6754.78421544
6748.75857692
6738.8837877
6729.43148716
6722.36658422
6718.51110505
6718.65028279
6724.44551032
6734.57246292
6747.04849378
6759.64892664
6770.98750408
6780.96823259
6784.42317762
6784.77326515
6785.12425874
6785.86311557
6780.18559913
6771.40930972
6767.50405302
6766.15617073
6764.70299037
6758.82615473
6751.57719622
6745.14060387
6740.96242108
6741.42248335
6744.64436891
6746.48645101
6745.93773429
6740.70767194
6732.26794887
6718.54970319
6707.39660313
6705.08949635
6711.09207216
6719.71456142
6729.25403885
6736.50648917
6736.26401366
6729.33285907
6719.24250431
6712.0669227
6708.95628036
6706.29894665
6703.27348089
6701.35890705
6703.84352487
6707.12470855
