7056.44193236
7053.74416748
7050.47043439
7046.92360097
7042.77569451
7038.62678442
7035.69217553
7033.92696215
7033.42243326
7033.25996281
7033.32144245
7036.67645606
7041.82491031
7045.10580824
7048.7149716
7052.02572768
7054.03892961
7055.1563591
7055.49818754
7056.19468958
7058.31516897
7058.29523566
7056.73364873
7055.92694893
7053.67471452
7050.37904782
7047.10277776
7045.62229015
7045.64639134
7046.7940414
7049.12342331
7053.35537726
7058.46076579
7063.59770611
7067.4695083
7072.4742336
7078.949215
7084.82215458
7090.6494427
7094.97134747
7097.8596567
7096.88661828
7091.59299933
7084.83706972
7076.72971722
7067.79011404
7058.98279557
7049.9433934
7043.40974115
7036.48476171
7029.4943787
7024.46840282
7020.20696011
7015.31481621
7007.91303331
7002.2868347
6994.87871635
6988.54258511
6982.41988668
6975.7764409
6969.71798908
6965.10616612
6962.30630922
6961.13051555
6962.03251889
6965.05289678
6969.05382641
6974.82484822
6980.19430436
6984.77054009
6987.32088209
6990.42605322
6993.4169075
6992.47158057
6991.1228201
6992.61471012
6995.31147834
6996.16676385
6996.60760371
6998.07134315
6999.1710766
6998.90949019
6998.29352293
6998.94466622
7000.37930024
7002.28629106
7002.96064342
7004.84177669
7005.84350932
7007.18557192
7004.16509645
7000.79209407
6996.03301549
6990.36935479
6985.30607713
6981.04047352
6974.88954088
6968.53443814
6960.28795669
6954.01231539
6947.68376021
6943.45642716
6943.55976676
6945.60063138
6950.7307414
6956.82922015
6965.33914892
6976.23657984
6989.02037826
6997.6679375
7009.16605115
7021.75388977
7029.96946762
7035.4633397
7039.54959228
7041.33362383
7040.44368502
7035.21664752
7031.24072514
7027.13460197
7021.18856428
7016.94863003
7014.17446341
7015.4247561
7018.60918655
7023.57212159
7028.20983695
7034.21641337
7042.2505214
7047.44068924
7049.23823502
7049.08155639
7049.22407261
7047.29632605
7043.55077979
7039.14558723
7035.05135435
7030.19368952
7026.15938203
7022.24095262
7019.72537544
7020.38972629
7023.1035563
7027.66338538
7032.38124521
7035.71004582
7039.84355987
7043.99120148
7046.53315893
7050.65474087
7055.75712547
7060.01995514
7061.73484737
7062.14654696
7061.64584443
7059.92767645
7057.31600118
7053.4186272
7049.1434542
7043.54838222
7038.4708376
7035.26650172
7034.14312011
7034.94285022
7035.50887965
7037.59801635
7039.43294755
7041.79393004
7041.52435637
7040.90190032
7037.47528708
7032.08948004
7025.78684513
7017.02664177
7008.37096285
6997.62000694
6986.54554589
6976.76343264
6968.67919861
6963.55770312
6961.35232593
6960.95638481
6962.06917946
6962.11950759
6961.67963651
6961.86218664
6961.5444315
6959.77569145
6957.6886596
6955.02845438
6952.06226583
6948.61334261
6946.60326311
6944.99053957
6945.08817098
6946.05936941
6947.31071452
6950.1194508
6952.57393865
6955.30410562
6959.14659329
6963.47410169
6967.92715512
6970.42079171
6971.61523628
6969.16964872
6966.42216208
6961.78225823
6955.58095564
6950.41318839
6944.41140712
6937.19906736
6931.15511946
6922.89149955
6914.84800335
6909.99598396
6907.93246784
6909.00893646
6913.48382592
6918.24865449
6924.1911934
6931.16360158
6937.93367965
6945.55229658
6955.88314746
6965.04310436
6974.83038912
6983.84696556
6991.46525491
6999.04103612
7004.68461715
7007.36635871
7007.27240032
7006.87674495
7003.84992707
7000.69675568
6999.46024904
6998.64009077
6999.63400341
6999.87314044
7000.88302761
7003.59241794
7010.00785031
7018.1290934
7025.16937242
7032.65218494
7040.51161859
7047.06103628
7051.57039087
7056.26739738
7061.61531718
7065.92551287
7066.37122455
7064.10670257
7060.43444261
7058.42089917
7056.96164123
7055.46007728
7053.49424834
7050.64317816
7048.1072913
7046.29900523
7045.86756748
7047.29999908
7048.48088759
7049.21439171
7047.80987372
7048.74181188
7052.0024071
7053.87523947
7057.20093857
7060.12707928
7065.85142507
7073.27100856
7080.91982515
7090.25983703
7093.8532698
7097.51605098
7100.15499168
7100.57811459
7098.27658355
7092.20131387
7086.26334708
7081.01489172
7069.72810604
7057.2747894
7041.26877783
7032.21271113
7024.92442963
7014.49204431
7003.52688194
6994.91127874
6989.23333714
6982.8202675
6977.02439875
6975.81795238
6979.56308742
6984.60832056
6980.81323374
6975.01937924
6965.79677179
6962.71639184
6962.5457111
6967.25326276
6965.20689208
6968.34022076
6969.24779289
6966.60797401
6951.12567192
6945.39034189
6946.42591934
6939.22577654
6946.42846328
6965.89556715
6978.75130672
6973.94261789
6973.86110039
6962.33445283
6940.29561699
6914.97568807
6903.53403587
6900.4622147
6911.09977376
6931.52893182
6945.00811016
6951.54761695
6958.35797984
6956.27631465
6950.75639683
6961.65230836
6984.15491434
7002.55339746
7003.03808364
6995.47891817
6982.11296244
6974.44680526
6956.09103938
6936.71806814
6944.95580263
6965.51109814
6974.15999555
6973.63940152
6972.28181046
6968.53122512
6965.02133802
6958.58850233
6952.88153198
6940.87705641
6946.43284025
6969.59083406
6997.06595143
7010.74196776
7010.05488178
6997.50937008
6978.04614136
6964.79243946
6962.92309194
6969.3238322
6974.44621981
6983.31843306
6992.27166895
7014.14835495
7027.25823033
7014.65519081
6992.19068115
6981.22923363
6979.29392496
6990.00972576
7010.02396423
7029.15368631
7037.04233691
7027.74559287
7006.79098989
6995.42831822
6994.53757093
6995.27122141
7007.29690575
7013.94786485
7014.42830649
7017.11873926
7021.49288185
7027.08077505
7031.8838951
7030.86574884
7024.68109685
7034.78150887
7050.93469241
7082.28316621
7105.05202829
7119.4318927
7120.69173387
7106.97225456
7087.69485171
7075.12069459
7068.9309826
7056.31474249
7049.02586159
7052.47239421
7053.6252576
7051.3223396
7033.82013074
7013.08054269
7013.24109647
7010.10454779
6995.58929715
6997.22990642
7013.22005497
7019.97187943
7019.30546556
7017.17974495
7001.66375835
6976.6930109
6944.80414915
6925.98186706
6915.0738213
6914.08656471
6917.46344922
6928.9764571
6941.64804352
6945.78854119
6942.49274207
6940.58332579
6948.76204792
6953.27071947
6959.61986312
6971.05161835
6980.22727797
6984.19056431
6990.13838624
6961.43536282
6928.8036506
6901.73188313
6902.02760708
6905.45899455
6904.09844137
6899.34204612
6916.01187188
6938.92389836
6951.95801321
6953.0910548
6960.40995415
6966.9555873
6974.9486787
6993.4162872
7008.79422516
7024.79875915
7010.25430552
6980.83146645
6945.61551864
6922.66403674
6906.03726973
6896.74451236
6895.78882847
6912.69987519
6938.16809821
6947.3890399
6945.64827618
6948.37319497
6957.09425655
6959.20274111
6964.75617617
6977.85211216
7006.0331058
7025.64624558
7036.02341005
7046.11724268
7045.6958831
7029.68792002
7018.57696568
7005.26212566
6996.79841988
6990.19614406
6994.77808796
6996.54658407
6997.06462022
6999.47565205
6999.38860759
7003.60398065
7009.61212525
7019.12257392
7029.69019911
7044.14826344
7074.20383187
7104.47229645
7108.0787486
7093.88721219
7074.97704928
7056.15675355
7046.71501905
7032.45640634
7024.69190684
7025.32326317
7045.04980678
7077.61047695
7106.21457259
7107.15442831
7100.94513846
7103.08365541
7098.44601672
7088.52779936
7087.78580617
7093.63867304
7094.16084222
7083.78171926
7070.76631106
7051.50194851
7052.50215478
7064.93365629
7094.17513008
7124.58075816
7137.81521674
7134.55012607
7126.60509765
7110.5339613
7087.01105543
7066.81407865
7066.41778208
7072.66687583
7073.86754433
7088.53623269
7108.79586
7117.23553429
7105.23916447
7088.93636259
7069.66510004
7051.66908865
7026.62630945
7004.98163745
7003.31487791
6998.99215072
6985.97809464
6982.99611277
6993.97113028
7003.3172267
7009.78707841
7014.35364717
7018.28261476
7029.12910422
7027.44260651
7018.80176606
7015.40518521
7005.9696398
6998.5934496
6987.48101768
6974.57704786
6965.88281261
6958.63224411
6952.35161948
6954.2617606
6959.4867978
6968.24452692
6979.77065873
6986.42844116
6982.14588726
6988.0614465
6991.89319388
6995.1991339
6992.27293744
6990.1156302
6979.16649812
6981.31913566
6984.03813719
6982.07996793
6969.83491957
6965.91396016
6955.06370707
6933.78617047
6917.00372846
6910.8043983
6916.76097416
6932.02913253
6953.05536302
6970.8342616
6998.10829645
7025.25653536
7042.78200905
7046.78857019
7046.85974467
7033.38997541
7024.71936741
7008.00044019
6994.2656206
6986.63505762
6992.72467092
6995.2389378
6993.53298072
6999.55938591
6997.07050961
6983.7010551
6982.33893373
6992.805136
7022.72432153
7050.27165883
7069.64154249
7075.14759759
7079.85039592
7074.55057395
7076.88256252
7077.79677676
7073.99041996
7065.93798862
7055.24196083
7057.45115044
7071.2173197
7077.15542589
7068.18843182
7055.88898503
7043.41139993
7043.28388946
7042.06750431
7043.16251927
7052.16159482
7069.50681838
7089.63974371
7108.78610244
7113.27389977
7098.60562262
7079.5832477
7064.93031084
7072.92238467
7093.25310979
7110.59788032
7117.75951559
7116.46426143
7106.9352455
7089.88793437
7078.87373326
7079.67308701
7097.30960876
7131.56451996
7170.22858948
7201.93155566
7207.34896327
7185.99766644
7153.91261489
7122.10985669
7101.07058591
7095.7911224
7094.95545657
7100.97671116
7111.80363669
7124.09260107
7136.00051159
7139.23654562
7117.84683883
7079.79435961
7057.44213863
7046.44455326
7053.53440072
7075.40227006
7098.34279561
7107.36303113
7095.75313759
7077.27453789
7066.86669981
7063.05288544
7041.22584454
7015.7684803
7001.29184175
7016.1208051
7038.53286784
7049.58418255
7054.75938646
7039.2363535
7012.04929342
7000.81103769
7006.09892058
7012.9598416
7029.9317616
7048.65891438
7065.89059473
7078.22387936
7087.32782784
7086.3437773
7073.18806925
7050.75194017
7036.0564882
7022.14637393
7010.1386923
7005.55274779
7003.98728572
7003.81376135
7006.48472777
7003.98075512
7015.47308393
7042.92108921
7063.65903938
7076.24818134
7073.08986632
7080.40546203
7068.07447739
7048.96535771
7034.85227213
7037.41249715
7044.20889277
7051.8789251
7042.87047532
7054.11871862
7065.45617395
7069.3378034
7044.33104356
7011.2783551
6981.82054213
6975.83046994
6999.2295523
7036.16495051
7068.18996516
7093.32580366
7108.28004022
7108.71319948
7100.20725738
7102.79991236
7105.3688704
7092.9425404
7063.57742431
7036.75240478
7037.98441597
7062.36894976
7079.5090205
7080.21135616
7070.55080825
7064.34471749
7064.05582384
7079.75832631
7101.51330759
7112.14493544
7119.99922547
7138.88331477
7154.42217589
7149.35235369
7136.76217325
7123.58317249
7111.36439986
7104.83407912
7102.84500626
7101.60543992
7100.13526048
7100.94081725
7095.10655945
7087.03105844
7078.14365823
7074.288653
7087.19644918
7107.53470854
7124.3910432
7135.65412496
7133.67466331
7125.75716516
7127.70825321
7133.66337241
7143.58270491
7145.4244455
7137.0877902
7119.86679439
7105.77930848
7089.01463221
7083.59667399
7089.80659808
7094.86687181
7086.53767408
7079.59969617
7084.52148216
7088.4730873
7081.99315741
7065.55591021
7057.52732915
7048.57904871
7032.59823257
7022.41682578
7016.0476373
7010.04649724
7011.16891703
7027.40625261
7047.49236252
7054.01642448
7036.93122611
7020.774035
7014.00334358
6988.61076261
6966.54691256
6968.91586837
6994.95645627
7010.89906457
7014.63992719
7017.32936329
7020.12640443
7015.0649807
7007.90772938
7004.013896
7001.03840988
6991.31183112
6979.29805799
6972.16085149
6978.43921097
6992.31817769
6993.92577154
6995.4076043
7010.42221929
7026.99715968
7038.89997535
7042.20224236
7045.48797725
7048.61463594
7053.98106724
7054.60081905
7038.73220098
7024.2630409
7010.43151685
7003.37729148
7003.04536
7019.59821344
7036.0914621
7029.93735129
7023.83275315
7026.11386996
7025.34010891
7021.15291431
7030.97948721
7045.76765697
7047.48112041
7048.29031536
7054.66906625
7067.90371999
7070.47253863
7064.91184116
7076.57171435
7087.60103968
7096.37434606
7107.42737531
7114.06690413
7111.80600639
7106.17255232
7097.82982642
7093.89669096
7083.36012271
7061.07892984
7059.26855286
7078.18742789
7089.11443817
7095.50418027
7096.5352762
7088.39091465
7083.3558712
7085.12331489
7093.39759146
7099.23052502
7110.95933542
7113.39348571
7124.97320746
7129.13195876
7114.5374976
7100.96925359
7095.38067736
7095.77467393
7120.49580891
7155.0651298
7175.62321318
7165.86397445
7145.92201167
7131.30252932
7118.34120591
7110.19962527
7102.69216096
7099.47209448
7099.0310525
7097.01716057
7102.15145241
7113.48487228
7133.44808566
7145.75188153
7134.21781125
7121.05937804
7116.80355988
7110.78118317
7109.3579655
7104.61440146
7098.26668659
7099.07126761
7096.39246726
7074.04924414
7047.99955383
7035.17593059
7037.77525557
7047.87110244
7051.83872393
7053.63809577
7051.28374146
7040.75495138
7033.43459537
7036.38202151
7037.90671786
7032.54435686
7028.1545464
7027.9714178
7023.43152901
7012.61710012
6993.81452135
6976.63053459
6958.18428819
6946.17720596
6951.66593441
6961.69570862
6968.68541557
6977.79451464
6988.07317648
7001.72532859
7006.60758947
7008.4573661
7009.54589228
7010.09286659
7015.36790434
7029.8347923
7043.99566905
7045.76943424
7036.79891352
7028.1443846
7008.0372541
6979.12216392
6960.35428026
6955.92387136
6961.80101367
6977.89935272
6993.82165831
7003.14362566
7012.91283104
7015.86522657
7000.06955328
6972.43723454
6961.34182958
6974.22990154
6987.24976337
7007.70404019
7024.93898932
7036.18717686
7027.56843729
7002.20120508
6973.22837103
6957.61510149
6945.00732955
6940.16692863
6946.67156607
6959.91180252
6972.59361348
6980.21616131
6983.33528577
6996.57342435
7004.75030647
7006.84383408
7001.52756364
6993.37273361
6990.81976404
7002.17725723
7008.13009734
7001.25080422
6985.30986167
6974.60758904
6978.5237324
6985.63875437
6989.96454126
7005.05882677
7017.89031879
7024.56275848
7027.65648539
7023.68574845
7019.78527992
7022.43186637
7023.83649587
7030.7332411
7041.04995745
7045.44049275
7032.62486375
7013.1675523
6989.73054089
6970.78322256
6968.011802
6965.91202259
6967.97420052
6979.05253672
6990.56498702
7009.64693885
7019.75350511
7025.72289823
7029.40036455
7027.28860424
7012.3139883
7016.30695855
7032.24211626
7044.34976415
7065.17118333
7091.16352703
7112.26565744
7117.41570078
7092.23421081
7053.71876296
7014.24873243
6984.69647319
6966.09690755
6970.02598665
6990.21337313
6994.76107495
6994.30012753
6990.54307432
6991.63595656
6995.3293765
6990.39376962
6983.86036827
6977.08978141
6975.08974523
6969.27775558
6962.42071668
6942.57432229
6934.5818721
6924.29965571
6912.06988491
6902.95171827
6901.90215266
6910.61538031
6919.11311908
6909.3136513
6900.18238165
6898.05739286
6899.79131234
6908.10273736
6930.5446931
6946.95976275
6963.23057375
6980.82469191
6982.93127375
6968.13791157
6950.77264318
6930.59164094
6922.50627084
6917.99837292
6898.93989501
6900.20189678
6912.27068168
6916.70744694
6908.79008819
6910.08888992
6915.27245747
6937.90780817
6965.48329604
6990.57466095
6996.61324219
6999.32619402
7003.87206978
7003.72921204
6981.57775995
6959.67251913
6950.68536872
6946.95095306
6941.19251852
6927.81941189
6925.81009905
6935.59274897
6946.56570345
6937.48140253
6944.43371709
6963.33412244
6984.08353078
6991.27342116
7005.89796351
7027.28440152
7041.44773856
7037.62213845
7032.30815407
7031.56209057
7028.11148069
7017.65684114
7009.06710943
7015.14315972
7034.40062925
7042.83343142
7038.55123995
7032.65267978
7024.47613917
7022.19804721
7037.62028451
7052.13000122
7053.28878187
7052.31988345
7042.7738336
7032.73467122
7018.05241984
7001.11564799
6990.17044681
6974.33769477
6959.27220801
6965.07875433
6989.43636421
7007.25405609
7019.31989978
7029.47482175
7043.07615785
7052.50033569
7061.78537762
7067.93696541
7084.45993979
7093.90296369
7109.69126305
7125.3832413
7138.07595285
7130.25994036
7111.12876161
7084.4237671
7056.46904445
7028.38196042
7015.33332771
7023.09186813
7036.62444127
7056.17932141
7062.60745256
7062.52172537
7043.31920487
7026.25209285
7015.14473487
7035.45865607
7066.26521557
7091.79163549
7102.10649094
7098.03745349
7081.26663693
7055.20636662
7025.19904936
7003.05426029
6992.33243071
6976.13278024
6967.2917006
6974.66649686
6987.13532803
6982.43187455
6973.24327222
6965.70853552
6955.03353528
6960.98477933
6973.07788845
6981.4875164
6981.7652934
6976.79848321
6970.9325412
6960.3073394
6941.48003217
6930.29786153
6932.43230122
6929.08822305
6923.50803832
6927.04022146
6918.81167302
6888.87747477
6872.27268319
6865.99966947
6868.11867826
6878.09947646
6897.12394228
6932.61564588
6974.36519716
6998.04057197
7003.8267877
6990.02185302
6970.08722235
6951.45775674
6931.16673794
6919.39159305
6919.32165918
6930.13364867
6937.0435457
6932.87070866
6922.83570718
6916.28417767
6909.27287862
6890.06929176
6880.78127378
6885.02762711
6908.24896146
6935.69937825
6949.89695042
6949.95966369
6947.60148999
6938.03370168
6930.26975277
6927.61322755
6921.11689102
6913.60774701
6914.11040105
6917.70940958
6915.3436877
6918.85206934
6934.166611
6935.65769254
6929.99613668
6936.79886079
6951.62941323
6965.55477022
6977.99936777
6983.64105304
6979.85446228
6978.89364172
6985.56486172
6978.7942191
6967.27827001
6967.8808485
6961.23757696
6957.19816766
6963.50506105
6957.80570857
6946.74327721
6947.8730779
6949.16848539
6944.38351442
6956.79471322
6981.63447929
7012.56756654
7027.7693177
7029.73866633
7024.56285606
7015.93531377
6989.79468991
6970.34780512
6969.7685263
6986.30608825
7001.41028466
7000.34876603
7006.8591674
7023.52559194
7022.55483958
7006.45265326
6996.76131325
6987.44567438
6986.24876952
7012.888005
7051.7315301
7075.01189773
7081.84240302
7068.96164923
7042.67243855
7011.98474712
6998.73787552
6998.37448285
6989.5319326
6973.5858534
6962.34495615
6961.280566
6966.63124581
6963.49537318
6960.62052242
6954.23953426
6946.17977777
6941.57371177
6956.14597447
6971.11417132
6982.17072027
6998.60299111
6996.72714086
6981.3106884
6962.2059875
6927.98045355
6895.15340183
6894.17290584
6899.7968184
6906.80519018
6905.99384856
6908.30597352
6902.2293796
6897.8476052
6891.83527181
6888.50215696
6899.02269493
6911.45014008
6940.78964256
6973.31919306
6986.8152938
6974.95967687
6957.79118374
6937.51258492
6935.47850181
6934.65467748
6952.5311796
6971.44633281
6981.63565716
6983.31668367
6982.97624219
6964.70578531
6953.58036886
6950.19972072
6944.72865347
6938.13320794
6941.86574875
6951.71162769
6954.52529155
6951.38214954
6940.58214095
6935.35521496
6933.06540695
6941.75615038
6960.46576743
6976.90792826
6977.58505455
6968.55604418
6963.8953149
6970.96786359
6984.92799933
6986.77332233
6980.52274404
6985.79033119
6996.73663358
6996.2600183
6997.48710192
6999.87541256
6995.72786853
6983.17616775
6974.56816847
6974.78807613
6979.96489005
6983.45918595
6984.79176977
6978.87976507
6979.44674935
6980.96483844
6987.90624544
6981.62667323
6983.25944857
6985.41799641
7000.57194247
7019.98760305
7029.63580068
7033.77703714
7042.78028057
7038.72696674
7026.63553732
7011.32758899
7003.64916515
7007.84301581
7025.068291
7058.38326284
7081.82449092
7088.49796909
7085.52490843
7090.48119438
7077.47512557
7046.90350735
7028.87338629
7025.34648618
7027.80155251
7035.23962659
7033.33934061
7029.68082488
7021.6567532
7020.85933703
7016.19077382
7030.31646757
7059.0540955
7084.86926969
7112.98318006
7120.91817212
7102.80033055
7075.23987629
7060.08031266
7042.45713786
7045.61380803
7048.47763275
7052.45145726
7051.63931413
7065.06705616
7064.09129956
7049.18461022
7025.02197741
6996.52131895
6981.70072619
6974.44971162
6971.52004425
6975.44548517
6981.55902542
6985.10396309
6981.70015468
6972.38726884
6959.55379046
6948.34710045
6939.80506233
6940.98068176
6945.89277988
6955.90700471
6968.83490845
6980.6293106
6988.4880891
6991.93190353
6988.73975067
6980.39845355
6969.98222397
6960.23067281
6953.9739124
6950.92594848
6950.33025605
6953.91141519
6959.35122339
6964.80382097
6966.6984824
6967.02359753
6966.5667692
6963.91896306
6959.44035875
6955.0292071
6951.97233592
6949.5466538
6949.79149901
6951.14158372
6952.04755978
6952.47473208
6955.37103555
6959.59780405
6962.30588407
6964.71046197
6967.74802711
6968.57824962
6969.71489454
6971.37062804
6974.22957396
6975.15843152
6975.53228569
6976.56290072
6977.3756293
6977.19560918
6976.4585784
6975.3764713
6973.25613827
6972.24312868
6973.66970574
6977.36857598
6981.81841638
6985.62873893
6989.62720129
6994.76484555
7002.38217308
7008.98002315
7020.07318388
7030.67933751
7038.46547094
7043.75911777
7047.31749997
7049.11282938
7049.81741626
7049.2845277
7050.15798319
7051.93563747
7052.94661888
7053.3380994
7051.10147012
7048.48261608
7046.96682698
7044.88448573
7045.14385578
7046.63353641
7049.18749567
7052.0829349
7055.05165345
7059.27120135
7063.97616028
7068.6701071
7074.48589522
7078.12316734
7080.38497114
7083.56705281
7085.62799014
7087.59797302
7090.37846115
7093.03356455
7096.33280671
7099.16668266
7100.74503866
7103.83094558
7108.8418042
7114.97157686
7122.83079445
7132.51184023
7142.03606101
7148.81059969
7152.37071734
7155.87090263
7156.42260935
7154.46329009
7151.83585636
7147.15975891
7140.09158719
7133.30324853
7125.57937534
7117.84419732
7111.09209407
7105.3681804
7101.5018076
7099.59936102
7100.27528156
7102.53917626
7106.06556061
7108.8155215
7111.69679832
7113.66078726
7113.03050425
7110.0924384
7104.50992581
7097.83839914
7091.29532387
7082.69911731
7073.98094118
7064.11353287
7054.21746519
7044.02675386
7035.61490258
7028.19102576
7022.36941098
7020.16741409
7021.25863057
7023.78863501
7025.95813224
7029.34890036
7033.1720332
7037.80084827
7041.1804161
7043.84569526
7044.36044868
7043.43965506
7041.26495844
7038.63130774
7035.73331761
7033.06691634
7030.66644359
7029.0147316
7027.92779451
7025.55738203
7025.65585678
7026.52713076
7027.98380991
7031.07041379
7034.49009916
7038.44134884
7042.04129827
7043.94692304
7045.33468589
7045.10445612
7044.39504622
7044.72529801
7044.48670462
7043.59254218
7042.90985407
7044.33738598
7046.23603408
7049.59333375
7054.15360192
7059.3621558
7064.00459661
7070.30422062
7077.49596494
7084.32591266
7088.52626603
7091.77999611
7094.30560268
7093.62187609
7091.61195689
7088.44423278
7084.87749392
7080.23317129
7075.74441215
7072.30243074
7068.74301006
7067.22326915
7067.64186873
7070.50404163
7073.66995362
7078.79525455
7085.40997824
7090.68589417
7095.87677989
7099.17957659
7100.26969883
7101.62364475
7102.97840612
7104.10902924
7102.11465244
7097.99026869
7092.65127706
7088.76184155
7085.02106954
7081.90561811
7080.9501433
7081.82616364
7085.96985344
7090.9438424
7096.49750048
7101.75090432
7106.51795622
7112.26684229
7118.91055989
7125.434817
7130.93424393
7134.61215631
7137.72580259
7138.76575003
7137.12062441
7133.59019066
7130.05000633
7125.71283794
7120.39287356
7113.7138266
7107.67333567
7102.83684475
7098.4217622
7095.10858066
7092.60451044
7090.0961887
7087.18390374
7084.72792438
7082.30059044
7080.33067726
7076.75759598
7074.23770456
7071.31252567
7066.5141032
7060.41576384
7053.56807129
7044.56372666
7034.20098248
7024.9706108
7017.53253672
7011.51131699
7007.12630864
7004.55001849
7003.40926145
7002.33093889
7000.58346337
6999.31431767
6998.35231924
6998.54079359
7000.12414686
7003.35799241
7006.44522357
7006.85689528
7006.71221148
7003.96246666
7001.18606277
6997.28493212
6994.15298344
6991.71781557
6989.14874602
6987.68216991
6986.84237105
6987.9507957
6989.59847223
6991.36246592
6992.6991758
6994.19774278
6996.49541261
6998.29488899
6999.05979853
7000.63337332
7002.75642453
7005.2312569
7006.52946621
7006.06418365
7004.19344915
7000.92663696
6998.54022905
6998.78443305
6999.6074001
6999.47918568
7000.41798899
7002.35348584
7004.13581679
7003.41947205
7002.12006395
7001.21368365
7001.72677132
7003.46057928
7006.6312655
7009.25163894
7010.67156692
7011.60041053
7012.920888
7012.84052747
7012.67236279
7014.63476265
7018.15671428
7022.80461236
7026.07079727
7029.02497008
7032.1088976
7035.56492293
7037.59181333
7038.769677
7039.769486
7039.63564704
7041.38266257
7043.1458199
7044.28731572
7046.58889554
7048.57525719
7051.24015301
7053.72251265
7055.23184084
7058.40570524
7062.35222251
7069.39258517
7075.99232402
7084.22645518
7090.87351823
7096.20170684
7098.81401635
7100.85628188
7101.28267358
7100.20369587
7097.93102632
7095.21403207
7092.58436803
7090.53228221
7088.12167553
7086.436056
7084.44140042
7083.89309491
7084.98510594
7089.05108369
7092.24424716
7096.40145816
7102.16733633
7106.66704486
7109.21899685
7110.3480936
7109.37580791
7107.3399057
7103.31525821
7098.47208336
7093.39536116
7086.5261044
7078.63773956
7069.90715738
7061.49104761
7053.48456047
7046.62985641
7041.23339969
7036.60309311
7032.56147442
7030.42122202
7028.93081654
7028.05875498
7025.97184162
7023.96281453
7021.79554064
7020.17478105
7018.19722909
7015.96016769
7013.84867222
7011.89943811
7009.96847853
7006.25303437
7001.37664197
6996.81757259
6991.88136631
6988.00705504
6985.49690724
6983.64121334
6982.92065891
6982.80101721
6984.48965461
6984.89358997
6985.8170948
6986.53099318
6988.58034689
6991.70676164
6995.40800854
6999.19257112
7002.43099576
7004.90469208
7006.82420046
7005.89488987
7003.85272192
7001.68224197
6998.65506166
6995.92998954
6994.44190496
6993.24511859
6991.55867664
6989.07633791
6986.04813306
6983.98575997
6982.82265113
6982.28659136
6982.44954968
6982.29135863
6982.20286448
6985.27427444
6989.4782172
6991.76930764
6993.6410597
6994.9676705
6997.102842
7000.5938273
7004.29078784
7008.26882902
7013.8867337
7019.380097
7024.82586428
7029.4137812
7032.00019832
7033.8785925
7036.41909329
7038.55905994
7041.55812451
7043.48136865
7045.02651408
7045.96308011
7047.30023605
7047.68013294
7049.01653615
7049.92052585
7051.91832476
7052.77959026
7054.17478978
7055.7517379
7056.80417503
7058.64476561
7059.90216738
7061.15085704
7061.97565016
7063.08801268
7063.56174251
7062.99921883
7063.26343978
7063.78505138
7063.70873327
7064.67793836
7066.79804837
7070.62482636
7073.79248077
7078.03409471
7084.33511265
7091.46789339
7098.54491662
7105.45787334
7111.22326364
7114.9017336
7118.38700375
7119.683157
7119.52375322
7117.80320857
7115.48216938
7113.76943079
7111.23699393
7105.57697837
7098.79059819
7092.35457735
7085.5389872
7080.6691951
7077.05450478
7074.58667694
7074.85772818
7075.19108846
7074.52569215
7072.46614876
7069.96828156
7066.57829404
7063.99734814
7061.09537831
7058.08548981
7054.39694865
7048.71546645
7041.74852948
7035.18449634
7026.90632371
7019.28530224
7012.74764242
7004.79972158
6996.02029581
6987.38103748
6979.06271246
6970.29139942
6963.26188857
6958.4385146
6954.35072869
6952.83393597
6952.89299015
6954.21679216
6956.36144941
6959.94909734
6964.77524524
6970.50688829
6975.19185815
6980.69442841
6986.29672099
6992.45533422
6997.72176441
7001.77554521
7003.91734488
7003.26280039
6999.99436426
6995.01139833
6990.00686819
6985.74450548
6982.79857782
6982.48745086
6982.87401774
6983.45448141
6983.39358722
6982.91322225
6982.17582208
6981.88327631
6984.28265482
6989.20817656
6996.32179066
7004.00126692
7011.52007789
7018.02165563
7021.83185273
7023.88170128
7025.07717736
7025.99773401
7027.74109045
7030.63485695
7033.40960206
7034.45006526
7035.52707752
7036.16127749
7036.67323607
7035.70465128
7035.25501567
7035.13212609
7036.94605761
7038.43948794
7041.69911437
7047.6712187
7052.36343704
7056.48180595
7058.89860172
7058.23376299
7057.23776641
7056.15471143
7056.20001442
7056.66679547
7058.64776258
7060.61488788
7063.04974908
7063.59233945
7063.62133336
7064.51185065
7067.09830261
7071.51618001
7077.33559237
7083.42856507
7088.51406907
7092.22591688
7094.45907525
7094.82533246
7093.13734324
7089.73752846
7086.40727118
7082.26657835
7079.45500541
7077.27858031
7074.90087057
7071.87888268
7067.45556892
7063.92716336
7059.93262493
7057.41708956
7056.07536151
7057.95165782
7059.53068291
7062.15602574
7064.70916258
7065.64421619
7063.11986417
7059.51841625
7054.64277658
7050.39468083
7046.4681596
7042.54177777
7038.27374174
7032.14842271
7026.02189793
7019.51245838
7012.20963811
7003.32411275
6996.04355367
6989.57476135
6985.70815158
6983.11434659
6981.93666414
6979.62503402
6976.53684802
6972.5183478
6966.66882637
6959.8215311
6952.62898526
6947.40689624
6942.21432386
6938.09166162
6934.97438413
6931.50681002
6926.14371023
6920.73127898
6915.84912962
6913.80045894
6914.23376457
6918.0954607
6923.65256878
6928.67748527
6932.14121211
6933.22736163
6934.23220972
6934.21953185
6933.5961349
6933.98953905
6933.36767543
6932.31481315
6930.85830128
6928.69562041
6927.06382083
6926.67057001
6926.84856195
6928.80832726
6931.05028836
6934.05244748
6938.61807533
6943.22541679
6947.91184331
6953.46121504
6958.62291169
6961.25577482
6960.70462567
6957.43058592
6953.23544587
6949.80479021
6946.24241438
6942.55427746
6938.57753265
6935.24203416
6932.98272551
6931.29794235
6932.4438012
6936.08049484
6942.0417613
6949.31915615
6956.24876346
6963.05849908
6969.3481843
6975.92867287
6983.28387036
6991.3312208
6997.5457658
7001.84625271
7004.14790223
7004.14897556
7000.85165007
6996.6850509
6993.37023846
6990.96556299
6989.39194638
6988.72428492
6988.21259816
6987.2626573
6986.47439233
6986.65571578
6987.34759691
6988.66486832
6989.54211532
6991.73235434
6994.17673614
6996.68270212
7000.17361075
7003.29154339
7006.864318
7008.13807066
7009.23025593
7009.03732097
7009.96911277
7011.7991373
7016.41942147
7024.96879868
7034.05765777
7042.43919788
7049.65175369
7055.68628554
7061.12325707
7064.92863811
7068.62145866
7072.23294293
7074.51028914
7074.99168563
7074.56263151
7070.13987533
7061.76690794
7051.97748349
7041.17891065
7030.66916177
7021.43149979
7013.95714151
7008.52242119
7004.83093882
7002.72132517
7002.78562753
7003.92738821
7003.81833347
7003.96706665
7004.91148056
7006.53056045
7008.81276453
7009.23224926
7007.49475434
7003.88658764
6998.30187959
6991.77448612
6984.84613335
6977.30609271
6970.79918315
6966.1151542
6961.51448971
6956.67067364
6951.73071768
6948.42442219
6945.46466667
6944.12231831
6942.56961078
6941.56525057
6940.56748369
6940.49621164
6939.86748287
6936.93072732
6933.84226253
6931.83883908
6930.38751962
6930.21766131
6930.29695547
6930.05482147
6931.96984138
6934.69871198
6937.47092709
6939.5510241
6939.89594709
6939.61395343
6939.27753346
6937.92055573
6934.46808494
6931.46538218
6928.11731735
6925.42535125
6922.62837981
6920.53573736
6919.60644768
6918.68405103
6919.12413816
6921.44086312
6924.72814528
6931.37439288
6941.12956131
6952.76668543
6963.44283566
6972.07406491
6978.54382601
6984.11816317
6987.71733896
6990.16372106
6991.63112656
6993.46151352
6992.69978216
6991.70046104
6987.60416514
6979.8005587
6968.95901075
6959.46133055
6953.28067219
6950.29107942
6949.36734458
6949.70672667
6953.06958119
6956.30799189
6960.11916474
6963.93653365
6968.49845364
6974.76966918
6984.1724919
6994.68753078
7004.84707365
7013.89247673
7020.55086552
7024.73513982
7026.88544252
7026.9733094
7026.36797789
7026.84440499
7027.87200214
7030.64220301
7033.54853586
7036.54518892
7037.99967262
7037.59807908
7036.12203116
7034.85308061
7034.46289646
7036.22783803
7038.84853904
7043.34664454
7046.55995739
7047.82492128
7045.86930293
7041.78546186
7036.6309649
7032.64760585
7030.800178
7028.8207024
7028.2287039
7028.80728575
7029.23039472
7027.88117425
7024.24034062
7020.70155022
7017.25395124
7014.34103203
7012.9006062
7012.15398513
7010.68245357
7008.29684717
7005.20839632
6999.08545396
6991.25157815
6982.14617999
6975.37405979
6969.51818201
6965.03020347
6963.23462314
6962.26997623
6960.49119982
6959.10527
6957.15574316
6954.83927608
6952.33710161
6950.54068493
6950.00585879
6950.80351891
6950.27516065
6949.84739592
6948.28564173
6945.30379925
6942.04458403
6940.16184076
6937.83401309
6936.82989682
6936.76523204
6937.15018892
6939.61991948
6941.03592352
6940.52682252
6939.91508585
6937.17898071
6934.98531957
6933.73366779
6932.22831233
6930.98284267
6930.39583447
6930.54932795
6930.63584271
6930.95837905
6931.4504322
6932.26313987
6934.01686721
6936.46756354
6940.91753637
6946.87109435
6953.37267209
6959.22132231
6963.88874946
6966.6842503
6968.98852739
6970.53807766
6971.62723111
6972.55236685
6973.79893076
6976.0161843
6979.23013139
6982.27468713
6985.07048767
6987.69205293
6990.44814714
6993.66469392
6997.45153559
7002.10855002
7007.04663115
7011.94153504
7016.27158041
7019.66434186
7022.4111873
7025.08246735
7026.21934925
7026.26957283
7027.37220567
7030.09621143
7031.11677617
7032.55719503
7032.5143175
7032.33561465
7032.67140037
7034.58216179
7037.88911243
7041.6293199
7045.21164995
7050.04548542
7056.54493044
7059.8229917
7063.32874577
7067.24599034
7070.25612976
7073.50045075
7076.77543839
7079.0100604
7080.15671379
7081.96437259
7083.61333155
7085.35540557
7085.86586566
7086.94595852
7089.23355017
7092.44267424
7097.54602065
7103.65614575
7109.37971791
7113.81153469
7118.96840832
7123.24103738
7125.90526411
7127.59298848
7128.44313733
7128.2429748
7127.18149101
7124.36001414
7120.61143607
7115.9027135
7110.33171483
7105.69275886
7099.76928206
7094.41251772
7089.13074725
7083.6099164
7077.83741005
7070.65368087
7062.3614922
7053.59645884
7045.3720504
7038.02599017
7032.67082886
7028.33669228
7026.16023234
7024.39191744
7021.94028716
7019.39221729
7014.79685673
7009.02921523
7004.61238328
6999.2793577
6997.93070178
6996.83799378
6996.51561774
6995.8056433
6993.54558889
6988.4365343
6983.92004973
6979.39542456
6976.84931316
6975.01213076
6974.43171588
6975.82363964
6978.82409119
6980.4909274
6980.07922781
6979.57828831
6977.61833482
6976.88193131
6976.68098121
6976.82330228
6977.82875673
6978.77129579
6979.62111009
6980.09651264
6978.21609028
6975.94753285
6973.67731664
6971.06308349
6968.57318962
6966.81765713
6965.56072233
6964.8713712
6965.24374083
6965.10960218
6966.03142731
6966.80800411
6971.04270412
6976.71301391
6982.14979029
6987.60833998
6994.58835906
7001.9010972
7008.24730661
7013.21951134
7015.88370322
7018.17840396
7019.27192044
7019.54088774
7019.54964167
7017.95420297
7015.40821703
7012.80234751
7010.88517398
7009.10964545
7007.41615714
7006.76873567
7008.66872892
7012.88190652
7019.55618621
7026.97655728
7034.05271626
7040.21965131
7044.8710412
7048.3053211
7051.16675521
7052.7301891
7054.31862327
7056.14501659
7057.99136414
7059.91331889
7059.53639805
7057.61300755
7054.63729841
7052.74235818
7051.7671034
7051.83390091
7053.81094408
7057.66795659
7060.87172096
7065.03987437
7069.06926125
7072.37331249
7075.25053991
7079.90197163
7086.15197144
7092.9921646
7099.35862793
7105.22153812
7109.9306719
7112.31326043
7111.98595681
7110.38363902
7106.38839665
7102.60782074
7098.10066858
7092.85834655
7086.67971636
7078.51263362
7067.79039283
7056.48602959
7045.63132287
7036.81667229
7029.76990448
7024.37629139
7019.9015692
7016.10813421
7011.40703648
7007.08814262
7004.34088597
7001.96620805
7001.17169823
7000.91892152
7000.66742722
6998.61332716
6997.07839233
6996.52369561
6996.41344905
6995.47670878
6993.7801329
6990.35781299
6986.00166613
6980.08122811
6974.01425236
6968.02855017
6963.81096772
6961.60815537
6959.89239194
6959.02280463
6958.2989605
6955.72963307
6952.96548887
6952.68544672
6954.58020574
6957.92909996
6962.60895407
6966.17840414
6970.36828207
6973.61566276
6975.04978799
6974.07439382
6971.52493697
6967.62816238
6964.12224104
6961.63813201
6959.6611655
6958.48332274
6956.65033609
6954.88500422
6953.36147877
6952.00862709
6951.67609622
6954.25831757
6958.92215533
6963.79387107
6970.36313147
6977.0355154
6981.2510627
6982.7066964
6982.46027604
6981.95502927
6981.78955489
6981.52011364
6981.35093836
6980.69314599
6978.32965441
6975.42066611
6971.93746595
6968.79693061
6967.28518394
6968.26341478
6970.85659946
6975.74680578
6981.75023887
6987.95593236
6994.17422008
6998.67532952
7002.73225364
7004.81237853
7005.49041089
7006.16233779
7004.74484224
7002.04432433
6999.03470764
6995.39040311
6990.39719871
6985.56906444
6981.96420835
6980.85911521
6981.40239558
6983.29948944
6988.07543466
6995.11213126
7003.89307642
7013.06243543
7021.61814112
7028.03337834
7033.92788911
7038.76647094
7042.28780227
7042.83486718
7042.93871556
7043.86058949
7044.64324385
7045.2505687
7043.79404288
7041.37962378
7039.35494975
7039.17282478
7039.96356399
7039.72851119
7039.45980873
7038.62785078
7037.21707401
7035.06672949
7031.93137263
7027.48588828
7023.17795077
7019.27557255
7015.25846627
7011.96479987
7008.69485132
7004.47416736
7001.66950834
6998.93623986
6999.21271353
6998.90556626
6998.95894014
6999.54303501
6999.55436076
6997.69229656
6995.68161069
6993.19382167
6987.3302842
6978.57902295
6972.15095453
6966.68029848
6958.84739844
6951.19078973
6943.97914694
6935.97101495
6927.24618277
6922.23069627
6919.87358893
6919.06909852
6921.82833606
6927.48409313
6934.24724334
6940.08244902
6946.1058433
6950.74452745
6954.12715498
6957.55118943
6960.03005029
6961.87088481
6962.77035118
6960.10095991
6955.96895829
6948.74509066
6940.98547691
6933.2395795
6926.71622148
6922.43821182
6920.84294735
6921.64795352
6923.66972119
6926.69698513
6929.81024808
6932.31904375
6935.2831414
6939.41756847
6943.85434767
6948.24242965
6950.91834455
6953.48706562
6953.88325067
6953.18351471
6951.49316276
6948.23424026
6944.14281617
6941.16441673
6940.86028036
6942.10689306
6944.14698405
6947.2409758
6951.33789201
6956.5809807
6961.3753747
6965.07361767
6967.03688176
6967.73382288
6969.0060004
6969.8182411
6970.96839329
6970.88721731
6970.88332822
6969.74110754
6966.72344086
6963.46370988
6959.64738643
6955.63560498
6953.64340273
6954.03673022
6957.20766735
6961.60967477
6966.72663995
6970.9549836
6973.94901606
6975.90078714
6978.14557096
6981.47989156
6985.32443529
6989.10388909
6994.01102479
6996.50557442
6997.36760658
6997.04071418
6996.85012104
6996.60637007
6996.79956988
6999.09889849
7005.24313325
7012.90378438
7020.94482725
7030.14445563
7037.7987713
7046.27626313
7054.02510871
7059.73698573
7063.97183907
7067.36210538
7071.03568958
7074.49237704
7076.93093217
7074.55956485
7069.00012192
7061.55767785
7054.7082847
7048.62898653
7042.94195646
7039.5529447
7037.36885295
7035.48430453
7033.5954349
7030.50446102
7025.26910868
7019.0944791
7014.00466783
7011.01101173
7008.00489383
7005.2109751
7001.7637734
6997.41852017
6990.40522779
6983.36592453
6976.37752091
6970.09128568
6965.95890769
6964.51395853
6963.99201238
6962.24004838
6960.23311917
6957.00553937
6953.64943151
6947.92401936
6942.35253281
6937.41763684
6934.28429421
6931.93884019
6929.37295579
6926.91149128
6923.03558395
6919.48068659
6917.21902219
6915.88892655
6915.59696623
6917.18319798
6921.26878844
6926.85383104
6932.96277826
6937.97611113
6944.41823741
6948.4139816
6951.42917404
6954.66634413
6956.83242621
6959.35984489
6961.82319819
6963.62467487
6964.18653643
6963.55398828
6960.72727019
6957.28378333
6953.51723043
6949.33451734
6947.89198667
6948.30537989
6949.59594345
6950.31837272
6951.68026409
6952.5802044
6953.64396031
6953.92909033
6956.05827486
6959.42966028
6963.1735826
6966.32991126
6970.18242831
6971.9034469
6971.31798597
6971.47310339
6970.33932301
6968.28180082
6966.89375221
6968.43958066
6970.89763002
6973.87496311
6975.70173977
6979.23422957
6982.36196159
6985.68056554
6987.90691453
6990.41911838
6993.44337839
6997.10694018
6999.8875677
7003.73313598
7008.73958279
7014.09057622
7020.81242405
7026.19390291
7030.47474923
7033.07334239
7035.65888132
7039.22505564
7043.50583226
7048.88106628
7054.42705771
7059.97388549
7064.42389316
7066.59418493
7067.44155984
7067.12025713
7067.75693832
7069.38673063
7071.22359243
7073.77024745
7074.84344032
7074.55712546
7073.08763602
7071.71070406
7069.78135447
7067.76369892
7066.09954603
7063.8002453
7060.32341545
7056.61924824
7053.60174883
7047.68605717
7042.05859704
7036.11396026
7030.95057694
7027.4741583
7024.26864453
7020.61998394
7017.15012377
7012.07582703
7006.41650147
7000.34022119
6996.11748814
6992.87690289
6990.5927473
6989.30884676
6986.22348349
6981.88793206
6977.86383518
6972.72181396
6967.84078672
6963.98403906
6961.81343365
6959.79572234
6958.00077625
6955.9390165
6953.76125322
6950.70944203
6947.22789369
6944.74271133
6942.53934838
6942.60303044
6944.4921231
6946.4151442
6947.0371751
6946.33654004
6945.73872185
6945.07343706
6944.70994682
6944.14638465
6944.08337169
6945.11849611
6946.51546592
6947.73040834
6947.19910887
6945.15767273
6944.20672823
6944.83926245
6946.97474061
6950.4909074
6954.66195323
6959.41057727
6964.34158416
6968.0343838
6970.64198876
6972.40294367
6974.98352715
6977.0839199
6978.80987302
6980.49211225
6981.81919698
6983.0816239
6983.99761541
6984.56569393
6985.59615563
6985.76854394
6987.73788561
6991.52418364
6995.54321356
7000.19855527
7006.75238478
7012.10157306
7016.8621083
7020.67974206
7023.21207438
7025.06287556
7026.90173069
7028.68171285
7030.65619814
7031.58158479
7031.29207781
7031.28957569
7030.7161793
7028.43326431
7027.27930667
7024.85822455
7022.49409176
7021.20673426
7020.48088983
7020.84431038
7022.29851529
7025.19267209
7027.87819819
7028.73246613
7027.78298526
7027.27318728
7027.79848585
7029.21803746
7032.94551131
7038.25400358
7043.46190231
7048.42647522
7051.98618863
7053.67802512
7054.66375535
7057.14221893
7063.04180364
7070.72769898
7077.92209179
7084.70889712
7090.19787648
7092.41486517
7092.54965898
7091.80027791
7089.08286547
7087.76677891
7087.30190059
7087.81849401
7087.02576147
7085.1208058
7080.87222217
7075.15881879
7068.54437389
7062.88317349
7059.03485916
7056.75528265
7056.11361814
7055.64130316
7053.44129263
7049.44856632
7043.47122775
7033.74141506
7023.82815315
7014.53656669
7005.98129312
6999.84795895
6993.21738619
6987.97281992
6983.43856263
6977.54458853
6972.2595423
6967.96810901
6964.53311821
6963.22450315
6964.15064253
6966.31920581
6969.4831872
6973.47981653
6975.36162586
6975.79022695
6973.03724122
6969.78537901
6967.03555752
6964.27309301
6960.99268993
6959.06754307
6956.04361064
6952.97422886
6949.39241456
6944.33088629
6938.70622797
6935.08999038
6932.94787009
6932.6110877
6932.75494211
6933.54695677
6934.46377767
6935.08399644
6935.14839638
6934.70581409
6933.40014722
6932.47338057
6931.91638385
6933.51049832
6933.94239607
6934.50389521
6934.55413273
6933.63857334
6934.51965367
6935.52341449
6936.69142302
6939.68052791
6943.6422391
6948.59137415
6956.79853261
6963.80199773
6970.60418517
6974.44852678
6976.60043947
6978.60418353
6980.20649435
6980.97301389
6981.59594387
6983.0896948
6985.00190592
6986.53054712
6988.03980561
6988.61960018
6990.26679581
6992.4793239
6997.1122232
7004.61708782
7013.3033358
7021.77532854
7028.9996701
7034.53745123
7037.378729
7040.69397356
7043.12693901
7044.90929783
7045.22804963
7042.79452661
7041.04813836
7038.21822816
7034.90105996
7029.2285129
7024.80347763
7022.4147279
7022.38721853
7024.63061538
7027.79539828
7031.69601316
7034.60748965
7037.95501085
7040.15093713
7041.60148993
7044.30435662
7047.54543671
7052.90928922
7058.06309619
7062.57755259
7063.99748753
7064.64092931
7064.87085938
7064.40103258
7065.13919245
7069.44862147
7073.91152307
7076.92033824
7077.88055243
7078.39930646
7078.98106649
7078.31573988
7077.09778655
7074.69735562
7068.80225242
7061.38831438
7053.60089853
7043.69063359
7033.5656813
7024.37555261
7017.24106429
7011.94318686
7007.74484075
7003.47523654
7001.33193838
7001.09493407
7001.56357602
7005.04568891
7010.36152723
7016.19791078
7020.80036648
7023.47702714
7023.80360591
7022.87136108
7020.36441238
7017.24188671
7012.73948091
7006.62137551
6999.42998664
6991.49024125
6983.29178793
6974.0495399
6964.98180594
6958.47051942
6956.12073026
6955.68473433
6955.87400323
6957.94368055
6961.01768324
6964.57164665
6970.22698554
6975.94243104
6981.03736504
6985.57162929
6989.33729704
6992.12320759
6993.8435292
6993.70325025
6992.04957978
6990.44210442
6985.97982312
6981.64091928
6978.2364139
6976.11440117
6975.74610881
6977.20385432
6980.07662115
6984.62320781
6989.48024538
6994.07785715
6997.54173732
7000.09314568
7001.73916342
7005.28404533
7009.59246375
7012.67172855
7014.86430242
7015.19784391
7014.9924332
7014.45332071
7011.46457128
7008.08450859
7007.39892807
7008.87549871
7011.68469499
7015.85105719
7019.80130324
7021.49686852
7023.2490207
7026.0193749
7028.48890334
7031.52401515
7035.22018813
7039.94452976
7043.30891761
7043.44284021
7042.74248394
7041.91635961
7041.41483466
7041.83321818
7043.07975421
7045.2315763
7048.05267681
7052.16504482
7055.42439944
7058.30596898
7060.25546097
7062.39898913
7066.41123057
7071.06022289
7075.98556342
7079.68779305
7081.40623982
7083.09604116
7085.39394795
7087.070019
7087.02102208
7087.26001275
7088.31055413
7090.74018806
7093.2595916
7094.09651198
7094.99413835
7094.65534172
7093.12793416
7091.15990279
7086.87298587
7082.09491489
7077.23348642
7074.32545296
7071.98273106
7068.57329811
7064.57248695
7061.43243252
7059.43122543
7056.96122305
7056.34791124
7057.50417584
7060.76863924
7064.58900512
7068.74405551
7071.24910149
7072.94733616
7073.51083559
7073.30188429
7071.21097729
7067.12722682
7061.3046084
7055.58928836
7047.88969758
7040.15454743
7031.88185298
7021.50647972
7010.24769128
7000.39151114
6992.11831486
6984.7740319
6981.72992222
6980.78850528
6983.28876309
6987.10204776
6990.67709449
6993.85492464
6995.89790108
6997.10674503
6999.86214924
7002.71147003
7005.02760953
7006.53807378
7007.8167331
7007.24454943
7005.03009771
7000.52639555
6994.66606413
6990.68896387
6989.47876781
6990.52771312
6992.86378594
6996.76332052
7000.78412074
7003.3835642
7005.58951988
7007.15657104
7008.74506096
7010.11637535
7012.9436301
7017.21427977
7020.4433023
7023.32584063
7023.24327071
7022.70877912
7022.20450114
7022.01685618
7023.74799475
7026.6424164
7031.33219535
7038.30803958
7045.58941412
7052.73411304
7059.11549847
7063.64321819
7067.6380354
7072.09180671
7075.99546038
7079.36189035
7082.3667328
7085.31149652
7087.42094289
7088.68078406
7088.06961194
7085.55982657
7082.24720261
7078.73148189
7077.50349221
7077.32806511
7077.24428943
7077.16058346
7077.94850691
7079.66137793
7082.14899968
7083.71167388
7085.74752033
7089.22588351
7094.2691512
7097.70980836
7100.49573285
7103.26178675
7105.24243325
7107.63415904
7109.61118828
7111.16653733
7111.7928267
7112.80670751
7114.04397385
7115.94363255
7117.61476209
7119.76678631
7121.4957573
7122.65962584
7124.66055414
7127.08265384
7128.54782904
7130.05544268
7130.38880993
7130.56423005
7132.25743957
7133.57869765
7133.43009689
7133.09339813
7132.10767487
7132.22595051
7133.54557768
7134.7134259
7135.05459223
7134.83554184
7135.16435788
7133.37866754
7131.45669886
7128.42585947
7124.31311509
7119.81166414
7114.3012948
7109.04677581
7105.66731253
7102.2684735
7099.318831
7096.80953351
7093.60682156
7092.2905259
7092.37499855
7091.54776604
7089.73390422
7087.97315143
7087.31639754
7086.96324335
7085.86210203
7082.49664782
7078.73008795
7074.2075258
7071.39588316
7069.58933951
7064.7939837
7058.14782671
7050.68757508
7042.15719028
7033.74868445
7025.80786572
7019.88172649
7016.58164798
7013.23556253
7010.11392899
7006.54870255
7001.58008025
6996.98150667
6992.66988916
6989.90411405
6990.15594289
6992.38517035
6995.25686385
6997.65696023
6998.19282485
6996.36520486
6993.70427479
6990.54147129
6987.03962025
6984.45458313
6982.55369079
6982.29380499
6982.28427743
6982.28427743
6982.42874516
6981.95299412
6982.07033582
6983.65189091
6987.92436663
6992.31894436
6996.72518935
7002.82219052
7009.9186104
7016.31217885
7022.28533561
7026.44529963
7028.8556554
7030.96819632
7034.03332659
7036.70991058
7040.6143797
7044.16433554
7047.40382655
7051.15611249
7052.77001391
7053.83264073
7053.83723375
7054.7378083
7055.41657944
7055.92947893
7056.50985199
7056.17507687
7055.37757009
7052.30298892
7048.86999145
7046.07476242
7044.52565124
7043.95464545
7043.67234513
7043.97038301
7045.95656345
7047.44202045
7048.61208504
7050.5160301
7052.1218885
7054.26271939
7057.67701718
7061.58088692
7065.22687115
7068.76663731
7072.51640022
7076.80171412
7080.32217424
7084.38397017
7089.07241094
7094.07016655
7098.28383203
7101.38102287
7103.10233418
7103.50252681
7103.6803236
7100.44212896
7095.46159546
7089.65542551
7082.65039918
7076.15590264
7068.74043127
7059.87672801
7050.29749547
7040.40907354
7030.19558527
7020.11693262
7010.51279041
7003.6323682
6998.80748878
6996.28563191
6995.43958124
6994.52730458
6992.52863445
6990.13065685
6986.13267539
6980.46654742
6974.73122437
6968.80053394
6963.39102995
6958.01771957
6951.25751057
6947.66289296
6943.90014551
6937.50610311
6931.14245554
6925.73010792
6921.92849748
6920.38911599
6921.47534217
6924.09263501
6928.56651387
6934.59229875
6939.8839871
6943.88405249
6945.07092797
6943.86680251
6944.6023348
6945.86617657
6946.71195542
6948.20568544
6949.79564597
6950.90893547
6950.26481066
6948.81091241
6946.3834112
6943.71521175
6942.73412334
6944.46237646
6945.69876462
6946.79046898
6948.93277047
6950.59905608
6952.18052753
6952.59010833
6953.5820137
6954.18076583
6954.7688404
6956.14569568
6959.28488588
6963.24749616
6965.2379769
6968.34535742
6971.9939065
6976.85576013
6981.25912663
6986.82769985
6995.92739681
7005.01188591
7011.41711466
7017.81638432
7019.2630759
7019.78554477
7017.54234308
7014.71598742
7012.4913251
7010.0772963
7009.08918941
7007.72258653
7005.99843159
7002.26361866
6997.36665174
6993.88176492
6991.87430602
6991.62712596
6992.66653674
6994.60430571
6997.68552899
7001.43499221
7004.72449771
7007.75497468
7008.9877386
7008.31959624
7008.60985595
7009.02962644
7009.30411374
7008.11235948
7008.6768277
7009.67435064
7010.3369521
7010.23959947
7009.4424133
7007.91171604
7008.22341452
7009.93977735
7014.73906406
7020.86818157
7028.00855231
7036.98687909
7045.46042607
7052.08172914
7055.9053638
7056.46157294
7055.26114839
7054.11271772
7052.53172718
7048.64873167
7043.54289011
7036.33565913
7029.21061474
7022.01072982
7015.45022335
7009.39088638
7003.35693302
7000.27885307
7000.87931974
7003.80659651
7004.81706913
7005.13140215
7005.88168231
7006.44282599
7006.60101008
7005.72383277
7004.40500712
7001.55241058
6996.88443979
6989.99265699
6983.51400256
6974.92629206
6966.59044524
6960.65258997
6956.60198735
6954.07898048
6952.53483172
6952.47938087
6953.93032396
6955.40327037
6957.18164253
6959.78908719
6963.04958484
6965.56243687
6966.59617433
6965.73820549
6964.0965647
6961.24229544
6956.76252022
6951.31302415
6944.4179865
6936.320064
6929.68333003
6924.94791355
6921.12637676
6918.54563298
6917.924773
6918.77052397
6920.13823503
6921.77237642
6923.69327177
6926.27491465
6928.555216
6931.21908031
6933.12277447
6933.58515764
6933.39023632
6932.8407599
6933.13461597
6934.20746732
6936.38421302
6939.30309829
6942.54049838
6946.16511354
6950.11383323
6955.70875885
6961.88924297
6969.37243185
6977.86614912
6985.40113673
6991.71472102
6997.6993708
7001.348352
7002.87067169
7003.33292941
7002.59607287
7000.82292101
6997.69768413
6995.01644439
6992.34961797
6989.69724668
6987.84938671
6987.89641121
6989.03488916
6989.96930156
6992.86098412
6996.19216837
6999.62536099
7001.56255845
7003.4746023
7005.26032748
7005.22253085
7004.95708324
7004.49486037
7004.4048747
7003.65534727
7002.12090032
6999.95387036
6997.69635292
6994.79368613
6994.77792766
6996.73265389
6999.97965124
7002.43383243
7004.04067355
7005.33246377
7003.77952623
7001.33761171
6998.53544087
6997.12448289
6996.98530515
6997.59502757
6998.26464054
6998.03239653
6998.10483251
6998.26850871
7000.25809036
7004.00123207
7009.40889606
7017.92253967
7026.22321046
7033.35148181
7038.35929468
7042.13182758
7044.61167813
7045.83037024
7043.9300982
7040.51451101
7036.2452274
7030.81521859
7022.91187589
7012.7703427
7001.03393534
6989.28927587
6978.08069708
6969.41614575
6961.98660257
6956.30577552
6951.8639433
6949.94111037
6951.3215899
6952.63032344
6953.80942772
6956.89051858
6958.61744049
6959.78940083
6960.80139285
6961.64919988
6959.46611873
6957.11313047
6952.89881681
6948.4511858
6942.48290086
6935.67760494
6929.52180049
6925.86053173
6923.00989367
6922.97996582
6925.91613591
6929.29915374
6932.16510421
6935.76563213
6939.20572475
6941.83356272
6943.87561917
6945.7329161
6948.43275794
6950.43830018
6951.69194529
6951.37803045
6949.47517963
6947.66285114
6944.61007813
6941.89409448
6939.49671627
6937.7584268
6936.25668163
6936.67301607
6937.17379526
6938.8903393
6940.73128534
6942.6538813
6945.2794611
6946.51971743
6948.28844354
6950.06360268
6952.41477881
6955.71910884
6956.88945221
6956.66379456
6955.1350767
6952.88652228
6950.21755616
6947.2007816
6946.32225217
6947.34832297
6950.03595392
6952.49037904
6953.06404725
6951.95283473
6951.4476925
6951.77204794
6954.54105699
6958.95352591
6962.57807834
6966.44862599
6968.31903291
6967.69626323
6964.85961333
6961.35282078
6959.22601291
6959.30187101
6960.0238612
6959.99956486
6959.99252547
6959.2333032
6959.44210815
6959.1118912
6957.66590356
6955.05418647
6953.918127
6954.83863487
6955.89373442
6956.28473403
6956.87719253
6957.68597627
6958.60351505
6960.66332329
6963.40009055
6966.72148935
6970.46457531
6977.14556681
6986.07151637
6994.41235348
7000.60197486
7005.98469433
7010.645333
7014.27378847
7017.79292434
7019.95352824
7020.56975338
7019.48163841
7015.4317467
7009.70763788
7003.04312273
6993.89293733
6986.04788215
6978.8498651
6972.38052915
6967.84940125
6964.88243907
6962.17661026
6960.98965114
6958.92932017
6958.40598706
6959.20580778
6960.28399791
6961.5151588
6963.34632636
6964.61672661
6963.31061367
6960.22719494
6955.64090892
6949.4850975
6942.35371766
6934.53477093
6927.95512569
6920.84416008
6914.47094312
6910.28898972
6904.42336832
6898.66180438
6895.34381376
6895.33064105
6897.54762974
6900.62237818
6904.12604134
6909.06309095
6915.64763588
6922.44153636
6928.49473303
6932.75695635
6935.0372577
6938.14640853
6940.71478809
6941.10394073
6939.84429471
6936.73494873
6933.14296566
6929.46321328
6923.28646491
6916.10777481
6909.30682101
6903.4683117
6900.1788968
6896.84306378
6893.18592804
6888.82778088
6885.77380212
6884.72535165
6885.6100144
6887.98173021
6891.9749444
6897.09041807
6903.22200285
6909.9252416
6916.89019221
6923.8523898
6932.32744223
6940.49083801
6946.8508474
6951.00056598
6953.43949748
6954.59227724
6954.49677855
6954.02637326
6953.30581186
6951.34318897
6950.34417452
6949.37919306
6948.50482454
6947.23715641
6948.31463564
6951.45719219
6955.93863316
6960.78715377
6966.35845214
6971.9048478
6977.13907106
6981.66630986
6985.67066161
6988.67005377
6990.59405063
6992.00576134
6994.18712098
6996.40584512
6997.76648891
6998.77112094
6997.80261979
6997.28248576
6996.38000151
6997.34517115
6999.99324214
7002.69093732
7006.97458546
7009.41249242
7010.19678466
7010.20312011
7009.97473034
7011.28388903
7013.30436731
7016.03338428
7020.19489557
7024.46176767
7027.31238482
7028.93223835
7027.94475873
7026.2213147
7026.8806404
7028.33548653
7032.04683251
7034.95259385
7036.9149937
7038.83837723
7040.69895689
7040.20969162
7036.90775917
7033.25656857
7030.04462876
7027.73439955
7024.73378073
7019.99908213
7014.25099061
7008.93667865
7000.82928433
6993.05499938
6980.69538326
6971.14050281
6963.23124981
6955.42460459
6947.82117462
6941.31696233
6936.61618521
6932.37559582
6929.59717769
6928.09713313
6926.26211133
6923.68274057
6921.48430519
6919.69848244
6918.87419114
6918.50430272
6920.07363994
6921.76217977
6922.8508314
6923.42123083
6923.42136326
6922.12658304
6920.89261336
6920.61586091
6921.9012669
6926.28237221
6928.13474157
6928.25432055
6928.50030878
6927.24087883
6924.80240733
6921.89877175
6917.66417629
6915.32131499
6912.33229374
6910.38788962
6908.40584918
6903.75546292
6899.67854276
6896.56971253
6894.44221466
6894.39203289
6898.0520959
6902.39769761
6905.46861273
6908.80618818
6909.26374832
6909.51598141
6908.40069161
6907.88981333
6908.42808249
6909.39038759
6911.47404611
6914.3117554
6915.65258436
6915.28430594
6915.1548091
6917.33862207
6921.25466785
6927.06907597
6933.2653325
6940.74930199
6949.88065528
6959.36635459
6968.33557895
6975.89195654
6982.09716216
6986.31860581
6989.11480362
6990.22738918
6990.01605424
6989.1802281
6988.39117556
6987.98616687
6985.82695691
6984.13861224
6982.05996492
6978.69633677
6976.73716388
6975.73636519
6977.31750209
6980.59118639
6984.77560705
6989.71674787
6993.75562747
6995.9948425
6998.97905467
7002.24817382
7003.82831406
7003.81042984
7003.4770626
7003.05976635
7002.39807792
7001.25124331
7002.18757237
7004.20259339
7006.91121007
7011.56273239
7018.66034408
7025.47899393
7031.12780919
7037.59187606
7044.37944806
7049.67160337
7052.44884362
7053.32253608
7053.82569891
7053.34449758
7051.54922392
7048.50625029
7044.77170918
7038.28223779
7030.95477269
7024.2442785
7017.98028355
7012.71542154
7008.0923495
7005.53928235
7004.54082547
7003.92018155
7003.60429429
7004.56676666
7006.31979006
7005.706994
7005.11560884
7002.85971533
6999.41274363
6994.88457786
6991.10454557
6987.93367814
6984.89749996
6981.87061238
6978.6263332
6972.99989065
6966.16794263
6959.72806756
6954.91357995
6953.01943427
6952.26465169
6953.72909507
6956.69548574
6960.2709855
6962.62238466
6963.72748477
6963.06020665
6963.27051008
6963.31094822
6964.18487068
6965.48175574
6965.83493781
6965.23439447
6964.4766219
6963.65020485
6962.47032694
6961.46292097
6960.78477014
6962.9344595
6964.00947843
6965.33008832
6967.29114999
6968.54563147
6968.52085422
6969.09142789
6970.63687301
6972.67732643
6975.20398541
6977.25406397
6980.49938163
6982.47048663
6984.55857788
6987.88961576
6992.05691886
6998.01413594
7004.92097327
7013.36474574
7021.31347506
7028.82604816
7036.82304258
7043.4218475
7048.43429521
7050.94276331
7052.62434042
7053.31935094
7053.82470922
7053.30960034
7052.73572303
7051.90264296
7051.47188127
7050.40830657
7048.5259327
7045.73729003
7043.72856265
7043.54132193
7045.9347065
7050.09438477
7055.98709039
7061.61935961
7067.45069014
7072.15753089
7076.20608441
7079.527072
7082.20782387
7083.90090096
7084.92837266
7086.17552899
7084.91248177
7082.863602
7080.07551691
7075.86087567
7072.08637035
7069.85655743
7069.21450959
7070.36785389
7073.77986563
7079.45855995
7085.17739968
7091.02420293
7097.09396655
7103.61028519
7107.69723474
7109.79260234
7111.40970981
7111.44239766
7108.82506998
7104.83646275
7098.85855267
7090.29050366
7082.32303284
7074.64891627
7069.5334426
7065.87825838
7064.48264765
7064.8097352
7065.14553487
7065.31726803
7066.45688204
7068.59183748
7069.27695801
7070.40918415
7071.81497062
7073.09314207
7073.159842
7068.94129774
7062.82832203
7054.49159704
7045.60444077
7037.73576531
7027.43586682
7019.66004156
7013.77622927
7009.75425814
7005.89580987
7001.63004596
6996.15187659
6993.1350393
6990.9038882
6989.86686105
6989.09577637
6989.96537762
6992.07555582
6993.69815541
6993.44538566
6992.02026526
6989.80158294
6986.90141129
6985.27720867
6985.92124985
6986.34824791
6987.9698578
6988.70145919
6988.28253203
6986.70228028
6982.5176784
6978.6593765
6976.5752301
6976.32873308
6975.89598503
6976.6699691
6977.39944473
6976.27102404
6974.07063715
6971.23599453
6968.30745625
6967.83595672
6967.33484298
6968.26491326
6968.80111939
6968.60865837
6968.96565983
6969.68555214
6969.62951584
6970.40726354
6971.76153704
6974.25299212
6977.43374258
6978.9247823
6980.42711292
6983.60532641
6986.20500684
6989.69800637
6990.97690964
6990.17884529
6988.40096797
6987.16631527
6987.19897524
6988.26281478
6989.95604521
6991.57729268
6992.95983523
6992.678664
6990.62265424
6988.61102049
6986.33333277
6985.09967673
6985.75413759
6987.97559385
6989.5983886
6990.5584843
6989.13552451
6987.07948687
6986.34686094
6985.8342263
6987.68666536
6991.39630377
6995.84861841
7001.37869106
7007.17032224
7012.90839832
7016.82523864
7018.16449245
7019.42199877
7020.27356944
7022.86927017
7026.65603517
7032.15042301
7036.55560861
7039.40639303
7041.64921139
7041.55676543
7038.52350755
7035.21671025
7032.99625762
7033.42018205
7035.9331665
7038.52363997
7039.45384268
7039.45851237
7038.31514867
7036.81894441
7034.27934967
7033.62964214
7034.04905718
7034.62791781
7034.39525562
7034.05916323
7032.77842693
7030.27437762
7026.73309207
7020.86731036
7014.34404294
7008.65948014
7004.77820614
7001.26757329
6996.77002536
6992.00298043
6989.19837718
6987.36857567
6985.06811797
6982.94415373
6981.6643932
6981.9596223
6984.13551769
6986.7902308
6989.0592552
6990.61764303
6992.80623721
6995.02731711
6995.89146806
6996.557638
6996.25198921
6996.55742194
6995.70653431
6993.84766919
6992.14658393
6990.46642864
6988.33666562
6985.63593862
6981.62690323
6978.21261938
6975.64000225
6973.96700483
6972.24657171
6970.68303327
6969.95418491
6969.61705403
6969.52599503
6969.20093566
6969.81359929
6971.5760945
6974.5751521
6978.21482877
6981.0926765
6984.30902116
6987.08111778
6989.19895566
6990.50911799
6990.49694194
6991.00447477
6992.42663304
6993.58951885
6993.18484471
6992.27689622
6991.75650432
6991.72774041
6991.57277632
6991.86347512
6991.1424119
6991.19617609
6991.14449584
6991.20492305
6989.79054992
6988.3902695
6987.94615388
6989.4079
6990.19471527
6991.03104322
6990.14251229
6989.86891014
6989.61644706
6988.02568502
6987.12308228
6986.20720926
6986.79189655
6988.81368514
6991.07403227
6993.99893935
6995.95521284
6995.81222965
6994.61030661
6993.47167533
6991.81354426
6991.56285845
6991.96851532
6990.85457067
6988.64919348
6986.7757896
6985.0070844
6982.10641094
6978.86167873
6975.73318701
6974.79970158
6975.14080517
6977.12683228
6982.3257192
6989.16614933
6998.07412406
7004.92938569
7014.08995592
7021.27972782
7026.64367094
7029.55757288
7030.84925159
7032.71533033
7034.72301226
7036.06768152
7035.63582559
7031.11907617
7024.63327083
7018.89305506
7011.46336552
7003.77475896
6994.98278776
6987.62340148
6983.45541534
6982.49742448
6981.26209572
6980.94232634
6981.07666712
6981.47246884
6981.36758895
6981.71661011
6982.64831827
6983.585414
6983.94334243
6983.28627491
6980.72233505
6975.33245771
6968.50269818
6959.60429283
6949.1061206
6941.65281775
6933.80059773
6925.13750306
6917.93271844
6909.59745708
6901.557153
6893.72224568
6887.42073986
6881.36728531
6877.34298631
6875.66036375
6875.96890495
6876.52579015
6875.69548401
6874.03677446
6870.90759971
6869.47093054
6869.38150245
6870.38555599
6873.9121564
6879.64284461
6885.61078107
6890.99619083
6894.99651411
6897.43116622
6897.16826951
6894.96278081
6893.45955807
6891.86119906
6889.69787698
6887.8472152
6885.44664487
6882.93811404
6880.49990739
6878.06539467
6876.67968091
6876.08502696
6876.528585
6880.07001691
6886.73973145
6896.14044933
6906.68168727
6917.98952142
6928.88855537
6939.680737
6947.86906336
6954.46909494
6959.97520579
6963.38951753
6965.81243268
6968.46974548
6972.58493622
6975.38986705
6975.51413662
6974.68562169
6974.39939046
6974.65147021
6975.74709851
6978.16516276
6981.14620371
6984.97680807
6988.66812316
6991.31670991
6992.18176692
6991.84959847
6990.66528086
6989.63256796
6988.47536245
6987.66448083
6987.92002452
6987.62752057
6987.4885101
6986.84945225
6986.50194351
6986.96080699
6989.46158055
6994.84201396
7000.36899207
7007.09284716
7013.18356168
7016.91530098
7016.87152435
7016.90074826
7017.20680129
7017.76309407
7018.78293396
7020.30139941
7022.94786737
7023.80775287
7023.68372724
7022.54153444
7020.29576093
7018.44156551
7018.1175725
7019.36205247
7020.47219863
7022.17432238
7024.23914183
7027.82530522
7030.14207896
7031.08889044
7031.63198959
7031.9264799
7030.93031605
7030.42069929
7029.16997448
7026.91790734
7024.49112401
7021.09219437
7016.0672291
7010.47951014
7003.39402571
6997.99724141
6992.71800093
6986.32264824
6980.06188722
6975.13089428
6970.91487304
6968.11414493
6965.65804011
6961.52841515
6956.67461849
6951.65154897
6947.51294008
6944.0442787
6940.29275245
6937.21628946
6936.78330444
6936.61592734
6937.03867388
6937.68919687
6938.79214334
6940.39514416
6943.40874054
6946.27756252
6949.60022981
6951.89310448
6952.15907482
6950.69958689
6947.18838949
6940.66591662
6933.64748758
6925.76451031
6917.65002782
6910.17531408
6904.82405579
6901.43399858
6898.463447
6895.23926841
6892.09565943
6891.0936968
6891.49633579
6896.55326407
6904.35889868
6913.76874685
6922.53842899
6931.50130397
6938.87145144
6943.6671418
6945.96173799
6945.3249662
6944.89729905
6944.99202411
6945.58374382
6943.95482272
6939.92512918
6934.31447297
6929.17743508
6923.84735768
6918.80999332
6915.13396973
6914.58650058
6916.49131685
6921.55709664
6926.55421103
6931.43343312
6934.77827796
6936.81230532
6938.23808087
6939.58449255
6941.07065349
6942.79050813
6943.4833441
6944.15030162
6944.73827164
6945.40577976
6946.70927209
6947.039496
6948.44045945
6950.32940574
6954.94124962
6960.9992275
6966.06454031
6970.22994766
6973.98672906
6978.52483361
6983.51490862
6984.7501886
6983.74650445
6982.90611317
6981.82443122
6980.81517829
6979.0234522
6976.24766164
6972.93539314
6970.85421582
6970.40582779
6971.17725399
6973.11163569
6975.78180756
6979.39745971
6981.86997117
6983.37552876
6984.40408076
6983.66440847
6982.09299428
6980.58008367
6978.8336536
6975.2772717
6972.35393978
6964.65234172
6956.94855519
6949.30579525
6942.81830325
6936.79751564
6931.59837084
6926.68540151
6922.83388809
6920.84158129
6920.09594992
6920.66775722
6919.46516509
6918.44875429
6916.49689261
6912.85460231
6907.70274686
6902.56280957
6897.28654515
6892.64919221
6887.52584279
6882.16531482
6876.00368371
6868.7861585
6862.34129313
6857.81426341
6856.22302046
6856.93462581
6858.90467141
6861.55601118
6864.47762857
6866.71797966
6867.98366142
6868.85807873
6870.51379829
6872.79073328
6876.00815128
6878.30354898
6879.9847776
6879.30662677
6878.46859124
6878.14770671
6877.15557134
6877.20568341
6878.16638548
6882.31579042
6886.75841022
6889.91247374
6891.95877472
6893.52151861
6894.22817548
6894.60035693
6893.64906394
6892.32844708
6891.25950572
6889.62748311
6888.19897545
6887.67569112
6884.1868734
6881.48744277
6880.25325006
6879.79164749
6880.54214371
6881.68977287
6884.15397646
6889.29844405
6895.49847118
6900.93127484
6906.37090879
6910.21106859
6913.74351657
6916.93256793
6920.51489101
6924.11539105
6926.23423257
6929.30293829
6931.44569281
6931.65403775
6929.64932491
6925.94496255
6923.96023181
6922.93455132
6923.1039357
6925.74258366
6930.33342089
6935.28236776
6941.35073048
6947.38777838
6951.78740913
6955.54815628
6958.74869369
6962.5783641
6968.01828381
6972.46837512
6975.22460873
6976.3125634
6975.21474662
6972.46184452
6966.6704991
6959.73144089
6953.66213029
6948.61092413
6945.94125407
6945.25530415
6946.20384411
6948.45530489
6950.63391847
6954.01853933
6958.24857661
6960.80786769
6963.47269381
6967.1433856
6970.9950175
6973.38762844
6975.06506555
6975.59241321
6972.69352399
6968.1174625
6963.11394993
6958.22283058
6953.87260099
6949.76594116
6949.45112026
6950.15820925
6950.13038625
6950.50958617
6951.84154272
6952.97027007
6955.61626409
6957.60040241
6957.72173078
6957.48138102
6955.67674706
6952.24898382
6948.82186877
6943.49425167
6935.46978969
6927.26761456
6920.42760958
6914.74743072
6908.80855787
6904.08701108
6899.85153046
6897.2336452
6893.76162443
6890.51402768
6888.1842694
6885.71407187
6885.22249964
6885.82851418
6885.83611115
6884.6230366
6882.78756874
6881.51525183
6879.21079353
6877.41700441
6874.79480491
6873.0309088
6872.10944608
6872.2441005
6874.27213392
6876.252648
6877.90049181
6879.07335124
6880.58995579
6881.49392458
6882.66420523
6883.31628942
6884.92782115
6888.9914292
6892.8518011
6897.02343935
6899.25011591
6900.72936292
6901.3952471
6902.88578501
6905.29904017
6908.038895
6911.60507629
6915.16122121
6919.25281955
6922.35400402
6926.44277963
6930.01586091
6932.614928
6935.4559688
6937.98460021
6940.18463862
6941.19643548
6940.73685412
6939.54310653
6938.58140779
6939.20290899
6940.11580596
6940.11050899
6938.52988785
6937.58458879
6937.85964761
6939.65759066
6941.09133256
6943.83294376
6947.24706731
6950.76246743
6954.4412789
6957.27803334
6957.90721514
6958.1019413
6958.26949962
6958.21796573
6956.40000573
6952.58785015
6948.81848847
6946.36442577
6945.88631897
6947.47722041
6951.56545936
6956.15966991
6961.97793228
6968.16588094
6974.37756836
6979.97523307
6985.67057798
6991.30923143
6996.56838526
7001.70616891
7006.98167364
7011.21867364
7013.29506975
7014.14690526
7014.00020025
7011.82170516
7007.98081355
7004.20882429
7001.40434649
7000.06617298
6999.3561149
6998.83913814
6997.12260804
6994.52902609
6991.47053097
6990.10274324
6990.08425266
6992.30446831
6994.4932437
6996.11527178
6996.40709967
6994.64464628
6993.38038633
6991.55109361
6988.82438361
6986.45074417
6984.95880536
6983.4545511
6979.82343322
6973.71845175
6964.90102026
6956.31623006
6947.53681126
6940.75421562
6934.56703363
6928.4238025
6923.63632941
6921.05044199
6918.46638761
6913.99881632
6908.51443695
6903.13864536
6899.70997606
6897.96385962
6899.07873124
6901.6202287
6905.33298256
6908.62204897
6911.88867297
6914.46822494
6914.62323084
6913.60210156
6912.01517285
6911.5081279
6911.49739458
6913.03100516
6915.58219049
6918.34016652
6920.18182347
6921.03034141
6922.46278694
6923.53082921
6924.68675927
6927.23651581
6931.29405326
6935.51406813
6939.4439836
6942.90536862
6945.09491764
6945.18653422
6943.63290668
6942.68613005
6942.08151642
6941.25969936
6941.26708723
6941.95906593
6943.23955132
6942.73649303
6942.78147541
6943.38302239
6945.26707596
6949.48078326
6955.71192309
6963.45237717
6969.83438987
6975.08902038
6979.45867449
6981.78385368
6982.42893334
6982.04971251
6981.70706164
6981.12952525
6981.80974608
6983.21175498
6982.18776116
6980.50996859
6977.83019945
6975.65615102
6975.31559106
6976.47087294
6978.60577262
6983.3620912
6989.64689764
6995.87770989
7002.22394718
7006.49415079
7009.86070621
7012.16223027
7012.71002003
7012.89880105
7013.62734275
7012.38780429
7012.31791224
7010.56247733
7010.44524714
7011.06835137
7009.31582282
7006.91845855
7005.44669002
7005.69594704
7009.19261961
7015.88001625
7022.94954009
7031.11247587
7038.2076412
7041.98429318
7042.83350112
7041.53416969
7041.33101717
7041.94987685
7042.37567612
7042.43628455
7041.35414957
7039.54545925
7035.40947794
7029.86002258
7024.01454357
7020.26185339
7018.39128617
7017.79025495
7017.02949238
7017.32666602
7016.2473677
7015.80606087
7012.62690648
7007.40807927
7003.60538156
7000.88247004
6999.03026098
6996.86195557
6994.69544138
6992.46194846
6990.14315351
6986.71366178
6983.81952589
6980.24737158
6978.51341726
6978.12225037
6979.38319972
6979.32281433
6978.61144595
6978.2441851
6976.98961302
6974.44305557
6970.36888146
6966.06145274
6960.31520121
6955.2073942
6947.86592699
6942.00933134
6937.59399787
6933.10600539
6927.60931755
6922.58132743
6918.48980577
6914.95226991
6913.89364369
6915.15815455
6918.68746617
6923.82009225
6929.08865517
6932.89872681
6934.97549928
6935.93247256
6935.52141419
6933.70881388
6929.66662368
6927.61146422
6926.64184095
6925.6040332
6925.08532796
6923.39199995
6921.84573938
6920.89195821
6921.06553834
6922.76083877
6928.69404526
6937.87208153
6950.27409428
6961.28697115
6970.1350623
6975.31991227
6978.15760761
6978.4055613
6978.80256879
6979.0913788
6977.35062206
6974.90616359
6969.90934192
6963.88355007
6956.01978823
6948.2224127
6941.16413794
6937.74254985
6936.6464964
6938.31129049
6940.62087151
6943.37607361
6946.21882198
6949.67591367
6953.04881848
6956.62014339
6960.89342063
6964.84563214
6967.37779021
6968.71752493
6969.15140207
6967.92356573
6964.30931449
6961.08163711
6959.86182288
6962.65528857
6966.94472155
6972.88151046
6979.99423941
6986.83269712
6995.05532829
7001.61697082
7008.6194323
7015.69336796
7024.34023022
7033.0767436
7039.85241834
7042.93102799
7042.55200928
7040.71721748
7035.81843844
7030.38267266
7024.15508737
7018.79299122
7016.94492216
7015.81369965
7015.63466923
7014.6139651
7013.63047214
7012.75785301
7012.2767841
7011.07451257
7009.54883349
7009.02828826
7008.67706467
7009.72254605
7007.85332398
7004.08785138
6999.37912882
6995.41370975
6991.6712441
6988.4589558
6985.50720844
6984.35234475
6983.26776341
6980.55424703
6976.08349757
6968.85332934
6960.63473362
6951.95366412
6941.92721445
6931.65805229
6921.46573097
6910.12338989
6899.14766147
6888.20427241
6878.89018779
6871.67349895
6865.81178056
6861.6178393
6861.05418653
6863.4974253
6867.9678472
6872.07167037
6878.60861231
6883.7958041
6888.22678451
6890.4506035
6889.7986587
6888.31571776
6887.59344878
6887.21917643
6885.43131155
6882.55791745
6876.79126565
6871.33727413
6865.37581252
6860.34573148
6857.87607759
6856.83879257
6858.02175108
6861.73346646
6866.29866917
6872.51911749
6879.76732328
6886.68864363
6893.27939158
6899.30503707
6902.30527953
6904.05857474
6905.24181901
6906.59031463
6908.97666679
6910.06449601
6911.17567369
6910.83471645
6908.41553705
6905.3162553
6902.67530037
6901.91344355
6904.56722272
6908.48216729
6912.67074189
6916.66458335
6918.53719966
6919.85956591
6920.4632247
6920.74675169
6922.65537342
6925.04539163
6927.86580215
6928.7414043
6927.51450886
6923.41591296
6918.90742262
6913.02180517
6908.50307636
6904.42267135
6901.40375012
6899.23304017
6898.76091337
6901.27975934
6903.34104516
6906.11316966
6909.67956003
6914.03366477
6918.9278229
6924.77267463
6931.14626796
6935.86908323
6939.05406429
6940.85531098
6939.44258966
6934.38037139
6931.38408772
6928.18870788
6925.21778692
6923.45536838
6925.31005864
6927.63187147
6929.63750431
6930.70551173
6932.50431205
6933.47601229
6935.65575496
6938.62797229
6941.50841972
6942.89823166
6942.9149171
6942.74173424
6939.1580451
6933.64072001
6926.84572529
6921.60805204
6916.43019267
6912.3916058
6911.84295181
6911.29018569
6912.05636371
6912.54277838
6912.88708106
6910.92455575
6908.88139113
6906.68029333
6905.04234649
6904.48038038
6904.66702868
6903.75079323
6901.44403493
6896.68352757
6889.95777672
6882.79788388
6877.22770763
6873.75498989
6873.30607216
6874.16222191
6878.2784581
6882.20957235
6885.99843523
6889.41009848
6889.95359491
6891.05243623
6892.64995888
6893.89160915
6895.10133824
6896.55723679
6897.19238464
6895.16413515
6890.45039441
6884.16917039
6877.07437445
6870.77830499
6867.09106716
6865.08727432
6863.50312651
6862.5674526
6862.80554418
6861.55308391
6860.41556081
6858.88333719
6858.33190229
6858.74353218
6860.18987528
6859.83679775
6858.41379614
6856.86484527
6854.80663308
6852.05918826
6850.18503862
6848.53509693
6848.83255633
6850.77111288
6854.6893332
6860.30286092
6866.26174375
6872.90732923
6880.74043139
6886.83033742
6891.79178095
6895.25996839
6897.6452054
6899.81598504
6901.37343197
6902.30284013
6902.77733663
6902.19606448
6900.00319092
6896.78479717
6894.39670259
6892.80998296
6892.86441624
6893.27883401
6894.49427825
6896.57856404
6898.95892227
6901.95107988
6906.08403635
6908.66923377
6911.22216152
6915.03966982
6919.16532903
6923.07699087
6926.72728935
6931.27267025
6934.52005792
6937.71876926
6939.86410954
6940.45217017
6940.94023665
6941.23870665
6941.57171844
6941.91544264
6940.65814541
6939.96829247
6939.60025799
6940.3684154
6944.21461792
6949.2553347
6954.6877829
6960.04654057
6964.48828916
6967.97039507
6970.77384833
6974.11088014
6978.44155975
6981.88288601
6984.02373084
6984.62457387
6982.71035548
6978.48346153
6974.88429967
6971.17751883
6966.79572352
6963.32129124
6959.09554031
6954.40767106
6948.14208702
6941.51280365
6934.95228324
6929.21362171
6925.26670717
6923.24357344
6920.65241694
6917.10597382
6912.75688726
6909.3318422
6906.29382402
6902.93192435
6901.18504125
6899.7316518
6899.42958543
6899.34378855
6897.94908388
6894.46709645
6889.92034949
6884.18952188
6878.85708176
6871.92711202
6866.36265092
6861.65212321
6856.15199235
6850.36073753
6845.15758516
6840.45312107
6835.44302911
6832.21521931
6830.68313509
6832.86423685
6836.07370242
6839.50335445
6844.03421052
6848.1461952
6850.4484929
6852.28444864
6852.53032536
6851.35914562
6850.31599212
6849.02568644
6846.46259688
6841.6890562
6835.79679664
6830.13852351
6824.31883933
6821.41261102
6822.06309916
6825.66956525
6830.89481154
6836.56673829
6840.63705119
6843.70440479
6845.63473711
6847.50972311
6849.83501381
6852.66142523
6855.44833244
6856.88388646
6857.41865684
6857.47038588
6857.3169133
6857.53450005
6858.11159039
6859.51989292
6862.62363527
6867.31688512
6872.24040656
6876.40752148
6882.76505664
6891.31233597
6895.58747412
6898.9492344
6900.75201441
6900.26845732
6899.2616159
6898.38238951
6899.33396128
6900.77515378
6901.83538303
6902.62421254
6902.39707034
6900.61659334
6899.97273337
6901.19033822
6904.5968439
6909.11494544
6914.36068262
6919.10942515
6922.17176754
6924.16961524
6925.28396412
6926.55839982
6927.85288034
6929.2305023
6930.27796307
6929.70790515
6928.12009129
6927.04901024
6927.10929108
6927.07933536
6927.13989499
6927.29975877
6927.92397118
6929.07225549
6930.51480707
6929.61253192
6927.92664754
6924.88834361
6922.60367226
6918.48416032
6912.73772061
6907.13834136
6902.67202461
6900.09790901
6898.08171708
6897.21078462
6895.78060423
6896.41212784
6897.35638144
6898.68780132
6900.29982092
6902.17689784
6905.28949169
6908.33169168
6910.53146524
6909.1137606
6906.24859073
6900.85628097
6894.55310243
6886.47098021
6877.13068955
6868.5651566
6860.43473443
6852.34613039
6844.80541369
6838.92368533
6832.75759362
6828.85833782
6825.57065838
6825.56438566
6828.02879835
6834.09612955
6843.2028659
6853.59425551
6864.91121298
6875.93546438
6885.03173922
6892.09712307
6896.84194863
6900.46855712
6903.21398771
6903.41485417
6901.63465595
6898.17699274
6894.12969376
6889.55172258
6883.65445878
6876.88355131
6871.59626084
6870.02230969
6870.26450641
6871.83379485
6872.86712108
6874.51837307
6876.71655754
6878.71720008
6877.19662282
6874.06423504
6872.6322495
6871.37971954
6870.52585585
6869.90528859
6868.28622961
6866.02685823
6864.36855292
6864.80583824
6866.74313327
6867.31018028
6868.22774694
6871.07653106
6872.2664732
6873.73645749
6874.13183406
6873.49272046
6871.46021249
6870.19674709
6868.40157797
6864.00655419
6857.99436717
6852.13306
6848.79708758
6846.02183369
6843.34839303
6841.56512814
6839.43073028
6838.76610064
6837.98954475
6837.98688233
6839.39839092
6842.70899367
6847.96100357
6854.04303385
6858.98754799
6862.43112546
6862.65987069
6862.82596537
6862.99831186
6862.32141557
6862.38930732
6863.37406179
6864.50126278
6865.61418288
6865.66673435
6864.5682415
6864.86689272
6866.92755127
6873.1641623
6882.37802976
6892.56318624
6902.53235203
6912.24259383
6920.58436488
6924.56538908
6926.28895857
6925.95504769
6926.22873348
6927.01816239
6926.86107255
6923.86337403
6919.38032306
6913.53491375
6906.84373256
6902.29580075
6898.78203153
6896.91317886
6896.61870945
6897.72932956
6899.50423081
6901.07059894
6901.28554418
6900.25960581
6897.15300589
6893.47349745
6888.24246632
6880.86811611
6872.33408616
6865.27810443
6858.82396937
6853.29434975
6847.8462755
6842.48491813
6838.64553197
6834.93598417
6832.71996426
6831.92353779
6832.2138184
6834.35317869
6835.04226497
6835.89856108
6836.03112459
6834.53096851
6831.5118382
6828.70528343
6823.65406333
6817.24815852
6807.87440638
6801.33976443
6795.61430349
6789.31308343
6784.67907594
6782.23815111
6780.97203722
6781.69925468
6785.64779315
6790.5659549
6796.0968221
6801.69487711
6807.92480421
6813.49965015
6817.88379425
6822.69559853
6827.62093906
6830.36225753
6831.28762327
6831.49176549
6829.51850686
6826.37747667
6823.24383434
6820.50815435
6820.81838919
6822.13314455
6824.62731781
6827.13989105
6828.41471705
6829.70641667
6832.26567987
6832.83503384
6833.03596304
6833.895054
6834.99926198
6834.53047366
6833.31608882
6830.61094304
6828.28333143
6824.04492354
6818.77632578
6813.57916734
6811.45523098
6810.6178297
6811.42519162
6812.8876347
6816.62812793
6822.25609685
6827.75272893
6832.59687257
6837.91462058
6842.59497651
6848.28795869
6854.37870109
6857.55777882
6860.09083598
6862.03448737
6863.61123337
6862.52625476
6861.39864255
6860.01334
6859.82202898
6861.61811809
6865.13522579
6870.02027454
6875.33202165
6880.37731054
6886.21512289
6888.68246285
6890.4393126
6892.32649556
6894.79237189
6900.17938468
6907.1283747
6914.03979809
6920.19955436
6924.63031175
6927.26575366
6929.02846492
6929.20516747
6928.60130656
6929.86567106
6931.95251473
6935.66285011
6939.15324298
6940.36495844
6938.95550591
6935.65327375
6930.83800554
6926.04983548
6920.94954179
6918.02834259
6916.97264365
6917.80858826
6921.00629598
6921.82722091
6919.7382933
6916.62813187
6914.69473986
6914.87978513
6915.63021165
6917.89557
6921.15185795
6924.48480553
6926.94769882
6927.60402059
6925.66032041
6922.15952179
6919.48435265
6916.61133492
6912.24001505
6907.74972257
6903.18541198
6899.56249742
6895.45505001
6890.89952123
6886.90142826
6883.34793182
6879.47104175
6877.94056753
6877.80465857
6878.81143029
6881.10996436
6883.60943458
6886.03474731
6889.06286853
6891.23915423
6893.86449706
6896.8628577
6899.31695524
6900.90799607
6900.1879574
6897.50107221
6893.58947309
6889.05081096
6883.75767989
6878.62122745
6872.95270191
6868.82490998
6866.16131052
6864.66192111
6862.10801063
6861.258963
6862.02172587
6864.03582689
6866.9448361
6870.56510217
6875.76232334
6882.498466
6888.80122636
6893.19519773
6896.94907276
6899.68983366
6901.59778629
6901.33795625
6900.89816881
6901.09910497
6901.19695942
6901.93923141
6903.71810539
6902.90509105
6904.07871715
6906.94339913
6908.9922789
6910.80356194
6914.08217381
6920.0792366
6927.29688726
6933.32322275
6937.78821525
6940.75625774
6942.3938561
6944.93864326
6946.69512362
6946.85697376
6946.82075228
6947.08783777
6947.50393524
6947.71598805
6948.40422403
6949.47989114
6951.13279494
6954.01713842
6956.72403359
6958.68296951
6961.79991942
6965.9058335
6970.89624306
6975.82830237
6979.92363645
6982.12987091
6983.45328959
6985.09451916
6988.07047921
6994.10333833
7001.4112186
7009.22048443
7015.98271464
7021.12403889
7021.42071768
7020.34425603
7020.9045982
7023.31795094
7027.44761772
7031.34576533
7033.76959352
7031.97890591
7029.47811841
7026.60074462
7023.20732802
7019.83291079
7017.3339145
7016.11962723
7015.40551976
7015.38042887
7015.97423252
7015.83750114
7015.03503892
7014.44293587
7011.40489679
7007.43633439
7002.49761903
6998.24223995
6995.40079491
6991.71902829
6988.70674918
6984.00555389
6975.82625328
6967.1073523
6960.1406523
6955.88143292
6952.30306165
6949.18510113
6947.5953009
6947.25442033
6946.85939921
6945.97536373
6945.56247233
6943.8905343
6942.63158526
6941.01686142
6939.12798482
6936.13597357
6933.96442029
6933.03072577
6933.14838111
6932.76438604
6932.24627322
6932.39207914
6932.87473017
6934.45396435
6937.64205389
6940.1480338
6942.88174137
6944.27298907
6944.99484684
6944.60131723
6942.97884309
6942.49118782
6943.08416208
6944.23050184
6947.32185905
6950.0327618
6951.72298132
6952.06118553
6953.3915042
6956.34889003
6959.69687122
6964.85049001
6971.86254876
6976.94299277
6982.62600133
6988.84860328
6995.22360449
6999.75310844
7003.59754763
7008.27374962
7013.3219379
7018.56251054
7025.59646108
7033.15614928
7040.36150541
7047.21250159
7052.39856428
7055.49512785
7056.49700685
7057.28560636
7059.52768594
7061.82608061
7065.23077418
7067.15113286
7066.38906696
7062.67868279
7057.1542068
7053.18775622
7051.38318499
7051.52710212
7053.10600872
7055.00021713
7058.99889556
7062.73848273
7065.96970071
7069.51497292
7072.40948518
7075.61240622
7079.78892325
7083.03540486
7084.98266654
7086.32523793
7085.70256582
7084.43547618
7080.56527702
7077.59604969
7075.78044544
7073.60994458
7073.73337779
7075.63833346
7078.16038549
7080.97028571
7083.81768286
7086.66800728
7087.40296109
7088.31912684
7089.83663745
7090.40487627
7090.33782786
7089.85650106
7089.67082852
7088.52752058
7086.07725636
7079.99494729
7071.79190095
7062.43641636
7055.38663766
7049.03987067
7042.97441431
7036.84321287
7032.73320758
7027.34008237
7021.54144665
7014.67485231
7006.56873344
7000.75752441
6996.6418667
6993.49569985
6992.71564518
6991.98079591
6991.28189631
6991.60932537
6988.85319631
6984.8517091
6980.62117697
6974.61681691
6970.42721777
6967.21045492
6965.44275336
6964.25118031
6961.96754744
6957.76968224
6953.21057801
6948.02836956
6944.38889502
6943.37452633
6943.31732609
6945.4354567
6948.26715811
6949.18163719
6948.4992906
6946.79794746
6943.90693398
6941.81178244
6940.20823799
6938.57973507
6938.76143489
6938.65385772
6937.77454769
6936.42515995
6932.04201252
6929.52178655
6928.35763923
6927.93141481
6928.52714906
6931.15348159
6934.02704296
6936.7977317
6938.15284156
6937.99612808
6937.80430827
6937.16469285
6936.94843731
6937.25661609
6937.11250381
6937.1058826
6938.03812046
6938.18053213
6937.29930544
6935.96475617
6935.01991711
6935.77805211
6937.93682298
6940.191218
6944.05738171
6949.22050716
6954.33289326
6958.05293044
6960.19500891
6961.93702717
6962.63918859
6963.42943992
6963.28207976
6962.57602925
6961.35967896
6961.03397837
6960.63386241
6959.97179762
6959.82965776
6960.53989705
6960.8318016
6961.91928234
6962.87627653
6965.43270306
6968.41110948
6970.41784353
6970.35108784
6970.21369434
6970.05340541
6969.19814081
6967.85989064
6966.94829003
6966.40347634
6965.88422746
6966.11348147
6967.39060747
6970.0244115
6974.84337365
6981.93812777
6988.56880508
6994.96367687
7004.33983355
7010.83526403
7015.87476111
7020.09249689
7022.40137397
7023.42368113
7022.9653822
7019.65850126
7014.40049743
7006.10917996
6996.98527727
6987.3974511
6979.20116536
6970.36654662
6962.52229294
6958.38048497
6955.44848275
6954.58925936
6956.33621913
6958.81819544
6962.50996356
6966.81187926
6969.63774007
6969.3224313
6965.71907369
6962.30912498
6957.83473733
6949.67592761
6939.79825294
6928.35441226
6914.52272791
6902.13138576
6889.25181682
6878.37673073
6869.89071497
6863.167752
6859.30034768
6857.87790365
6858.02147229
6859.79108355
6862.76887664
6867.66529295
6872.45053574
6876.32206611
6879.1462542
6882.82694749
6885.10986945
6887.401852
6887.64850933
6886.30726219
6882.22232688
6876.10712088
6870.69675962
6865.43186276
6862.01441466
6859.44558905
6859.1770469
6860.47487984
6861.28000449
6862.3987861
6863.57868492
6866.23462469
6868.73785158
6871.80312124
6874.1871734
6876.50711138
6878.45883367
6879.58597194
6879.51878413
6878.30222474
6877.24973185
6876.79315443
6877.46279528
6879.61280525
6884.04378567
6889.51290141
6894.02751811
6897.15837255
6899.56472772
6900.75368714
6901.94292534
6902.68115491
6902.17480693
6900.67416297
6899.03405552
6896.71516996
6892.08450793
6887.4312641
6884.73845467
6883.56224978
6885.25351476
6888.011212
6891.77616884
6897.83722036
6905.56674596
6912.39969064
6917.18758889
6921.77941581
6924.92845417
6927.42964592
6929.4074
6931.13155494
6931.55076786
6932.16664451
6931.13142949
6927.54785883
6924.43701436
6920.9378118
6917.63636722
6915.73740549
6916.41276845
6918.29416657
6922.03885555
6927.18599252
6931.87641268
6936.45004174
6940.80568678
6943.84638829
6944.62786478
6943.50662287
6942.76538937
6941.02194929
6937.80395281
6933.75709989
6931.16457036
6927.76644225
6924.88349967
6922.19398691
6919.66598277
6920.14384563
6923.44707444
6928.92826169
6934.31599933
6941.27426601
6947.47570102
6951.71891799
6954.19145037
6952.68690339
6951.07146167
6948.0230935
6944.58884845
6940.62122
6935.36522344
6929.69870516
6923.91901306
6917.72829744
6911.01530112
6905.8940426
6903.87457493
6905.55050658
6908.19118273
6911.09175862
6913.73724385
6915.15759698
6914.43372497
6913.02034154
6911.55092179
6909.61418434
6910.96714056
6912.28719985
6911.60556416
6909.22994533
6903.09180904
6894.86680818
6886.57406192
6879.1597754
6873.08373905
6870.93463514
6870.89476851
6872.378274
6873.47105169
6873.87040099
6872.59077288
6870.2092995
6867.52673552
6866.95676124
6867.74314439
6869.36443368
6871.59703448
6873.11509569
6874.12291286
6874.84350911
6875.22357327
6874.93482599
6876.12197328
6879.39319032
6882.52021143
6886.9499373
6892.04505948
6896.83010015
6900.63952362
6902.6589216
6902.01408588
6899.08946456
6895.20044724
6892.55328928
6890.281937
6888.68030224
6889.27237741
6891.06456349
6891.83715363
6891.31303294
6891.16311491
6893.40874903
6897.41325411
6902.317128
6905.42170671
6908.81866392
6912.67450552
6915.11842732
6914.66525807
6912.21757264
6909.71182969
6907.58475
6907.31376846
6907.32812602
6906.3054634
6904.42838649
6903.12268477
6901.9124678
6900.23109978
6898.02038381
6895.93407681
6897.08407566
6899.22732503
6903.51675104
6907.59785302
6910.18102923
6912.22105749
6914.71906408
6918.65401166
6922.11610759
6925.63995498
6928.78927213
6933.42542628
6938.10958766
6943.87307523
6950.10875233
6954.14115708
6959.28218164
6964.24329062
6967.9969705
6972.35196039
6977.82318795
6985.27624686
6992.81296993
6997.71669745
7003.85025465
7006.79092019
7007.20777038
7004.32260448
6999.58329891
6993.3026255
6986.5288953
6979.49329991
6971.74725614
6964.72592074
6956.73411873
6948.9226017
6940.74091745
6933.90393732
6928.47515517
6923.69106935
6921.31154052
6920.91111789
6920.36845783
6920.04244361
6918.8224621
6915.71635702
6912.19415448
6908.57026417
6904.85702243
6901.70156498
6897.27142092
6893.01754033
6888.1550664
6883.79420107
6880.04269573
6878.12826128
6877.52440734
6876.7210739
6876.99122605
6878.27107023
6879.26229954
6880.37271055
6880.44178018
6880.60821637
6881.54055181
6884.16868251
6887.44367014
6890.36264601
6892.05175038
6893.73973961
6895.31781682
6895.34855315
6894.16851493
6892.79241934
6891.08798165
6891.073415
6892.82601325
6895.74582548
6899.21491898
6903.2410301
6909.13446057
6915.50308451
6922.03676464
6927.99684626
6934.10122137
6941.25010907
6948.67629285
6955.15213153
6959.590228
6961.24387059
6961.20048427
6960.69566265
6960.58741639
6961.09257953
6962.20953508
6964.68468109
6966.83338772
6968.44377642
6969.60741495
6968.97157013
6968.51849846
6969.66335368
6971.89313873
6975.0858422
6976.87166496
6975.94965861
6973.69872056
6970.02538726
6964.8569997
6961.25817936
6958.11864765
6956.75236538
6956.59333796
6955.84440993
6953.54352011
6951.31671112
6949.05000066
6947.39518019
6946.27509525
6945.38657129
6946.62271551
6949.62206584
6953.90056338
6956.65575154
6959.08820123
6961.91874567
6965.85206234
6970.17930589
6973.52343982
6977.38379081
6982.25543685
6989.31762857
6996.22399197
7003.04678181
7008.18833607
7012.88318198
7015.24638083
7016.51851652
7015.65885405
7012.42225547
7009.70444576
7006.05887971
7001.77639551
6995.91807137
6987.70704473
6977.56654305
6967.72764077
6957.32460481
6949.00741585
6943.62838335
6940.25221673
6939.66203035
6938.48637607
6935.76068365
6933.4553611
6930.64808149
6927.56640517
6923.93296638
6921.81875971
6920.69109872
6919.25895287
6917.38357657
6913.67402876
6907.18622313
6899.88840012
6893.68913966
6889.65424672
6886.15936537
6884.24221274
6884.90983935
6885.71999611
6886.42240147
6886.79820715
6886.01829884
6886.21867743
6884.21942185
6883.22568345
6882.29759953
6880.2322713
6876.8957413
6874.89551694
6874.06131474
6872.8398696
6868.76776549
6865.77107061
6861.80121185
6857.56865153
6855.4791315
6857.20489644
6859.08310244
6862.54194353
6866.04344609
6869.13562573
6868.35739014
6865.52754964
6863.97281392
6863.61583337
6864.71724651
6867.06359962
6870.47212651
6872.41632154
6873.40064388
6873.49759924
6873.95675545
6875.34457406
6879.14506935
6885.52442661
6891.1520331
6898.94547076
6905.84992447
6911.34064625
6918.15052126
6921.99887741
6925.89177685
6930.02244726
6934.17620129
6939.33460128
6942.75374999
6944.05084414
6944.93259356
6944.39704955
6941.73165889
6938.71929614
6936.10434512
6934.92176994
6933.79656925
6933.44287142
6932.24169413
6928.86489327
6923.82985679
6917.44198257
6910.93751938
6905.21038571
6901.30742901
6898.38064709
6896.33873701
6893.5037459
6892.63622859
6892.64828615
6893.12076144
6894.00256662
6896.13313115
6899.81668201
6905.84288508
6914.47777341
6925.58085201
6933.36891604
6939.25581591
6943.97012816
6948.30641837
6951.16355218
6952.45543998
6953.86982705
6957.80527645
6962.79519813
6966.91972824
6968.61279837
6967.51703765
6964.2380285
6960.05141935
6956.04326215
6952.37464733
6949.49964324
6946.8705089
6944.16040767
6938.89183082
6931.0849765
6922.64908676
6913.8732922
6905.23010993
6897.32313602
6888.66148408
6880.1872471
6871.04586442
6861.39864255
6852.07270945
6843.79160258
6837.82317128
6832.29753135
6828.03068713
6826.31231006
6826.39211301
6828.21852725
6832.28951621
6837.67646628
6842.30822952
6847.16109922
6850.78142802
6853.36424877
6854.51732822
6855.98185524
6855.96932374
6855.8622693
6855.46352637
6854.0718814
6850.96188026
6847.24661731
6844.57804846
6842.9015662
6842.87807835
6844.70839561
6846.6419967
6847.58144122
6848.43138098
6849.21791049
6847.53515551
6846.7995117
6845.00062774
6842.77338663
6838.87337114
6833.87895401
6827.77168648
6820.53241584
6814.79023462
6809.63711765
6807.04306176
6805.40616733
6806.84819619
6808.74800126
6811.86352239
6815.97884555
6820.14804441
6825.15667273
6830.948053
6836.85312286
6842.22515779
6847.77917132
6852.56649805
6856.46751718
6858.56978478
6860.23476705
6862.27479531
6864.83665124
6867.18599434
6869.60865162
6871.97346743
6875.52863661
6877.46384073
6879.8094899
6880.99370993
6880.15191077
6878.57160326
6876.1515875
6872.37317915
6868.38958314
6864.80862611
6861.74997766
6858.19515697
6854.00037238
6849.41766181
6844.67570776
6840.74605715
6839.90571465
6839.39609092
6840.59967972
6844.91197328
6850.76707046
6857.85922488
6864.44306587
6869.91977858
6873.89347763
6877.20205917
6881.27549449
6884.87673332
6886.85961012
6890.26158551
6894.37196019
6897.82453552
6900.56216006
6904.2461988
6908.73474885
6914.21592216
6922.20552872
6933.37811603
6947.19729675
6961.77091157
6975.83607357
6988.99327314
6999.20327657
7006.24662922
7011.96215835
7014.02087932
7014.76421767
7014.2787927
7012.13734151
7005.81923389
6995.52242994
6981.88296964
6967.86645609
6954.99546684
6944.80485309
6937.43589742
6932.95976039
6931.95305836
6932.32966556
6933.69314602
6935.3627701
6938.06477255
6943.20468196
6947.86711184
6952.28395773
6957.21960643
6961.46593885
6964.60020147
6965.79738512
6963.67420846
6959.93427978
6956.54224317
6952.99906186
6949.30352313
6946.97750061
6946.56268557
6946.84198196
6946.81604774
6946.12586025
6944.73634103
6941.7057874
6938.82175058
6936.20356563
6934.09678167
6932.60357438
6932.80434327
6932.71147215
6930.74436078
6928.70516191
6926.27336738
6925.20432844
6923.64585
6925.06313646
6927.43543773
6931.16523945
6936.05697911
6940.9932969
6944.19332552
6947.24328277
6949.80037142
6952.29930499
6954.94387022
6957.24600761
6959.11171696
6960.6957672
6961.78264853
6961.06442198
6959.3803776
6958.31048837
6958.63377047
6959.55441773
6960.592107
6962.50055448
6964.79535976
6967.05391569
6970.22225312
6973.50878256
6976.55820315
6978.04944499
6978.27947961
6977.78063102
6975.37249858
6971.03799261
6968.72044523
6966.19768927
6964.32701053
6961.94035171
6958.17114336
6954.27841816
6951.78030005
6950.94116331
6953.69329874
6958.44333763
6963.30443156
6969.22087594
6974.88802846
6977.59927272
6978.23553572
6977.24312156
6977.09311292
6977.94494843
6978.26576326
6978.36450286
6976.81848622
6973.84663132
6969.37863488
6965.21327631
6961.79705488
6960.41644293
6960.03140937
6962.92313376
6968.68167285
6975.41849853
6981.93228717
6988.18415486
6994.01483721
6998.92098321
7002.94744979
7008.54723328
7012.8647123
7017.43742833
7021.55245179
7024.66218808
7024.19031916
7021.1173898
7017.44077378
7014.81476186
7014.29542238
7014.76041222
7018.2593569
7022.91607164
7029.16897084
7035.94717558
7042.35922068
7047.58403485
7053.77908563
7058.97429255
7062.99329459
7064.46062343
7063.04312788
7060.02044302
7054.01196388
7046.33990337
7036.2107135
7025.37927857
7013.66994149
7002.622258
6991.31056264
6981.78372126
6974.51803549
6968.44033339
6963.33515395
6960.07962569
6956.63061884
6955.08295735
6955.46920363
6957.3789196
6960.39856567
6963.08765329
6964.79949976
6964.26734999
6962.94807131
6961.25610239
6959.36806913
6956.26638284
6955.10040249
6954.80934823
6952.85789079
6948.91345049
6944.56410605
6941.47948853
6939.28479588
6937.06855294
6935.49615603
6934.02656205
6933.87220432
6934.97556898
6937.07127112
6938.66512074
6940.30990485
6942.3233786
6944.19858763
6946.06505667
6948.68285133
6952.69123156
6957.1467662
6961.63869656
6964.43400225
6965.30096198
6962.95259464
6959.05326914
6952.91315346
6946.93410035
6942.61931164
6938.88773961
6935.74070851
6934.15266465
6933.51746801
6934.34295809
6934.92399327
6937.06618325
6941.05788502
6946.82436258
6955.58362503
6965.01742106
6973.06087544
6979.84197259
6983.04680333
6984.91527267
6986.56913132
6985.97131313
6986.54158014
6986.3128837
6986.99247029
6987.6104727
6985.84379568
6983.60646944
6982.11700487
6981.00676113
6981.31395718
6983.35551181
6986.47762626
6989.68216427
6993.92163155
6998.62760805
7002.22042749
7005.6801607
7008.100741
7011.49909215
7014.21457398
7016.90092948
7019.88871012
7022.68217581
7024.55536364
7025.77321242
7025.63301711
7023.69928359
7022.76945724
7022.14823483
7022.74087454
7023.27055008
7022.54464989
7021.42368677
7021.62927172
7020.40758264
7017.35007024
7012.60112559
7005.59137381
6999.08271487
6991.54403332
6986.11348784
6982.19673812
6978.95764439
6976.57934919
6975.66303708
6974.2019252
6973.09007147
6970.79532194
6969.58388528
6971.11249163
6976.14007751
6982.34972281
6987.66125387
6990.03184756
6990.59414821
6990.05358602
6988.04180591
6985.62180409
6981.11868738
6978.17826577
6977.13262409
6976.13917842
6974.51363762
6971.51184092
6967.93370662
6965.39064796
6962.02152072
6958.47906426
6955.42005338
6952.8045866
6951.11785192
6951.13558979
6949.60439768
6946.18648261
6942.69608277
6938.28159961
6934.6104548
6931.45258583
6930.05760238
6929.56153469
6930.4243405
6930.79963739
6931.48382398
6932.72898698
6935.2592493
6939.15677661
6943.22809315
6946.47559232
6949.66018308
6951.6391011
6954.07559321
6956.10924421
6958.34114107
6957.47734557
6955.68657433
6952.71449639
6950.53736038
6948.93859016
6948.74909823
6949.27169953
6948.47062427
6947.43334622
6945.78342544
6943.19650651
6942.57977258
6946.18849685
6953.29958792
6961.76108431
6969.01789766
6974.34996142
6978.97681801
6983.34463909
6986.11589935
6989.07150791
6990.9555336
6994.00457783
6996.73059086
6997.40014807
6997.18212222
6996.67145304
6997.82716006
7000.0576142
6999.99587668
6998.45826549
6998.26620175
7000.58323337
7004.01565236
7007.17275466
7008.95528075
7010.27972398
7011.00992446
7009.47351205
7005.64339558
6999.75791753
6994.38706047
6990.60677031
6987.57556153
6984.93426508
6982.41804669
6980.21506707
6977.51083432
6975.29230533
6972.48354117
6972.0841849
6972.6587522
6974.99704138
6977.8570467
6979.92539281
6981.53494514
6982.21218992
6981.54068817
6979.01125524
6977.55398367
6975.39386068
6972.42616668
6969.23511502
6965.11886489
6960.20137224
6955.131327
6951.1517525
6948.34418712
6946.68212515
6944.7743119
6943.98424876
6944.2170364
6944.64037537
6945.94072437
6947.0049124
6946.07761606
6945.70499552
6944.74280194
6943.74453324
6943.50143742
6943.12984143
6943.42348841
6943.55995494
6942.15739543
6941.12565828
6938.87838629
6936.38687544
6935.22416388
6934.58926694
6933.98544785
6932.47278118
6930.08030963
6926.69750089
6921.58666206
6916.60359856
6911.20034639
6906.04660912
6899.93697886
6894.08662108
6890.34584906
6888.04571197
6886.43208934
6885.59314775
6886.19811684
6886.97370395
6889.85894652
6893.52367922
6897.80272039
6901.03059292
6903.5423995
6904.86580424
6904.81018611
6903.0566818
6899.85571228
6896.10120997
6891.35464199
6887.39104899
6883.66038302
6881.01705839
6877.1475562
6875.81293723
6876.138136
6878.19795818
6881.53901847
6885.66368102
6891.46148734
6897.80195373
6904.57537726
6909.43931482
6911.07301015
6911.88839418
6912.252212
6912.43091485
6911.67867621
6911.42672192
6911.41097042
6911.26857965
6909.50113597
6907.5084319
6903.58428734
6900.57142974
6898.95655257
6899.29019163
6900.20712405
6903.34836333
6908.69063072
6914.30694631
6918.83762117
6921.30779083
6923.44968111
6925.89933199
6930.41346778
6935.60981774
6943.23891011
6949.59419405
6954.64199204
6957.69266717
6960.37817933
6961.0657044
6962.38972944
6965.57227111
6968.01885533
6971.70047558
6973.44977717
6974.27801331
6974.9354572
6973.98302815
6971.32247445
6968.83842814
6964.73293225
6960.64309028
6956.14121417
6950.96044845
6946.17455747
6939.92977796
6934.6693208
6932.2620526
6929.77228418
6927.94014086
6931.67889864
6938.96944529
6947.22857672
6956.13393085
6965.59382139
6975.36271313
6983.17892077
6991.04360261
6996.8425659
7001.66262926
7003.59177672
7003.24824767
7000.23625432
6992.37902309
6982.92616496
6973.16729563
6964.70616864
6951.36025774
6944.25890333
6939.02433856
6936.47059536
6936.61155037
6937.87413759
6941.6017578
6945.57524777
6948.29222111
6949.53507714
6953.22061437
6956.12397116
6959.71143091
6962.16368845
6959.99790608
6953.78190441
6945.00109865
6939.01692281
6933.11404841
6929.48830416
6926.6737691
6925.18549634
6924.57183605
6925.73756549
6929.05191793
