7190.39020216
7189.57577994
7188.12650957
7187.34395278
7186.23653874
7185.52940096
7184.00170764
7182.49346672
7180.74225544
7178.84483401
7177.47027174
7175.81106734
7173.94040255
7172.83605517
7171.05544573
7169.6510532
7167.99198122
7165.49347978
7164.50163017
7164.15900021
7163.69343188
7163.53269689
7163.57222201
7163.51270085
7162.44334132
7161.97581451
7161.73354809
7161.65026726
7160.44360483
7157.64999975
7154.65478941
7151.09863751
7146.52952481
7142.35376747
7138.07987689
7132.20457459
7125.4878913
7117.95295247
7110.83264747
7102.79680399
7094.86006951
7086.75801397
7078.31201121
7070.70000154
7064.58727675
7057.80339171
7051.77603168
7048.03045058
7045.26441759
7042.78697855
7042.17019583
7042.34534414
7042.79171097
7044.17722261
7046.8343542
7049.67975105
7053.28294836
7057.2010711
7061.01287123
7065.56608607
7071.36985148
7077.68812637
7084.09210755
7089.42559312
7094.05430365
7097.8998301
7101.87297158
7105.69737988
7109.3212005
7111.88785854
7114.98358575
7117.39732879
7117.69451637
7117.99142516
7117.83662835
7115.99007868
7113.64435981
7111.1916562
7109.4269307
7106.00620684
7102.46114372
7099.38451347
7096.31589835
7092.7152868
7088.53451826
7083.64179588
7077.52105594
7070.89924407
7063.96692555
7057.51838018
7051.14932413
7045.6807102
7041.59090308
7037.05502883
7033.53172508
7030.61237284
7027.68449668
7024.86562647
7022.6608208
7020.20079204
7017.65062429
7015.39397109
7013.86195656
7013.10626793
7012.59928571
7012.6543602
7013.46278848
7013.92306681
7014.26213526
7015.06532233
7017.14739873
7018.55630066
7020.44587422
7021.77820016
7023.42085155
7024.3105046
7024.86010648
7026.06058679
7028.08860628
7030.34081281
7032.81519216
7034.03129155
7034.02195216
7033.35628404
7033.31356681
7032.76745675
7031.66034937
7030.23345171
7028.25601823
7026.44548792
7025.27324879
7024.21509651
7023.72770609
7022.06289806
7020.81720537
7019.57595934
7019.29489962
7019.5217909
7019.48352034
7018.29090183
7019.23937907
7020.37899308
7021.72870143
7022.93235295
7023.38648401
7023.95008102
7025.2706491
7027.06063973
7028.8220407
7031.45914836
7033.18406997
7034.44765386
7036.33356834
7038.24285915
7038.77837528
7038.02650604
7036.730764
7035.9353551
7035.14649073
7035.11739228
7035.12096076
7034.32627671
7033.77174726
7033.39576036
7033.33297043
7034.13533508
7034.75494749
7034.41601147
7034.11158238
7033.53771901
7031.20053801
7029.8200097
7028.16532863
7026.11264341
7025.12416712
7024.80732501
7025.41957046
7028.30573303
7029.86481086
7030.60271285
7034.00574763
7036.24547842
7038.45567864
7040.2654144
7040.23850443
7039.01586747
7037.87864406
7037.8652762
7038.0860481
7039.22050454
7039.26954328
7038.27703154
7036.52733269
7034.95692214
7032.16975008
7026.72328582
7021.78728167
7018.55002794
7013.95472314
7010.9214792
7009.32942776
7006.77761516
7006.35251983
7006.79713727
7008.04519965
7009.76720793
7010.92121435
7013.18338755
7015.11337137
7017.04075551
7022.30804994
7027.6253031
7031.57925006
7039.41325132
7046.36135619
7050.82709445
7059.27674236
7065.92742965
7069.12505373
7073.26019868
7077.6096407
7079.0519135
7079.03089291
7078.5856273
7077.85828439
7076.69580282
7074.92375217
7073.82484115
7071.28471672
7069.84173301
7068.5621258
7066.35054559
7064.78693049
7063.78457058
7063.46013151
7062.97360533
7062.91800811
7061.88806218
7061.61551245
7062.08212622
7063.49967056
7064.37282636
7064.97006606
7065.93426692
7066.48387576
7067.57180952
7067.90874525
7068.15596015
7068.21711221
7067.79230263
7067.25942105
7066.17216335
7064.55420557
7061.1318996
7057.27889466
7052.51800397
7047.2938798
7042.35061323
7039.15061249
7036.50430483
7034.54803133
7032.66962321
7031.15443351
7030.46293572
7029.83102878
7029.99939558
7030.08771549
7030.1009579
7031.05103119
7031.68574692
7032.183334
7033.32376347
7035.08342898
7038.78245255
7043.33876891
7049.26106783
7055.12733045
7059.90900476
7063.88501775
7066.82644299
7070.19776568
7072.94848627
7073.824186
7073.02757134
7071.31832456
7070.28659438
7070.18604963
7069.7188295
7069.9777256
7070.5730347
7071.83717617
7073.3940934
7073.98273947
7073.39131249
7071.91313185
7070.20129932
7067.96139428
7066.29135898
7064.67607757
7062.43851435
7061.08244965
7059.69232407
7059.28569841
7059.13554341
7057.26063408
7054.76771536
7052.07526835
7049.66859955
7048.02848513
7045.89489574
7043.18514997
7041.33218122
7039.55872269
7036.66902648
7034.63758488
7032.58702542
7029.8287009
7026.62847016
7023.5571996
7021.50875195
7019.86744571
7018.84416976
7017.27378012
7016.06692254
7015.29312665
7014.22127196
7012.65874413
7010.56863865
7008.16353105
7004.83406135
7000.94054161
6997.43481542
6994.85466406
6992.20022277
6989.99077528
6989.30013476
6990.93679919
6993.40190884
6995.65946113
6998.19925102
7000.62243799
7003.19831693
7006.41170644
7010.75177422
7014.37496757
7017.01970704
7020.65282523
7024.98037545
7029.24502421
7034.43540811
7039.37537802
7044.4554387
7049.18447791
7053.91667439
7057.46420478
7059.758334
7061.03688181
7061.55577523
7062.40499014
7062.60055964
7061.54019101
7059.50832425
7056.2362848
7053.44923122
7050.2514329
7047.49847505
7045.75809467
7043.97488554
7042.39625773
7040.67937914
7039.67668469
7039.1373422
7039.90605022
7041.02107516
7042.43920496
7046.11782825
7049.78534185
7054.19786653
7061.04134242
7068.52852493
7075.80235826
7082.93749476
7090.07475005
7097.88756345
7105.31627723
7111.51588618
7118.32624907
7124.38646422
7129.09504739
7133.00275045
7135.34358357
7136.66127316
7135.77514677
7133.08449098
7129.42798948
7124.48438837
7118.10147657
7110.89579286
7102.11893194
7092.23751455
7082.94500809
7072.0929847
7059.98443772
7048.60768727
7037.0086316
7026.28640475
7016.36831285
7007.68306153
7000.30970103
6993.77538665
6986.10002251
6980.09378761
6975.35999507
6970.97825551
6967.07506184
6963.34264648
6960.07980004
6957.89947192
6956.31935956
6956.12076522
6956.47203062
6957.32659825
6958.63964603
6959.73559493
6961.37418299
6963.03625891
6964.54001831
6967.2212929
6969.88581236
6974.48741776
6980.16059208
6984.85773799
6989.41916313
6994.55649375
7000.14352968
7006.32046623
7012.53717183
7018.28482426
7022.75526707
7028.00192424
7033.14621061
7037.44804268
7042.66812443
7046.74365762
7050.51606506
7054.52305136
7057.28959314
7060.46261421
7062.74719495
7063.51291994
7064.68604423
7065.64212539
7066.39425949
7066.77664456
7066.69357979
7067.04372308
7067.49714323
7067.6205625
7068.25477641
7068.514251
7068.63507058
7067.32693643
7066.33859257
7065.86096669
7065.28871332
7064.6445676
7062.92000842
7060.87319864
7059.39011831
7058.55744248
7057.24058228
7055.26323244
7054.39983421
7053.80527783
7053.34586375
7054.40497087
7055.96214598
7057.02622249
7058.77154438
7061.66826603
7064.71029178
7068.11338928
7071.20931164
7073.27918412
7074.44010447
7076.11556916
7077.47529992
7078.59528729
7079.44313614
7079.59726386
7080.21980354
7081.29683671
7081.392886
7080.87609743
7078.76809378
7076.15026428
7073.36294585
7070.88121348
7067.99560849
7065.78740161
7063.90501379
7062.04490808
7060.53134929
7060.05637189
7060.25510563
7060.11704304
7059.89717023
7060.42205061
7060.64404918
7059.22568241
7058.02360604
7055.92650995
7053.74769425
7052.75279889
7050.44194241
7047.81529625
7045.2218746
7042.63715809
7038.8786064
7034.77244838
7030.59101771
7025.00488785
7020.7166885
7015.7527777
7007.82807987
7003.85553778
7001.13686384
6999.62140232
6999.98138681
7001.03148212
7003.05331252
7003.97155524
7004.86589889
7008.77040984
7011.73045809
7013.33053861
7016.52587663
7018.86581065
7020.9507516
7025.12570045
7027.9340534
7029.88688387
7034.07922907
7037.0083319
7038.13473138
7037.91392463
7036.75991124
7035.27839212
7031.65968028
7029.38183226
7028.36827206
7026.20420422
7021.10663568
7018.18883769
7015.26561031
7011.52598133
7009.76615551
7007.78937021
7005.61762178
7004.4737005
7002.86734726
7000.42716121
6999.07952983
6997.60234585
6995.04336144
6993.90043683
6993.60868561
6992.76582009
6992.45459555
6992.56293938
6993.5389678
6994.51349773
6996.52478299
6999.4466025
7001.49131439
7004.32918398
7007.13900056
7009.20800879
7010.86095441
7013.81611691
7015.50524916
7016.05537377
7017.63572309
7019.29776416
7020.65656098
7022.31785629
7024.35364001
7025.67623627
7026.37399981
7026.91379533
7026.5370348
7023.9391874
7021.3584924
7018.77487014
7016.76680487
7015.93083934
7017.03971702
7019.18317549
7022.18274188
7026.55128781
7031.60588821
7035.82967369
7039.5819666
7042.84327273
7044.90147098
7047.45506782
7050.37693611
7052.93876415
7055.9755696
7059.095398
7061.94469788
7064.53833559
7067.24790015
7068.96879328
7069.5717551
7069.05562167
7066.46605426
7063.04084193
7058.16047681
7052.73149254
7047.8762671
7042.6312687
7037.66780397
7034.10522602
7032.05059625
7029.68927225
7027.70890454
7026.77343274
7025.77309405
7025.90337846
7027.70100091
7029.0160908
7029.72624646
7031.15714472
7033.47867877
7035.49466857
7037.6959197
7039.98696135
7041.55974856
7044.04469396
7046.08336313
7046.76672033
7046.86090175
7046.61298987
7046.53338904
7046.85218267
7046.86441447
7046.93448773
7045.77417374
7043.97067585
7042.09961378
7040.14987088
7038.36710085
7037.70493151
7037.84102168
7038.31609666
7039.60227628
7041.26300704
7042.75119616
7044.09352361
7045.56922304
7046.38687222
7047.31384099
7047.62579735
7047.8506047
7047.54909591
7046.87740597
7045.98097839
7045.90627028
7046.08909222
7046.89109444
7047.74650541
7048.44709168
7049.61611081
7050.92940253
7051.60108549
7051.69657025
7051.26734886
7050.26241016
7049.07161772
7048.06798933
7046.57459385
7045.68395111
7045.31519875
7044.79284139
7044.59951613
7044.56442374
7043.89606532
7043.06611463
7042.36840685
7041.40116024
7040.3911267
7039.81621091
7039.44024493
7039.5039688
7040.10135487
7041.13188626
7042.73637163
7044.53380589
7046.2561975
7047.80507868
7049.07167348
7049.8486824
7050.50782689
7051.44985019
7052.42553709
7053.07056796
7053.07234523
7052.26672574
7050.71700819
7048.32717816
7045.91395088
7043.85552263
7042.48995127
7040.8959065
7039.67638499
7040.05726461
7040.71776122
7041.14248716
7041.5825743
7042.93923143
7044.38241029
7046.83638935
7049.93980412
7053.07813705
7055.85835336
7058.94988481
7061.45995594
7063.8919526
7065.73045227
7066.63946015
7067.56964892
7067.62582462
7067.54768045
7065.89178666
7063.70396612
7060.15789239
7056.29123383
7052.56636665
7048.55114218
7043.56780686
7038.01565423
7032.27551512
7026.18959575
7021.08203268
7017.01130857
7014.21295015
7011.83475253
7010.82098324
7010.10925244
7009.88201964
7010.99175459
7013.21168449
7016.71840734
7020.95970068
7025.2101731
7030.42449788
7035.34530114
7040.1951669
7044.48543624
7048.21672251
7051.06501179
7053.46368636
7055.45354679
7057.29348222
7059.364895
7062.3135966
7065.27600757
7069.0745862
7072.28366845
7073.45468788
7073.08382371
7072.30383176
7070.57928651
7068.33016058
7065.70863017
7063.07912644
7060.62943374
7058.32452241
7055.71028926
7053.3170162
7051.35681877
7048.62406605
7045.16132193
7042.15672342
7038.75732682
7034.97468091
7031.97667572
7029.08472831
7027.35102489
7026.49067939
7025.82205612
7025.67583899
7026.13321793
7026.11843522
7026.44149429
7026.36689073
7027.37134154
7028.6431636
7030.07508641
7031.55045827
7033.23099689
7034.22221227
7034.15160931
7033.84624628
7033.38982916
7032.57990936
7031.89680308
7031.17543319
7029.22702847
7026.63912682
7023.9322874
7020.75704997
7018.10367505
7016.83853692
7016.37210436
7016.59559444
7017.30043919
7018.31391575
7020.49813296
7023.62031711
7026.40877856
7029.19372032
7033.3105559
7035.71222744
7038.84034977
7041.99499177
7046.03173864
7051.68782328
7055.46292799
7058.30185697
7059.82962696
7060.33149343
7058.09466203
7056.22819996
7053.11442125
7048.43345199
7043.26172595
7032.58227906
7026.4178531
7018.58434669
7011.44617837
7005.69545231
7001.46602138
6996.85301357
6994.49447048
6991.0433309
6989.1404522
6987.86868589
6987.81752837
6990.15806875
6992.10976317
6997.19364323
7001.78241046
7007.973147
7015.26125426
7023.46940241
7026.63194804
7027.83258865
7027.66999973
7026.04912862
7025.9317451
7026.53348723
7028.8145204
7030.82614718
7032.32246295
7031.33949969
7030.96609158
7028.59133699
7026.6572271
7023.16314029
7018.08285659
7017.01418705
7018.52674917
7021.69479388
7022.69707712
7021.25461614
7016.41561613
7010.87954258
7007.0529458
7004.08936391
7001.80078954
7000.73479636
7000.71540668
7002.27865936
7003.6962734
7003.02896043
7000.90089801
6998.22570796
6992.73808769
6990.29810377
6989.45915521
6990.22297748
6990.45122088
6988.94387906
6986.75267125
6984.12332782
6980.04419826
6976.63618712
6973.1723418
6972.64005264
6973.00656075
6975.23638064
6979.07726529
6983.37870705
6986.50895513
6988.27885912
6988.49988193
6989.02366807
6989.5789363
6990.66931642
6990.18158449
6989.90429537
6989.12270736
6986.16214336
6981.46062745
6976.16453426
6970.26734016
6966.03386682
6963.70808126
6963.34956041
6965.70175412
6969.10917283
6972.32197689
6975.44481619
6978.09514536
6979.43612766
6979.3465532
6978.76944893
6979.25729935
6980.98719035
6982.41992164
6982.63142386
6981.52115921
6979.36617288
6976.95837498
6975.58524151
6977.0357246
6980.15964421
6984.60519825
6990.99744943
7000.0707243
7008.79627436
7017.30520645
7024.67634363
7031.20986346
7037.22853229
7043.41385338
7049.97438773
7057.2952804
7062.24450606
7064.25487132
7065.23034217
7066.35021105
7065.85050518
7064.40433633
7063.18388088
7061.44435777
7059.8763657
7058.43810047
7057.69616303
7056.50730119
7053.32535892
7048.24630885
7044.0589191
7041.72545294
7039.07260772
7037.09501394
7035.61574602
7033.40641702
7030.82595203
7027.19038051
7023.53699447
7017.0571761
7009.21052485
7002.18005219
6996.00785502
6991.83795223
6986.27859991
6980.14415059
6973.03195133
6964.57302676
6956.02931591
6947.98135911
6940.24983321
6934.01690914
6930.03993433
6929.72734373
6930.18915539
6932.0101263
6933.51669449
6934.19373017
6935.5352561
6938.68555598
6943.27802412
6949.04563078
6956.24764842
6964.18852987
6972.54214243
6981.09680963
6988.78200104
6994.57510979
6999.19190214
7003.10993429
7007.55447772
7013.84985021
7019.43793159
7024.1044945
7028.7217817
7032.25889241
7034.76932596
7037.33496643
7038.30395546
7040.88595378
7045.97381354
7052.54775758
7060.16399784
7067.24297258
7071.63569637
7074.98184454
7077.00029464
7078.18777648
7079.72775737
7081.26337522
7084.01070157
7086.73313218
7089.13725705
7089.38063862
7088.9899178
7086.15646003
7081.56101584
7076.78467334
7073.22203963
7070.11072819
7068.70311566
7067.50721443
7065.07519687
7062.31365236
7059.15416642
7054.68048969
7050.75184967
7047.30294737
7043.79756269
7042.10966407
7041.34531908
7042.9269578
7042.76536554
7041.69880085
7040.45493421
7039.60732233
7039.04596259
7041.23854343
7044.80248744
7049.21637121
7052.51499306
7055.21716976
7058.3521642
7060.17880843
7060.10712517
7058.14029956
7055.87328243
7052.9259678
7051.8035062
7051.40860356
7050.07482096
7046.21286694
7041.85778645
7037.2776686
7033.98094948
7031.41672386
7028.92555453
7029.32486201
7030.79775963
7033.54703052
7036.75825943
7038.46991771
7036.66457285
7032.47339159
7027.6777082
7023.98012039
7020.65428886
7016.84800176
7011.86158584
7007.23424834
7003.56124959
6997.86823953
6991.82055588
6985.50582159
6983.77758241
6984.72537661
6987.42046513
6993.80595571
7001.06989208
7008.39764294
7011.59457701
7012.67724866
7013.24106173
7013.17897573
7011.48078986
7008.39165597
7006.18836969
7003.96712252
7002.39641227
6999.32829201
6993.14883243
6982.94195142
6975.01637541
6969.6539935
6967.77815022
6969.15191794
6971.68972146
6978.66946873
6986.71378735
6994.43383417
6998.76811711
7002.17159098
7002.09659015
7001.86000402
7001.56385492
7002.65247868
7004.28513554
7005.62599238
7005.68355505
7003.52405236
6999.54061664
6994.62683186
6990.0480522
6986.99796949
6984.98043939
6987.6911888
6992.27300027
6998.00418333
7002.99371471
7005.96952143
7006.92981925
7005.49901159
7003.90538501
7003.00349318
7001.72236658
7001.17503683
7000.21772203
6998.76298742
6996.42733976
6992.78304219
6988.14058047
6984.51073804
6982.3533611
6982.88868905
6987.03789884
6993.63319801
7000.1464918
7005.6849908
7009.99982831
7012.12564648
7012.89595753
7013.06700766
7012.61153145
7011.84545101
7010.70799063
7010.28867317
7009.83898877
7008.54668976
7005.0672393
6998.56060853
6990.82484506
6984.59435341
6980.89739286
6977.69920424
6976.77443789
6978.05950237
6980.43795787
6983.67715614
6985.99979837
6984.424976
6980.93033859
6976.84862328
6974.45767809
6974.76864475
6976.15917457
6977.0900394
6976.86410993
6977.69078486
6977.02712401
6975.25928305
6973.65272768
6973.35211798
6975.82382097
6980.02131677
6985.6702087
6992.34706717
6997.8959092
7001.820688
7003.92054408
7005.72370743
7007.53227926
7009.6857462
7011.51682315
7013.64542224
7014.57377797
7013.88003594
7012.95662868
7012.17087977
7011.44052596
7010.56488895
7011.43708293
7015.97308961
7023.12958821
7032.09644985
7040.46842753
7048.06018328
7054.71025723
7059.6641247
7063.43623941
7064.69586452
7064.88543312
7063.62727165
7062.30098146
7061.02831607
7058.27533033
7053.06509676
7046.33285712
7038.73672442
7031.94468485
7027.12888693
7024.06424454
7022.10663287
7020.63107283
7020.80571235
7022.57149725
7024.89532432
7026.20590483
7026.28214627
7026.64336439
7027.73283845
7029.75971491
7032.84389334
7034.91900702
7034.30772339
7032.83465153
7033.00326924
7033.8199357
7035.58332999
7037.96661549
7042.53852304
7049.31146566
7057.1936902
7064.30639127
7070.755543
7076.0345953
7078.1142114
7079.58011145
7081.15943624
7081.81040528
7081.46099381
7079.15194946
7075.40595017
7069.2534842
7060.63825039
7050.54252898
7040.55411987
7029.14664704
7022.15537191
7016.24539539
7012.85397212
7012.44545768
7013.88415503
7015.26439062
7018.08600689
7022.32968385
7027.75066692
7032.57641058
7036.19395848
7037.86662832
7038.95668086
7038.64344906
7036.37660617
7031.09760963
7025.44351135
7018.25560732
7011.95812301
7007.89077223
7006.8871299
7007.84407531
7008.95157299
7010.07287066
7012.45706918
7015.21204128
7018.89025335
7023.1877433
7028.62838786
7032.87915997
7039.11179131
7045.37739626
7049.56826389
7048.96350389
7044.75662688
7041.1062169
7037.14437328
7033.82328115
7032.41237892
7034.15738021
7037.10477847
7040.818759
7045.60872027
7049.40082406
7051.90205065
7050.75802482
7049.34832138
7048.16990711
7048.28897729
7049.07701923
7049.16184733
7047.34155248
7043.60844015
7040.13415423
7033.58633957
7024.28908674
7016.86978901
7011.45708594
7010.65968371
7013.21550388
7018.19150708
7023.12861245
7026.17328668
7027.82204351
7029.56273056
7032.13941101
7035.03980569
7038.67594872
7042.03952111
7045.31799359
7047.56016378
7048.73278624
7046.7260034
7041.88271703
7035.01615753
7029.70024951
7027.73519421
7028.12857745
7030.0460019
7032.16310796
7033.86578232
7036.16095699
7039.19061851
7041.40371114
7042.23506971
7045.46193163
7050.12238212
7056.65611801
7063.37391645
7067.71978998
7069.69852679
7067.85631227
7063.06048949
7057.8026599
7053.40079187
7051.19243166
7051.16972441
7051.7305893
7053.03339861
7056.17282577
7058.43539623
7059.28095902
7058.50359465
7058.19948617
7060.27055046
7063.67665887
7067.47367629
7069.42297312
7068.60613243
7065.27688576
7059.46891762
7049.21458697
7037.03895672
7025.15858345
7017.56171893
7012.47261856
7008.81160071
7007.34578429
7006.49477817
7006.8897296
7007.87878437
7009.14710067
7011.24720069
7014.01082217
7017.6173022
7019.82033061
7020.85544109
7021.99753631
7021.70103873
7021.67778087
7019.71761828
7017.10723938
7014.34745123
7014.03658912
7017.2784986
7022.03676869
7026.91115382
7028.61743151
7028.81540555
7027.51622746
7026.02672804
7026.98517193
7029.96994167
7032.93205295
7033.61685287
7034.00141249
7033.38796128
7035.20518249
7038.62019817
7040.9489319
7041.30818457
7041.86513947
7043.24555627
7047.05892458
7051.31359275
7056.71982098
7062.75862524
7068.79181891
7075.69039019
7082.53126638
7088.79804223
7092.13401466
7093.30610742
7092.56285968
7091.48395167
7088.50900919
7083.02858861
7076.23487631
7066.7540767
7057.28010739
7049.22072727
7046.50501544
7045.49893372
7045.33046934
7045.80414341
7048.44435956
7053.63056164
7057.55651832
7059.96882561
7060.65419008
7057.24836045
7051.99729146
7043.99010735
7033.69448825
7021.95936332
7008.1711071
6995.47852101
6986.41521977
6977.64875066
6968.10360687
6959.04578381
6951.20507074
6946.22464178
6943.04872132
6943.13570305
6944.73602751
6951.61576669
6963.48520452
6977.90015434
6990.25644593
7000.28304196
7006.23556843
7011.62114547
7018.43765563
7025.29338422
7034.57126131
7042.51689609
7049.83404605
7053.46467605
7053.10968883
7050.88595348
7048.61789787
7049.31187687
7059.85865572
7071.33642485
7085.97106627
7098.80533223
7106.16197942
7102.35882867
7099.43511342
7088.84592401
7080.05658734
7083.27634715
7084.83187044
7093.72874943
7099.16273793
7098.93085634
7086.88256233
7096.13454702
7113.61167197
7111.54118616
7100.32096101
7094.58567281
7101.54372343
7111.8684131
7110.38268429
7082.98241441
7052.13130466
7025.4175841
7012.49826702
7015.50849704
7021.19423772
7021.2557522
7014.71943056
7015.02921237
7026.31335654
7025.42233743
7006.22947692
7000.31515829
7009.5067088
7011.34358454
7011.63491758
7006.66074043
6994.73518266
6968.57151004
6943.44606334
6949.50978425
6964.05380577
6969.65616804
6965.77585586
6958.65099268
6950.42466061
6953.9621198
6965.23845792
6958.0139909
6941.77152563
6925.45004498
6925.67398112
6957.7291327
6993.81467479
7011.74310111
7016.68364253
7004.81843531
6983.40130975
6969.50457032
6966.10094311
6954.70881057
6948.83310402
6954.61979369
6986.27442506
7020.4701845
7030.20765689
7031.4426302
7045.59944362
7048.94415603
7041.42230628
7029.31637293
7034.17615655
7044.94570063
7058.30727939
7077.73428663
7095.89562605
7085.84170883
7059.18939821
7037.77607811
7031.02185607
7026.31930168
7034.78008019
7051.66990421
7058.40091718
7055.79587706
7052.83657456
7051.89429338
7040.26208986
7018.64754087
6998.37506145
6999.96058228
7029.52037575
7062.78870643
7075.92970147
7059.17628822
7022.5987348
6987.37831244
6977.43397966
6987.66695518
6995.51155037
6996.8799793
6999.7667343
7020.02032586
7050.60494255
7069.31192505
7070.2558232
7051.73336324
7025.80329371
7010.43801272
7032.14319556
7082.08216744
7115.95272114
7119.47701459
7103.11204307
7086.31509017
7066.6384147
7042.1408395
7004.51466834
6966.33861651
6932.25678362
6934.02123035
6967.00089737
7004.40571117
7013.31435499
7018.80794829
7018.1144014
7006.10247523
7010.42938424
7035.24301397
7061.17037926
7084.88637342
7109.08799467
7127.86678589
7109.84936361
7068.81269313
7025.85856336
6997.98569971
6985.51816491
6996.88322021
7025.82851702
7051.87569128
7062.24716848
7068.29365335
7067.39599212
7061.50116074
7035.24559973
7007.79053415
6995.70654139
7010.13604393
7037.15910024
7070.86615895
7090.10395305
7099.4063286
7085.40143351
7055.44688377
7024.9317758
7002.99295501
6994.15552051
6992.12991254
7000.08981428
7011.19434257
7029.16005672
7045.50902583
7050.68899004
7035.96032053
7016.76199579
7008.97837842
7022.9210272
7044.29466189
7063.944058
7077.55675469
7081.30889427
7076.83725965
7069.1702452
7054.42309903
7032.64145172
7015.22754884
7001.1304099
6988.87073913
6981.06719542
6983.06449251
6989.57002207
6995.88344606
7000.8254999
7006.52210633
7016.41304432
7031.03036606
7043.75302637
7059.64249775
7079.41946707
7094.15438839
7100.63292434
7098.38478113
7092.09644803
7081.74262505
7065.82719157
7051.26846401
7036.18167091
7025.82883763
7022.68350017
7026.36215134
7030.0846558
7032.14334889
7034.53484468
7036.53718783
7038.72152352
7042.31008448
7045.28248302
7044.99267634
7041.03327212
7036.12516067
7031.51623709
7024.83178166
7017.3908291
7009.19181123
6998.79262254
6985.88261697
6974.61574369
6966.61120109
6960.53894928
6957.16629538
6956.43511914
6958.95477359
6964.51936015
6972.62310932
6983.06429039
6995.48532343
7007.45538964
7017.15114843
7025.38863898
7029.21161152
7030.32538192
7028.19487314
7025.54765245
7019.6551141
7013.88614139
7006.87507931
6999.58688145
6991.5210683
6983.49786784
6976.50889968
6973.39062552
6974.97928969
6979.98660771
6985.47187223
6992.07288654
7000.00370376
7006.49950362
7012.43337921
7017.19769202
7020.82975081
7025.34279236
7030.36007007
7033.57564109
7034.25944435
7033.42740276
7031.64272303
7028.42295625
7023.85785111
7018.63224937
7015.15442285
7012.94402051
7012.75090434
7015.18396039
7017.38272335
7020.3821852
7023.7225067
7025.97252476
7028.69093386
7031.14708746
7032.02721991
7032.73413466
7032.89508571
7031.65882998
7028.92381211
7024.84275892
7018.99848567
7012.06150443
7006.19878241
7002.42279255
7001.8536616
7002.85316394
7004.97008182
7007.41330665
7009.8259903
7012.06485685
7013.51684539
7014.66828
7015.06121718
7015.37200263
7015.88135455
7016.86285417
7017.26313044
7016.08981797
7011.78807652
7005.84725912
6999.75986218
6994.61885854
6991.02948212
6990.06307885
6990.79808842
6993.10695853
6997.87548801
7003.83601568
7010.39575549
7018.21244403
7025.59292059
7030.46682481
7035.42002319
7040.82909505
7046.23036086
7051.01470456
7054.41734207
7055.79248282
7055.79421827
7054.01873156
7051.51054225
7048.0044606
7044.36503485
7041.63300001
7039.88291085
7039.0068696
7038.22307917
7037.43800632
7035.97245476
7034.17033686
7033.05910343
7031.52578557
7029.3001684
7027.13673481
7025.12818863
7022.60263085
7020.31744375
7017.37394851
7013.29620592
7008.68946386
7003.81493237
6999.28781205
6995.60064392
6993.56051808
6992.08472107
6990.79674327
6989.62791928
6988.13518593
6986.95468074
6985.94542781
6986.16141154
6986.49359393
6988.82597281
6992.03300597
6995.88715393
6999.99878316
7003.88261503
7008.10385657
7011.72062386
7015.16208254
7018.02959422
7021.34981514
7025.10891744
7029.28929568
7034.09779633
7038.86553126
7042.96216171
7046.36838163
7048.91794999
7050.81503688
7051.3147079
7051.23819464
7051.53991252
7051.0706642
7050.01486768
7048.28959062
7044.7393769
7040.4024873
7036.30509018
7032.62044508
7029.25784844
7024.69211604
7022.95469081
7021.58833187
7021.08750388
7020.41208517
7019.7711246
7019.44692249
7019.5356815
7018.63550422
7017.6730876
7016.62612168
7014.12541782
7011.97626512
7010.65263038
7009.0050096
7008.01438665
7007.06404154
7006.67309769
7006.35132105
7006.36171285
7006.36352497
7006.22901693
7006.69249434
7007.44414753
7008.08708749
7008.64793845
7010.79174539
7013.11173216
7016.46368608
7023.04963192
7028.20343192
7034.10429208
7042.32859598
7046.51523997
7050.9507716
7055.09405018
7058.4932586
7060.92850313
7063.01401559
7064.32775337
7065.25327245
7066.75189519
7067.36430791
7068.33294846
7068.80414132
7068.73298078
7068.29120698
7067.5000705
7066.39846918
7065.27722727
7063.02272771
7061.094556
7060.01064375
7057.0986306
7054.22625408
7051.69313419
7048.57975276
7044.76346415
7042.09208652
7038.61948029
7033.71176611
7030.29113983
7026.84777843
7021.33578515
7017.87433043
7014.0109546
7008.44091774
7005.72231349
7002.78629673
7000.68115762
7000.17514419
7000.15207452
7000.42157849
7001.07609511
7002.56318302
7006.69144192
7010.25820865
7013.32767407
7020.15237361
7026.25497841
7032.76991705
7040.01185708
7046.54097207
7052.5770024
7058.84725612
7064.30417491
7067.92450371
7073.7918536
7076.73440097
7078.68028266
7080.50448053
7081.49814226
7080.61543102
7079.4161495
7075.94848478
7071.76361109
7067.08085759
7062.11030468
7058.25092248
7050.82831414
7044.84508619
7039.04977501
7033.56842746
7028.13057775
7023.71219156
7019.88399872
7013.88794654
7010.04049645
7007.19640293
7005.47341192
7005.00811542
7005.28418484
7005.53281459
7006.76346669
7009.29568053
7012.71829316
7016.94954317
7021.93595213
7027.39703879
7032.85595787
7038.56444065
7044.04316063
7048.76766954
7052.88382906
7056.38385404
7060.58217924
7064.96674152
7068.35029602
7071.5345592
7073.96502949
7075.51141552
7076.97923921
7077.74287329
7077.3719673
7075.18218827
7071.95213423
7068.65911601
7065.11693137
7062.28076239
7060.95930916
7059.57174843
7057.78019659
7056.75586822
7056.87553082
7056.52428633
7055.72116895
7054.61162915
7053.21056116
7052.40008378
7052.30452236
7051.35012089
7050.54174837
7049.29268235
7048.73981866
7049.03704109
7049.07985589
7049.42726706
7048.67396206
7046.76499881
7044.60603279
7042.27584239
7040.15285391
7037.21067594
7034.89896916
7032.80577611
7030.50654507
7029.44309583
7028.48480528
7027.34448035
7026.48138879
7026.65450195
7027.58942314
7029.05870349
7029.65129441
7030.07360884
7030.79736236
7030.45701845
7030.69429458
7032.63779961
7034.51113379
7036.85096327
7038.51563191
7039.76214703
7040.78193813
7042.61221357
7044.04153669
7044.8680792
7046.02745228
7047.27609315
7048.2441343
7049.88739205
7052.06190049
7053.18381846
7054.79324533
7055.86910062
7057.1370545
7058.65131723
7058.5373628
7058.9523939
7058.11682564
7057.5161917
7058.27820882
7059.26249632
7059.14719673
7058.13836199
7057.1695472
7055.67882808
7054.72117874
7054.01008914
7052.43910011
7051.82072133
7051.95868635
7051.8926555
7053.32872528
7055.21329461
7055.86081366
7056.93628561
7057.95747065
7059.84471634
7061.23627768
7061.42540718
7060.5793356
7060.20237992
7059.98178923
7060.50632113
7061.82283285
7062.7268574
7063.38904067
7063.45426303
7063.37876735
7064.217695
7064.55359921
7063.19706056
7061.20270468
7059.06438985
7056.83532965
7055.31524026
7053.47846907
7052.64107476
7052.84862515
7053.96376161
7055.300583
7056.6195132
7056.7924103
7056.6187326
7056.07536859
7054.97277758
7054.77393232
7054.69463816
7053.55378354
7052.30309358
7051.88742127
7052.30088419
7052.39105107
7052.39105107
7051.49640772
7049.35956349
7046.60604806
7043.17595695
7040.25824259
7037.41277604
7034.8042232
7033.12074337
7030.10548123
7027.50550807
7025.9058527
7024.06496242
7022.37138351
7020.83085202
7020.74223938
7021.05844028
7021.32156698
7022.78304128
7024.36472879
7025.20217886
7026.93317107
7029.54465119
7032.75105707
7036.53931358
7040.5041681
7043.95996344
7047.79704263
7052.31365963
7055.60050271
7058.5134707
7061.15499018
7063.48330573
7066.85299751
7070.40904487
7073.0847228
7074.52919802
7075.38131929
7076.12398855
7077.38816486
7077.62758765
7077.26232013
7076.00101533
7073.7780118
7072.16687038
7071.86971068
7071.09127297
7071.19544196
7071.20142892
7070.77546238
7070.36931066
7068.87036034
7066.03944651
7063.16772514
7060.14576513
7058.38645507
7056.65742135
7054.56042981
7053.53045599
7053.41041005
7052.82845487
7052.53613213
7052.63790355
7052.14754404
7051.47427895
7050.26339289
7048.36128782
7045.82528945
7043.92059166
7041.80530468
7040.08815428
7038.7207708
7037.99777697
7037.50455989
7036.97901042
7037.10790786
7036.3281947
7034.76000052
7032.4040153
7030.65545947
7029.37735075
7028.83945795
7028.25755853
7028.51345767
7029.53020999
7033.14599455
7035.51899279
7039.19004699
7043.01016893
7046.66316467
7051.93527516
7055.55193791
7059.45240643
7062.99571319
7066.96253316
7069.33148897
7072.0511805
7075.11369016
7076.2718087
7076.79137121
7076.16601578
7075.20833158
7074.4638293
7072.7408592
7070.35781067
7067.18232234
7062.30277964
7058.98986992
7055.66099264
7051.21266467
7046.87392113
7044.6901221
7042.11608316
7038.84485219
7037.8969395
7037.29554586
7036.83691935
7037.5459947
7039.75441067
7041.59636035
7042.81042459
7044.0575391
7045.02265298
7044.65479971
7043.7434082
7042.9952747
7042.94758809
7042.94758809
7042.71967922
7043.30176682
7044.46859747
7047.00839433
7048.70451021
7050.7210994
7052.67087018
7053.37975735
7053.25552263
7051.9553409
7051.13199748
7049.76038339
7048.1914783
7047.0574261
7046.62138835
7049.24095331
7051.21690224
7053.39201007
7056.9298038
7059.62175596
7062.62630568
7064.3703103
7066.22852723
7066.25962599
7065.79699887
7066.31767653
7066.85276751
7067.65731368
7068.51864888
7069.05610955
7069.73019706
7070.78382601
7071.90554882
7072.82535275
7072.44864798
7072.11008832
7071.11099022
7069.78155671
7069.25556814
7067.21015928
7064.95698395
7063.50717692
7063.44441486
7063.15925696
7062.51993427
7061.04780332
7059.90425143
7058.80172314
7057.40193757
7056.75869791
7054.85816102
7051.99501934
7049.21708909
7046.76239215
7044.86704768
7042.67785411
7040.82012506
7039.33079988
7037.78866537
7036.58101324
7035.82653036
7035.25178184
7036.02334743
7037.00158524
7038.99204507
7041.23480071
7043.33465679
7045.70923017
7048.01088666
7050.39239488
7053.21044964
7055.56341001
7057.79194051
7059.45285249
7060.87397228
7061.25787674
7061.51031892
7061.95627453
7063.01493559
7063.53267902
7061.69431873
7060.15472118
7058.89669911
7057.70014273
7057.17110841
7056.75229277
7056.16292881
7054.38775574
7053.21039388
7052.31825962
7050.43106272
7047.52123806
7045.28393969
7042.19902944
7039.41989343
7037.5708974
7035.04694962
7032.57006119
7030.82319203
7029.6130099
7027.97541154
7026.40071463
7025.20339159
7023.72173307
7021.84064859
7020.13849695
7020.1317712
7019.56893389
7019.7725952
7019.66547803
7020.26731774
7020.94939948
7021.89295611
7022.22711093
7023.10568217
7024.36009395
7025.66362113
7026.56783386
7027.76188115
7029.21034303
7029.61456415
7029.15150491
7028.75332652
7028.23775067
7028.2076904
7028.38755719
7028.18713679
7028.52488796
7029.35499895
7029.69794952
7029.94898381
7030.85805442
7031.90952973
7032.20477277
7032.001676
7031.56818916
7031.96298028
7032.49071824
7031.50585922
7031.04250029
7031.10900508
7031.51337255
7032.11606255
7032.64380748
7032.86643332
7032.59235026
7032.07471138
7031.4005263
7030.19719538
7028.36853691
7024.97058303
7021.82924617
7019.06754833
7016.66055892
7014.48098352
7011.8376798
7010.12970848
7010.3278707
7011.02372455
7012.03098415
7012.57271028
7012.78986491
7013.31196439
7014.34172215
7016.5275842
7019.14580401
7021.26841613
7023.39164855
7025.06224143
7026.13588035
7026.79413272
7026.87614507
7026.93508773
7026.86773265
7026.3446156
7026.00437624
7025.01978207
7023.30543348
7022.18026764
7020.54650958
7019.03820593
7018.26339247
7017.062257
7016.00015988
7014.97247909
7014.85855254
7015.29145392
7016.6443056
7019.78355852
7024.05736546
7028.04717844
7032.35312959
7036.27150325
7040.29174589
7044.49953593
7048.22715614
7051.98525481
7055.07388687
7057.52546139
7059.23806058
7060.9526322
7062.74039253
7064.24010255
7064.80229169
7064.83479832
7064.73407933
7064.0275967
7060.91322557
7056.64509893
7053.00752015
7048.99640779
7045.3056433
7041.61237669
7038.21926675
7034.76816202
7031.47004896
7027.97049791
7024.07358393
7020.23126353
7015.46210678
7010.80268781
7006.50452877
7003.02339165
7000.09912578
6997.38120456
6994.93932488
6993.46793969
6992.10788832
6990.35095492
6988.48919739
6987.5767883
6986.5636672
6985.04118023
6984.41698874
6984.41241662
6985.0760705
6986.08365071
6987.13249845
6989.91679899
6993.44086941
6997.2397547
7000.89091741
7004.44860264
7008.16129378
7013.45922697
7019.20823152
7025.70115988
7031.79540106
7036.39034343
7040.81635446
7044.71812631
7049.44832249
7054.31895793
7058.03135633
7061.62455911
7065.67554505
7069.05001107
7071.3947054
7072.82919305
7071.95234332
7069.95719986
7067.14718813
7063.6786522
7057.93312552
7050.04701886
7040.92753495
7031.19595196
7021.47595956
7012.0855638
7002.8603009
6993.21758145
6982.78402522
6972.71738135
6963.7472091
6955.6515169
6947.41228392
6939.4474128
6931.96259301
6925.98831414
6921.57622158
6919.24611482
6918.62455786
6918.87191216
6921.06123118
6924.43407327
6928.22189069
6932.84732546
6937.85246894
6942.4241674
6948.29360819
6951.46582078
6955.4265353
6958.92613514
6960.89334408
6963.19385057
6966.32076017
6970.1315009
6972.15643282
6975.66786021
6977.14684934
6978.52475705
6981.15530624
6982.41300771
6984.75408476
6987.08576667
6989.03413654
6990.34178978
6993.03519163
6997.92883401
7001.277784
7006.19728393
7011.59408217
7017.57047983
7023.78655816
7031.16463714
7034.94292003
7038.85043491
7043.17611725
7045.12560227
7047.39378334
7048.59613153
7049.70568527
7050.62893222
7052.21241094
7054.81094834
7057.29999888
7059.81248152
7061.40723023
7061.4107778
7060.73909484
7059.97590681
7058.26706428
7054.36480455
7051.19845347
7048.71776656
7045.30303664
7043.99097856
7043.68292523
7042.9198766
7042.53424365
7041.88827884
7039.28144751
7036.41963007
7034.2876019
7029.09272255
7024.10096784
7021.33663545
7017.43934511
7012.78569704
7010.60754346
7008.44884925
7005.38870928
7003.33251134
7002.05981806
7000.35858643
6998.95995783
6996.69855827
6993.73042518
6991.25286766
6988.97142327
6987.43520602
6986.25143902
6985.40349957
6985.48655736
6985.14447801
6985.1600483
6984.77084687
6984.83691953
6984.83781165
6984.77086081
6985.33672994
6987.34650975
6989.50514122
6991.67043573
6992.60424176
6993.79748754
6995.07804262
6995.63339449
6995.79264494
6996.12898824
6995.52249278
6995.32504147
6996.30592776
6998.19888162
7000.17515813
7002.11200013
7002.48308037
7002.28117542
7001.15925048
6998.45730379
6995.11139956
6990.0381413
6984.96326607
6981.11665234
6978.32467119
6976.68800677
6975.9288751
6975.12089985
6973.68699765
6973.18758451
6972.20282307
6971.54922645
6971.31792335
6971.24137525
6971.1632032
6971.97392451
6973.97626766
6977.16218266
6980.47015784
6984.27402646
6988.33251179
6992.16310917
6997.10645241
7001.70623872
7005.32587056
7008.27855185
7010.68074611
7013.06526524
7015.43344742
7017.0838491
7017.58794587
7018.05809328
7018.72981806
7020.37111733
7021.80046135
7022.41623347
7022.44382647
7022.78020462
7022.63421052
7023.14835061
7023.70814914
7023.79294239
7023.607235
7024.03590578
7024.56325344
7026.33637742
7028.21923221
7028.66831024
7029.05860591
7029.86670662
7031.2530616
7032.1751028
7032.93561446
7033.6102456
7034.87484707
7035.66793506
7036.0537771
7036.72801097
7036.66219619
7036.45249913
7036.14948488
7035.70353624
7035.17139344
7034.46909959
7033.57790624
7032.126538
7031.08139813
7030.89553741
7029.91081082
7028.33998906
7026.90599625
7025.04222448
7022.94988869
7020.93226798
7019.18516882
7016.96397043
7013.83857325
7010.39960972
7006.80004363
7003.7496194
7000.98780308
6998.73041109
6996.53247056
6994.04786668
6992.29462722
6990.11729607
6988.25313399
6987.45261631
6986.86081296
6986.4769991
6987.00797796
6988.32326301
6990.12611272
6992.46850705
6995.41473441
6998.42996169
7001.53550919
7003.70191188
7004.17034474
7004.30269915
7003.82858599
7003.73854457
7005.10135593
7006.9648977
7009.33936654
7011.76709078
7013.67252736
7015.46012739
7017.90870494
7020.01819314
7021.81585043
7022.69073471
7022.63861536
7022.54509606
7022.46691008
7022.36732018
7023.16726635
7024.29963188
7025.86944304
7027.76123994
7029.04918986
7029.44305401
7028.58991517
7026.54074267
7024.22137621
7021.74073111
7018.70520112
7015.7072726
7012.64738354
7009.78390034
7008.97165964
7009.39414134
7009.90159053
7010.55076139
7009.85320694
7009.25159724
7008.7015493
7008.40991656
7007.96400277
7007.16967417
7005.41369562
7004.69318301
7004.96628334
7005.56612274
7005.9530172
7006.21573967
7006.12038734
7006.67007285
7007.61216584
7007.66212458
7007.98613153
7007.93921855
7007.20775655
7006.92415987
7007.12934754
7007.80418777
7008.09615506
7007.56695347
7006.66844891
7006.8642275
7007.6142916
7007.85700408
7008.15578076
7009.36412985
7010.35909492
7011.82378224
7013.82059842
7014.78225534
7016.10045372
7017.80836232
7019.38686468
7022.09078379
7025.38275656
7027.16841902
7028.55814732
7029.0147805
7029.34586169
7029.99830831
7030.67372006
7030.58408984
7030.76889814
7031.35805998
7032.04589868
7033.34518132
7034.19970714
7034.93001216
7035.90341998
7035.48308494
7033.99350886
7032.73772405
7030.94248524
7028.23795279
7025.42088773
7023.20992782
7021.69305843
7020.71145426
7019.57017449
7017.30867736
7014.16815596
7010.64536796
7007.15781872
7002.70293227
6998.81928161
6994.73847932
6990.7736248
6987.08744637
6983.99961582
6981.5119174
6979.55916359
6977.74263238
6977.53752137
6977.39623182
6977.50265202
6977.65641732
6977.10147666
6977.76532569
6979.06251742
6980.54946594
6982.19247975
6982.98051472
6984.43004297
6987.01005493
6989.73457645
6995.21101037
6998.59398638
7002.46258948
7006.20696483
7009.86012087
7014.13792144
7016.84206358
7019.74795038
7022.76363069
7025.60403028
7028.76054712
7031.94610666
7033.83220932
7034.43209751
7034.60647218
7035.12069591
7034.41918964
7032.81256458
7030.9454613
7027.96435064
7024.34434942
7019.75825158
7017.52997896
7014.89231372
7010.30273103
7007.38774183
7004.7791611
7001.06962027
6998.25040157
6994.94462882
6991.30870882
6988.68994537
6987.18140476
6983.97066373
6982.06592412
6981.00957699
6979.52856666
6977.76451721
6976.83004208
6975.83015641
6974.92770004
6973.39674491
6971.88379248
6971.32358971
6970.82208567
6969.39167528
6969.00516415
6969.35744016
6969.7498825
6970.24348291
6970.49257266
6971.22064042
6972.72045498
6973.26188141
6973.43491093
6974.39460937
6975.27006516
6975.72292076
6977.32767795
6978.9081597
6981.15116625
6983.82934629
6985.22541702
6986.54025601
6988.23569583
6988.77035469
6989.22183727
6990.08938246
6991.34204484
6991.57748794
6992.37555229
6991.98711753
6991.53516798
6988.8512937
6985.23148762
6981.76751684
6978.46356318
6975.04172417
6972.31479114
6969.11421889
6966.9286635
6965.70571987
6963.52477842
6961.06236603
6959.45479309
6958.08356234
6956.68424374
6956.5245333
6955.88764999
6955.17337525
6955.20755461
6956.71162068
6959.47451035
6962.83031851
6965.75390134
6969.22638908
6972.83444426
6975.84528064
6977.43067603
6978.60616303
6978.55205733
6977.70984696
6977.74569904
6977.44858813
6977.18479233
6976.87321234
6977.12664421
6977.85281621
6978.15792833
6978.0403636
6976.06495133
6973.10461035
6970.14488271
6966.2901005
6961.68746359
6958.92455302
6956.45681579
6954.79107382
6954.34005821
6953.75390728
6953.74456789
6953.08060038
6952.42994497
6952.09829924
6952.31917568
6954.13006145
6957.68330699
6964.53053256
6971.49296015
6977.68727213
6984.40258239
6992.34115687
6999.15191006
7005.66276446
7012.24067425
7019.3773162
7026.74730338
7033.20087389
7038.70106051
7042.92540356
7045.43102803
7046.59801898
7044.19964411
7038.7429135
7032.18755066
7024.80924168
7016.38253798
7005.84071459
6993.70711854
6981.74884504
6970.86043987
6959.8575436
6949.67840196
6939.87263358
6931.82668405
6924.67647908
6920.13433211
6915.76538193
6912.1644219
6909.0438826
6907.90092313
6908.89277972
6911.98655541
6916.155127
6922.47489341
6928.21206343
6933.87821231
6939.03557382
6944.60400067
6949.50253577
6953.30312167
6956.9863589
6960.45380755
6964.32066126
6968.47557225
6971.86319008
6973.75154395
6974.47091353
6974.16415657
6973.48594997
6972.86173757
6972.12672103
6971.36850239
6970.66882915
6969.75214764
6969.30907051
6969.19022336
6968.77802195
6967.91218433
6967.04229732
6967.83247199
6970.07545762
6972.68240047
6975.01406147
6975.78536919
6976.23754177
6976.96805588
6977.65604095
6979.04333684
6980.1828254
6981.4645026
6982.94439779
6985.75895376
6989.61898414
6993.54195779
6996.01615593
6998.1340635
6999.64293169
7001.35981028
7003.12301639
7006.40101493
7010.1356815
7013.86789474
7017.20927564
7019.37233984
7020.47099299
7021.04536514
7021.41169205
7020.63982676
7020.26573562
7019.53056574
7019.09026952
7017.22897896
7013.07294584
7008.89894486
7005.83558489
7002.91127721
7001.32633486
7000.29974831
7000.89566377
7003.47610786
7007.34429278
7010.73839939
7013.48764936
7015.63774994
7016.68219284
7018.51098373
7020.75963573
7024.39309543
7028.9297921
7032.7129468
7036.25791932
7038.08547658
7037.85082803
7037.01350341
7035.67074385
7034.25948617
7033.76564181
7034.54759921
7036.61293442
7039.39565285
7042.06900987
7042.96560473
7043.11058126
7042.62645962
7042.9950238
7044.32314701
7045.2048128
7046.91392715
7050.64287857
7055.63036086
7059.70065285
7061.99596692
7062.73713769
7064.04389881
7065.5902709
7068.58462396
7072.61541175
7076.60496685
7079.24663966
7080.86305017
7080.90856225
7080.02934282
7079.43205433
7079.13275493
7079.5834569
7079.53410453
7081.09636751
7083.32615256
7085.53016368
7084.90163704
7082.02195628
7077.99794303
7073.76875605
7071.29591004
7070.21971324
7070.46593845
7071.30738912
7072.62597083
7072.65837292
7070.50240386
7065.88923575
7058.58908487
7050.32869192
7042.65887565
7035.24214276
7028.98537538
7024.07812817
7019.38756861
7015.72036865
7010.94148221
7007.44703995
7005.29705089
7004.48089322
7005.17954888
7008.72074383
7014.54545315
7021.62295032
7028.2877582
7034.31444217
7037.13214148
7040.25097321
7042.95719232
7044.53154074
7045.74396014
7046.43531157
7047.71407544
7047.67643911
7045.96762446
7043.48147331
7038.22493311
7031.4925053
7027.68491486
7025.20496674
7024.88424948
7027.73083118
7029.60839597
7032.48690582
7033.73875275
7034.81087228
7035.18863645
7034.71264844
7033.51582024
7033.33297043
7035.61571814
7037.60527191
7041.36702967
7043.93035619
7044.58674766
7044.07173635
7043.51867751
7041.74444535
7040.69440579
7040.56513198
7042.02712204
7044.22541802
7048.28375002
7050.69027943
7053.63711315
7054.08258786
7051.67288724
7050.50827295
7050.11153728
7049.03696442
7048.23262038
7046.3900504
7044.60065916
7041.18799924
7038.08964446
7035.21733066
7030.3933364
7027.33705764
7023.52870053
7022.18905642
7021.13790868
7021.16624744
7022.2207476
7023.48270755
7023.93108862
7024.48837109
7025.86568638
7027.04771792
7027.78289477
7029.04010836
7031.10226539
7032.38331532
7033.07338432
7032.26469816
7030.11499486
7028.22385311
7027.46582266
7027.39616758
7027.65380217
7028.64911572
7028.89879789
7028.44638137
7026.87193537
7025.60934815
7022.75790161
7018.79770981
7014.49012079
7011.27698218
7009.80964637
7009.8392815
7010.2628435
7009.88721205
7008.28749396
7006.01493593
7003.28743835
7001.22429163
7000.22247536
7001.12661142
7002.5295682
7004.46292536
7007.61486311
7011.43871384
7014.86964131
7016.60013868
7017.54042652
7017.17736143
7015.72576319
7014.75320567
7014.19360229
7013.88565351
7013.3183765
7011.67301391
7008.74964713
7005.27559121
7001.67770481
6999.19019457
6997.41730755
6996.5729784
6997.11837755
6999.36948985
7001.93134577
7005.13313772
7008.57017064
7010.9541322
7012.77767492
7014.61441127
7015.34566417
7015.96372234
7016.30409412
7016.26690386
7015.74212802
7015.63749206
7015.93798328
7016.68281314
7017.47843113
7017.44415419
7016.82162845
7016.10333917
7015.4032129
7015.37103384
7014.37458423
7012.26018938
7009.87967782
7008.13356138
7006.81793482
7006.19243302
7005.37133384
7002.65504353
6999.4964079
6995.31200118
6991.61168124
6988.23021765
6986.80037181
6986.84401601
6988.47542528
6990.96011977
6995.25514941
7000.58972226
7006.02493743
7011.14735292
7014.87424131
7017.25193711
7018.98657447
7020.90626407
7022.0947356
7022.03713809
7021.46915714
7020.62659132
7019.08614346
7017.11075907
7014.20839895
7011.2854852
7008.99360719
7007.24055591
7006.05203559
7005.70794199
7004.40788572
7003.37989826
7003.30100137
7003.97729827
7004.4468184
7006.15985669
7008.60442667
7010.11348304
7010.81651567
7010.79163388
7009.52906756
7007.79608202
7005.79846433
7004.0853424
7003.4449185
7003.53727386
7004.66292061
7006.55912932
7008.50524101
7009.55765723
7010.51913991
7011.57161189
7012.70321075
7014.3994033
7015.75922467
7017.68595365
7019.47965913
7019.66694864
7018.41587534
7014.39231513
7008.20879919
7001.13183869
6994.55819435
6989.06128349
6984.41746268
6981.46718593
6979.98899832
6978.98630386
6976.91731654
6973.89146744
6971.32039062
6969.20756395
6968.08190325
6968.76572742
6970.71048699
6974.36523909
6978.64720057
6982.8981051
6985.79529372
6988.19043466
6988.72218716
6988.67817357
6988.89550244
6990.19243629
6993.10191248
6997.89161587
7002.15195737
7005.05675689
7006.31565714
7006.22010269
7006.03518288
7004.7087742
7003.75417061
7003.33702073
7003.78576422
7004.54294437
7006.08020707
7006.66675528
7005.08801594
7002.2209573
6998.8859676
6996.02403168
6993.85761505
6993.80897359
6995.30137937
6997.76309478
7001.55424372
7005.43960196
7009.0939777
7010.87404349
7011.77318229
7011.52171587
7009.84492695
7008.39334961
7008.15226803
7007.29222223
7003.56336838
6998.10844292
6992.18490339
6984.9104637
6978.52941978
6973.16236817
6968.25684247
6963.76972817
6960.8806453
6960.05790128
6960.06986824
6960.47024905
6960.42286909
6959.05955591
6958.85871036
6960.46202481
6964.42805721
6968.89213669
6974.22730893
6977.5255126
6980.45539603
6981.22300981
6981.43464445
6981.29418428
6980.7525418
6980.06236824
6979.2786266
6980.37355793
6981.77651471
6982.93824355
6982.99788319
6982.24687121
6981.36871815
6981.03152455
6980.60513285
6980.75167058
6981.08383904
6982.067792
6982.49825399
6981.4406802
6980.42529394
6978.89993547
6977.88488375
6978.18752163
6979.84584088
6981.58021339
6986.1003919
6988.16362226
6988.24679854
6987.90998827
6986.07367011
6983.3565504
6981.88647551
6981.76286109
6982.22716093
6986.35747589
6989.23733786
6994.10711602
6995.8430358
6996.32350532
6995.46683284
6994.2642895
6992.56809695
6992.00815902
6993.57896685
6996.43782914
6999.17104186
7004.23889861
7007.29872495
7008.55232824
7007.15682903
7003.83505386
7001.77874441
7000.4351206
6998.91837666
6998.76461833
6999.16437187
6999.99331195
7001.44314686
7002.10583196
7002.64099263
7003.06530039
7003.55880323
7004.60671703
7005.51971854
7008.89917486
7011.60623034
7014.14869658
7016.3067426
7017.86152014
7019.2057991
7019.30358385
7019.0574144
7017.96304065
7016.23565177
7013.55798747
7009.91678445
7006.1284443
7000.75815179
6994.24789678
6989.33989684
6985.9346457
6984.38721422
6983.61884075
6982.18477127
6980.01194951
6978.42032322
6977.40354302
6976.09632888
6976.20621998
6976.38062253
6977.82272109
6980.74325817
6983.60373046
6986.81522422
6990.65706371
6992.73532072
6994.75044628
6996.23968782
6997.78477052
6999.73804008
7002.14833313
7004.70011088
7007.94108643
7011.02017698
7013.12475154
7014.1335166
7013.76001788
7012.9145666
7012.43087012
7012.40381378
7012.14140495
7011.3169185
7009.22840908
7005.61751723
7002.88564269
7001.82966496
7001.10977962
6999.98445347
6999.10506678
6999.16909035
7000.93825555
7002.8192773
7003.66279101
7004.52811287
7005.24424852
7005.97936263
7006.60141443
7006.98494253
7008.36070358
7009.41155859
7009.03586442
7006.68640283
7003.28994744
6999.30750839
6992.66072413
6985.15099467
6978.57374003
6973.32200892
6969.34322896
6965.70222806
6960.50313901
6955.82258097
6951.63461273
6948.08701961
6944.49873744
6941.1987565
6938.08567477
6935.26699274
6933.51028237
6933.49243996
6934.49391472
6935.7152135
6936.15109791
6936.1715191
6936.49972181
6938.42969866
6942.33314325
6946.33115258
6949.97793136
6953.03342951
6957.40798332
6961.32656607
6965.52521187
6969.72695222
6973.71983186
6977.83069441
6983.95460556
6991.27466188
6997.88311285
7001.69860691
7004.41988055
7005.46547345
7005.59747937
7005.59747937
7008.59870456
7010.97042037
7012.73146588
7015.1355559
7017.16630053
7018.44597047
7018.16537772
7016.00499685
7012.3277884
7008.01642877
7005.46203739
7004.47207656
7005.11705167
7006.14338731
7006.73884975
7006.46913668
7004.28409008
7002.79364975
7001.89011308
7002.40002257
7003.98750189
7006.57154234
7009.76892945
7011.89525641
7012.65855595
7010.59386892
7006.84830176
7002.81796003
6998.77773529
6994.03166912
6990.6225498
6989.78167761
6988.84748825
6987.82900745
6985.23415004
6980.85244533
6975.04706993
6969.05552016
6964.86903647
6963.06501585
6963.21887175
6965.20653674
6968.41931989
6971.61946002
6974.94336094
6977.16651781
6978.1102905
6977.51870321
6977.28173375
6978.33374573
6981.42469173
6985.16236223
6990.39160913
6995.20392219
6998.77713589
7001.64385303
7004.4993629
7009.15866339
7014.850858
7021.2201789
7028.65444753
7037.79175991
7047.40443999
7054.86897798
7059.88419963
7063.10645459
7064.70070148
7066.52149118
7067.70481909
7068.50576889
7069.82956393
7070.23174989
7070.40671002
7068.58643608
7064.39868391
7059.65127956
7054.51334955
7050.56128441
7048.39023992
7048.05234237
7049.10335769
7049.78969094
7049.35103259
7048.47991195
7046.74656398
7044.47325323
7042.6950344
7041.02651849
7039.73979523
7040.43272181
7041.40177357
7041.61388215
7040.23813504
7036.48828151
7032.05668776
7026.9596071
7022.39235531
7020.11624273
7018.95157966
7018.34488208
7018.76370469
7019.66704621
7019.05176895
7017.31012009
7016.19046727
7013.68286341
7011.9494109
7012.01829235
7013.64627254
7015.19198948
7018.29772516
7020.76788087
7022.24055546
7024.23587316
7026.44994155
7028.97101782
7031.52821799
7035.81010977
7039.36843621
7045.33803145
7051.27940642
7056.94186136
7062.02553234
7064.77798838
7067.58839041
7069.2639248
7072.11337104
7073.87484867
7075.41816107
7075.80705583
7075.99794867
7075.39289594
7073.92814589
7070.70496396
7069.697098
7068.64524633
7067.84191986
7066.86100569
7066.61362351
7066.89838413
7064.92602459
7063.59970652
7057.89876495
7051.94986969
7047.73228027
7041.58531339
7037.09547394
7031.51896224
7028.64095421
7024.16041233
7019.53593241
7016.15382761
7012.40202954
7011.6498815
7012.16832189
7013.02017135
7016.35267983
7019.63438625
7023.22604175
7030.26979167
7035.05167507
7040.78260722
7043.79290694
7047.28907768
7049.34580532
7052.13100496
7054.92583671
7056.21573118
7054.95674729
7051.7102169
7048.6502442
7046.77674274
7044.07440575
7043.58866017
7043.11358519
7043.03233255
7043.55335869
7046.03059561
7048.13215229
7050.03582554
7051.48244743
7051.85198736
7052.32466477
7053.24858778
7054.80652259
7055.9137833
7055.80479826
7054.32543974
7051.24625857
7048.82339918
7047.2160423
7045.66427567
7044.31270642
7044.13902871
7046.13998489
7048.20704161
7050.81026265
7053.03219982
7054.79680684
7055.99699443
7056.66238376
7057.87561164
7059.15494703
7061.2833649
7063.84440537
7066.13868095
7067.08949303
7066.70428524
7065.44442316
7064.54253831
7064.80703804
7066.17594092
7068.25869338
7070.50232023
7072.44286314
7074.10981783
7075.60493482
7076.72363279
7077.56377317
7077.43865329
7076.17089456
7073.94179952
7071.33067485
7069.10965768
7065.81508522
7061.31361336
7054.7745108
7048.59351092
7043.14993213
7040.44003999
7039.23485513
7040.07997186
7042.46104797
7045.08535231
7046.39942463
7047.84877864
7049.22474878
7050.71583729
7052.25836211
7055.26495395
7058.33963966
7061.60220731
7063.8908932
7064.76736657
7064.26977252
7061.61398609
7058.70098324
7055.24522973
7052.91782721
7052.49439066
7054.45362628
7059.10452829
7064.97568363
7070.21859809
7072.33810172
7073.33086437
7074.36847
7076.12805884
7078.86216369
7081.16522108
7084.1155954
7086.85579872
7089.00176627
7088.72486049
7086.27201749
7081.54451161
7075.73055651
7069.83585756
7065.23628731
7063.6543698
7063.53775992
7064.0710806
7064.43098145
7064.54883891
7064.80277259
7065.27989666
7066.54304843
7068.36229782
7071.56779765
7076.63911833
7082.54549849
7087.24401046
7090.0690349
7089.83338968
7088.31336999
7087.1980105
7085.78420888
7084.65992819
7085.03461873
7086.86353508
7089.38642346
7090.99649155
7092.40241742
7092.22622366
7089.86398662
7086.13387823
7082.37670653
7080.13070302
7079.35761107
7079.49439821
7078.46149712
7075.07553808
7071.89600732
7067.04186217
7061.07531268
7055.55804335
7051.15975078
7048.41317717
7048.06918115
7050.00615557
7052.6762926
7054.69237301
7054.78884746
7053.78932421
7053.07113251
7054.30768097
7056.6042217
7059.45387703
7061.98643238
7064.22833771
7064.7407772
7062.98761441
7058.2187016
7052.72484346
7046.78183758
7043.35560768
7041.09581812
7040.06765642
7040.4088785
7040.24662412
7038.48918194
7036.4767188
7034.28234675
7033.63254164
7034.18858351
7035.62539904
7039.08292286
7044.66326091
7050.74080969
7057.1264536
7060.87439743
7063.125907
7066.00741381
7070.5480623
7076.21821875
7083.36696009
7090.23972261
7096.36559224
7102.43877102
7108.07641387
7112.40898226
7113.03165436
7111.07247451
7107.85254742
7105.21061673
7102.35729534
7099.46522248
7096.46707093
7092.48403249
7086.43984762
7078.84874006
7071.08375965
7063.60982651
7056.21927875
7049.21252394
7044.49469199
7042.06515563
7039.73201009
7036.12870824
7032.88357876
7030.94344706
7029.63013443
7027.6609461
7027.58192375
7029.67398772
7034.11175662
7039.90160356
7044.86821162
7048.47409923
7050.26854349
7051.12718839
7051.7847647
7053.65146374
7058.30055364
7061.0141885
7064.51857651
7067.60731312
7066.68726525
7064.07658665
7055.54919882
7047.97824063
7038.80449768
7028.28079548
7018.72309231
7008.75610803
7004.25603708
6996.38177192
6986.30693867
6977.88185194
6964.50674501
6956.35608286
6946.84672146
6939.35534319
6937.0911
6936.52976117
6938.44538047
6940.11197274
6944.79376442
6947.3008804
6951.56871431
6956.27436324
6959.18907366
6967.83700229
6974.99449058
6979.87394267
6986.57637991
6990.13018999
6993.39282734
6996.18235515
6996.72905764
6996.50680119
6997.48212567
6997.97971972
6999.44236492
7000.99797882
7002.85592393
7004.28855068
7005.08421049
7007.95026551
7012.78799006
7019.39712406
7026.49830423
7033.65242617
7041.28730338
7049.29010356
7054.90050886
7063.07732826
7068.32066786
7071.55119585
7075.58192788
7078.34635784
7080.46649572
7081.40997568
7080.38055247
7077.5185817
7072.4250277
7066.77466517
7061.24022252
7054.35912425
7046.46134336
7038.09846809
7030.64833645
7022.92215629
7015.71407502
7006.60754079
6997.69029637
6989.62451807
6982.80363096
6979.83082817
6978.10983747
6977.78877173
6978.95763753
6980.33900918
6981.61887426
6983.49299602
6985.82695702
6986.74501853
6986.23972994
6985.18587797
6984.42956903
6985.69412867
6987.60385161
6988.81653585
6987.45356419
6984.00227127
6980.02720616
6976.70474099
6972.83083396
6969.69691982
6967.09563636
6964.8706604
6963.36375767
6961.84504131
6960.86007078
6959.34244169
6958.25344854
6958.2771873
6958.62273756
6959.10093496
6959.86286147
6962.08727288
6964.04764456
6965.98215869
6968.12307321
6969.44785098
6970.38280004
6972.36481958
6975.03924993
6978.58815335
6983.32125589
6987.80871171
6991.31684244
6992.94806354
6994.37992362
6996.00549927
6996.00074594
6996.34158469
6995.94571327
6995.31451723
6995.85089064
6995.83630308
6995.57445182
6994.23713558
6992.79347582
6991.35770574
6990.72148455
6990.91356224
6992.36854079
6994.58754372
6996.11294401
6998.80647132
7001.17883531
7001.60721337
7000.90138589
6999.43559039
6995.58558939
6993.59686501
6993.6317274
6994.34954971
6995.818614
6997.12723603
6997.2590468
6996.43881884
6995.57048607
6995.71687744
6995.11542107
6994.4434872
6995.50226674
6998.696399
7001.77693926
7003.98810129
7004.34108124
7003.27734624
7002.29943601
7001.64857848
7001.28335278
7002.04619929
7002.78195461
7002.32109083
7000.5916459
6999.33710867
6996.83114966
6993.45724121
6990.04055281
6988.83983553
6990.19525205
6993.14828879
6996.1254546
6998.52907069
6998.43924532
6996.74641217
6994.11694328
6990.7972869
6987.23150289
6983.94208103
6980.39239003
6978.24928006
6976.22006875
6973.22700508
6968.67988872
6961.95679332
6955.8376355
6950.39076004
6946.66578831
6946.46575123
6947.29450313
6949.41710131
6952.66278837
6955.89363696
6958.26377065
6959.5574636
6959.23404907
6959.30059567
6959.94812866
6962.37683563
6966.34969832
6970.06169249
6972.53308183
6973.63958982
6972.61800751
6970.71057063
6968.74796865
6968.05003783
6968.81714282
6972.53911758
6978.16689135
6984.26032405
6990.93105616
6997.03199521
6999.64658381
7000.46869359
7000.59146468
7001.50230559
7001.76723745
7002.88339845
7004.63371761
7006.7888503
7007.34565884
7006.88998051
7004.60565067
7001.62641486
7000.36340946
7000.28541166
7001.56660795
7005.83352187
7011.44009384
7016.95127166
7020.0097389
7021.6633327
7022.60341843
7021.33594545
7018.60185455
7015.07504505
7012.05818685
7010.34244433
7008.07047175
7005.90349755
7002.86172272
6998.09073991
6991.52478314
6985.24337094
6980.94154585
6978.22594553
6976.94704227
6978.02023513
6980.07235581
6982.96934231
6984.71862298
6986.56372295
6987.23755258
6987.30544433
6987.03150764
6987.30569524
6987.79659839
6990.52406808
6992.48604976
6993.9566195
6995.25810456
6995.68650353
6995.22093521
6995.13476893
6994.49097169
6994.6078743
6996.97062709
6998.28878365
7001.94398879
7004.62225944
7008.36038298
7010.54746473
7011.79572924
7011.16843623
7010.212369
7008.06756539
7007.5154614
7005.87781425
7004.4777011
7003.34249193
7001.92931759
7001.69747085
7003.91291227
7005.89259696
7007.81425898
7010.81779809
7012.47148947
7015.03476024
7018.04823814
7020.24928715
7023.89366835
7026.02258107
7027.94887096
7030.73198666
7031.95416362
7032.99119774
7033.33011285
7033.48384331
7034.19289775
7033.90910591
7032.96658079
7030.53067414
7028.91140606
7027.16133084
7025.70081139
7025.02950479
7023.15844969
7021.60054277
7020.52721051
7020.63649524
7022.48158128
7023.61151439
7025.81372734
7028.77038832
7030.7096279
7034.68818483
7037.9807082
7041.0570527
7043.54324567
7045.75201013
7048.14586167
7051.42797233
7054.15779081
7056.06075315
7059.44116432
7061.83104314
7063.70655884
7065.14234983
7065.49358039
7064.85790284
7064.28248524
7062.88565481
7060.96501037
7058.99326416
7056.52287845
7053.57816352
7050.95334341
7048.4054896
7045.44759498
7042.75099404
7040.35196401
7037.86983438
7035.46633678
7032.85944969
7030.65301311
7028.8308016
7027.75093874
7026.59478565
7025.02831297
7024.07922938
7022.89029087
7022.14804676
7021.83095375
7022.0167378
7021.71939689
7021.14177686
7020.24967745
7019.4951179
7018.91767212
7018.37643387
7017.9968297
7017.80408293
7017.84441652
7017.4925796
7016.97390921
7015.80554523
7014.95222517
7014.28142736
7013.18122694
7011.914897
7010.08411974
7007.54202288
7004.38276695
7001.86868129
6998.79265739
6996.08748373
6993.8103954
6990.89704408
6987.60844464
6986.14038398
6984.9532785
6983.57959442
6982.66040383
6980.84610988
6979.53860301
6978.98691023
6978.82782705
6978.79752284
6979.18252155
6979.77228278
6981.08357419
6983.0336377
6984.37339333
6985.93070783
6987.6545352
6989.43301887
6991.50540044
6993.38279098
6994.40556511
6995.42702197
6996.61589078
6997.47643144
6999.02630231
6999.90443446
7001.39771842
7002.08684652
7003.63199892
7005.35797992
7007.22785714
7009.02568867
7010.66371916
7011.73112718
7011.40288963
7010.71095972
7009.66356864
7008.44748319
7007.49153445
7005.57500212
7003.03338618
7001.55847432
6999.65375562
6997.7562157
6995.83734853
6992.83932244
6989.63427564
6986.49310605
6983.99131492
6982.09644439
6980.45610694
6979.44019796
6978.96710934
6978.96701176
6979.30270688
6979.47526944
6979.91992172
6979.72476343
6979.72943312
6980.74464514
6982.22342517
6983.42517397
6984.75652416
6985.84111943
6986.50739392
6987.80314293
6988.89410153
6989.17652034
6988.96970873
6988.35951237
6988.23214129
6988.85385157
6989.09128103
6989.3162696
6988.61182212
6987.41946149
6987.31733462
6986.32102441
6985.62464783
6985.17295616
6985.09371776
6985.4908716
6986.50786786
6988.11115444
6989.8296012
6990.77659389
6992.09233894
6994.25518011
6996.43187006
6998.02354513
6998.92440544
7000.18768963
7001.07495905
7001.67802542
7002.69550258
7004.02296368
7005.22880368
7006.01484532
7006.99759949
7007.32992825
7008.09283749
7008.16150984
7007.09169727
7005.28502817
7003.42543821
7002.19131521
7001.001157
6999.82508454
6998.23099098
6996.16567669
6992.72078892
6989.16674187
6985.68069808
6982.74775495
6980.11685031
6977.85752772
6975.47615192
6974.21348106
6973.78905482
6973.14257425
6972.56749119
6972.95959898
6973.91177015
6975.86485153
6977.94402157
6978.52368372
6979.04879411
6980.17138813
6981.46549229
6983.10040036
6984.97151121
6986.25209417
6986.86540599
6987.24162288
6988.7358129
6989.81755758
6991.49490408
6993.03215285
6994.84578467
6996.43092915
6998.32375756
7000.49027175
7001.69095419
7002.55748878
7004.14553264
7007.55915438
7009.66163804
7013.60870591
7019.24158149
7024.19335805
7027.30558948
7032.52347578
7035.14199528
7038.65007026
7042.12801527
7043.27065413
7044.20382592
7045.91659936
7048.37626569
7049.60108416
7049.33940715
7049.00567051
7048.51138707
7046.95187711
7043.64898981
7041.12022597
7037.48326052
7033.13915032
7027.78437931
7022.19297339
7015.42538349
7011.8037862
7008.24380097
7004.86898647
7003.27771563
7002.09865318
7000.41755001
6998.80670132
6996.7484055
6996.16535608
6996.37871223
6996.6456653
6998.22577069
7000.31000769
7002.33917718
7005.76394345
7010.84587897
7015.65113175
7022.05727352
7026.87972749
7028.83446765
7030.7784745
7032.39997288
7032.62390205
7032.33597718
7031.37415299
7030.25338502
7029.26503419
7028.68862689
7027.83466562
7026.21159209
7024.24764497
7023.25101415
7021.53164738
7020.54472534
7019.34046048
7018.87584004
7018.72490443
7019.87193419
7021.59428398
7023.95792192
7026.07012133
7028.26843125
7030.01646435
7032.51442912
7034.80457168
7036.06196649
7038.2586455
7040.09989124
7041.32158729
7042.32851234
7043.13428517
7042.66502291
7041.27247188
7037.78511082
7033.35326616
7028.88977214
7023.39923854
7016.93317834
7010.90974224
7004.31267975
6997.36937003
6992.11321316
6988.05410752
6983.01057499
6978.06867448
6972.487514
6966.52428905
6961.82629284
6957.8769877
6954.68326665
6953.38293159
6953.38567068
6955.47629889
6959.24731936
6963.14795516
6967.02945915
6971.40572751
6976.96960315
6982.21965457
6988.54160249
6993.75840152
6997.36021882
7000.4787648
7004.51552561
7009.15432824
7013.63417316
7017.36989215
7020.74253211
7023.76485454
7025.21917097
7025.54016701
7023.96569313
7020.42291606
7016.1036319
7010.55465745
7005.6999617
7002.76630069
6999.85782118
6996.50160877
6993.27942351
6991.21411618
6989.80110214
6988.40522657
6986.9829289
6986.89112414
6987.34342217
6988.45811954
6990.16489208
6992.1466607
6993.70753672
6995.26787607
6997.35452459
7000.14377362
7003.33762012
7006.06749436
7008.1793174
7009.69913497
7010.9553728
7012.51293125
7013.60908924
7014.77903534
7014.9353167
7014.42098146
7013.28235017
7012.00816539
7010.55695745
7010.11105759
7010.03391706
7010.99744882
7013.06375282
7016.39092949
7020.48756691
7025.09589109
7029.24602785
7033.22611811
7037.58393072
7042.56033817
7048.11433777
7052.54234213
7056.35034377
7060.03080706
7063.35464525
7065.45913618
7066.84951964
7067.37892335
7066.37953253
7065.50818189
7065.05300537
7063.99492977
7062.16290493
7059.27976721
7054.82470651
7050.64364524
7047.68333214
7044.89594402
7042.27796815
7040.16262542
7038.15755712
7036.98182617
7035.35066083
7033.77379635
7032.27427452
7030.59427256
7029.3631744
7028.24093582
7027.14093056
7025.57429061
7024.14023507
7022.5308988
7021.14738049
7020.16121814
7019.08260286
7017.61180312
7015.41681774
7013.32043256
7011.97577724
7010.51965566
7008.57732155
7007.82805896
7006.38625313
7004.50652077
7002.5560809
7001.67884784
7001.43088021
7001.72073568
7001.83422314
7002.42026255
7002.80917822
7004.81278986
7007.17246204
7008.21765766
7009.04196987
7010.96906128
7012.16907462
7014.40781572
7016.73183097
7019.16722884
7021.76228139
7023.64246678
7027.12421724
7030.23255262
7031.90121489
7032.2093867
7032.39170682
7032.90827237
7032.99398561
7032.6718326
7031.72424749
7029.74976219
7028.063376
7026.7131519
7025.55879699
7024.25023072
7021.46476623
7018.90353061
7017.20758201
7015.52969884
7014.03739063
7012.46529342
7010.30845315
7007.87835225
7006.86402538
7006.18063334
7005.21722006
7003.8103254
7002.39432834
7001.07185057
6999.5888469
6997.89903859
6995.94473751
6993.09341642
6990.35501825
6987.37266002
6984.66339516
6982.58386269
6981.12492536
6978.9856278
6976.44859792
6973.45698394
6969.70013982
6966.38681192
6962.30927842
6958.16756105
6954.38780058
6950.66290552
6947.08176728
6944.79606442
6943.98245069
6943.45184819
6943.62567226
6944.07019908
6944.91206097
6946.09530524
6946.48169788
6946.46706851
6947.35665883
6949.75018977
6953.09826157
6957.79366506
6962.22758668
6966.63763712
6970.98205399
6976.0794901
6981.02561425
6984.88218767
6987.6463249
6989.10752041
6989.87293177
6991.65946543
6994.07720211
6997.42512755
6999.46992308
7002.17192553
7004.81684622
7007.58905435
7010.43421423
7012.05997109
7013.05597464
7012.65034566
7010.55975926
7009.05749834
7007.1527657
7004.80477471
7003.91567924
7002.49621823
7001.62559244
7001.0418112
6999.55299481
6997.15668297
6993.74486638
6992.27388543
6990.8838853
6990.35552704
6989.14544946
6987.51203291
6987.2562662
6987.15407661
6987.62036978
6990.36973824
6992.03899293
6993.51844206
6995.71365744
6997.23158623
6999.07367529
7001.29104732
7003.82765902
7006.32346319
7009.04468108
7011.70241206
7013.88014049
7017.92145947
7021.42724142
7024.43020903
7028.84784946
7032.52415184
7034.80956895
7038.24465036
7040.23746595
7041.15828048
7043.17617301
7044.96589879
7046.60031898
7048.57074792
7049.0061096
7048.9203406
7050.16392844
7052.25377605
7053.09117037
7052.34427051
7050.93432313
7049.91336809
7048.79653799
7046.6201129
7044.47032596
7043.10991913
7040.34730826
7038.34992753
7036.86251205
7034.9204149
7033.35638162
7030.31720647
7026.61458654
7024.05034698
7022.4611113
7018.30291061
7015.49227857
7013.61352196
7011.15327715
7009.58964114
7007.22167502
7004.38896998
7002.03097749
7000.08608549
6998.46008469
6998.97064237
6999.84386786
7001.6260385
7004.29464916
7006.76172427
7009.45886885
7012.50007914
7014.48459382
7015.42270713
7017.82135382
7020.54343594
7022.93217174
7026.31001109
7029.64599745
7033.97810584
7038.12971321
7041.25136069
7044.38244514
7048.03222785
7050.99215762
7052.25515605
7052.98885532
7052.6087563
7052.00299267
7050.9994967
7050.07572005
7049.0495935
7048.19927041
7047.36474761
7046.00862715
7045.58641029
7045.58470969
7044.99016725
7044.98254938
7045.35100205
7045.4798507
7044.86116526
7043.32886498
7040.73288545
7039.10928223
7038.75504773
7038.63096634
7039.30076749
7038.89335426
7038.09552688
7037.08600213
7035.22989005
7032.92411447
7029.77335459
7025.2505276
7020.07530278
7015.04013387
7008.98356387
7004.52498348
7001.35927361
6998.61720939
6997.2181626
6996.46165154
6996.13066096
6995.12488591
6995.53653671
6996.14685852
6997.86206438
6999.3973477
7001.64636908
7003.49383875
7005.52749672
7007.44289298
7009.31620626
7012.11517104
7014.71432874
7018.05816297
7021.29629489
7023.31347651
7023.81026904
7024.27793524
7024.08171756
7023.77583877
7023.1423288
7021.06325633
7017.9618558
7014.99334634
7011.7084966
7008.00439212
7004.3966227
7001.24333282
6998.47007923
6996.55333781
6995.08689413
6994.2861325
6993.77521938
6993.32510286
6993.79389815
6995.17960494
6996.0225541
6997.07186881
6997.83063805
6998.78931891
7001.22499557
7003.84855415
7007.17238538
7011.00791033
7014.34089972
7017.2648171
7020.94962948
7023.25732171
7023.86321778
7024.7257657
7024.53812074
7023.87042444
7024.4002533
7024.80563138
7026.24264206
7027.11530301
7027.79107021
7028.35450692
7029.14367795
7029.96834561
7030.62482071
7031.18482136
7031.63805333
7032.10521772
7031.98917238
7031.19499711
7031.22810314
7030.97987066
7030.6727443
7031.36613088
7032.17149947
7031.19446741
7029.39378528
7026.77106305
7024.75811203
7023.63864739
7021.98671935
7020.01600465
7018.2998091
7017.31320766
7016.63756591
7016.48828212
7016.99836585
7018.06648478
7020.13855968
7021.8847946
7024.64732881
7028.44268047
7031.69923327
7034.35458062
7036.59850019
7040.01403162
7043.44020577
7046.46848729
7048.95684086
7050.36736673
7052.05058868
7052.6277278
7053.15297758
7053.53020508
7055.52472824
7057.29678586
7058.87500943
7060.90357952
7063.13440305
7064.5828719
7064.09141815
7063.22965083
7062.76502342
7062.42701436
7062.66641625
7062.68696289
7062.49373521
7062.74702768
7063.967971
7064.40835087
7066.1838097
7067.87256558
7068.96928812
7069.3137302
7068.29345819
7067.61184342
7067.30021464
7065.3117133
7064.4752808
7064.17332595
7063.45963666
7063.11525034
7063.48340331
7063.2708417
7063.69266825
7064.29468219
7064.91533309
7066.21014816
7067.99871
7069.54111634
7071.36541876
7072.52315396
7075.37174293
7078.03869481
7079.16130975
7079.74465189
7079.87230177
7080.22176899
7082.19334793
7083.93298952
7085.63219995
7087.12350452
7086.9957501
7086.45518094
7086.77188365
7086.48229304
7085.47761222
7084.05586516
7081.13253323
7078.30799666
7075.7415059
7072.36972321
7069.14339795
7065.41230683
7063.12150215
7060.65609977
7057.59522101
7055.16999192
7051.96069362
7048.6138903
7046.97004709
7045.98007233
7045.27836394
7043.54206082
7041.21809436
7039.70077891
7038.43939047
7036.92051381
7034.85954163
7031.44759262
7027.82225957
7023.34881284
7018.37368781
7015.70590654
7013.39225522
7010.59824589
7006.14556186
7005.06228385
7002.83793516
6999.36564258
6997.45472085
6993.06095858
6990.99489852
6989.50246486
6988.2757367
6988.39071567
6989.20533304
6990.45223149
6994.23680104
6996.52053845
6999.94358321
7004.3997033
7006.14502519
7009.06364561
7010.48540661
7013.12237488
7017.28813071
7020.78196661
7023.29244198
7026.2620178
7030.51918809
7032.52553184
7034.34872608
7036.09087676
7036.43257278
7037.97617791
7039.89223629
7041.28359551
7043.93804376
7046.10352644
7047.757636
7049.49026609
7050.69821791
7051.46635441
7051.70997993
7049.78309064
7048.29967576
7046.23314177
7042.36541685
7040.23861595
7037.43074391
7032.97162685
7030.19888205
7026.92198472
7024.11852449
7022.07696986
7019.75174886
7017.20779807
7015.51782248
7013.62004559
7011.80961286
7010.82791111
7010.77442571
7011.28085733
7012.46527948
7015.33005904
7017.92960704
7019.20400092
7019.93091868
7021.57155582
7022.43501678
7022.61332236
7022.61332236
7022.11344225
7021.6281288
7020.84003807
7020.28432378
7019.84308664
7018.92359635
7018.36126085
7017.53448835
7015.93925176
7015.38383019
7014.48718655
7012.95196596
7012.15675918
7011.40794962
7010.36638521
7009.36424137
7008.38727204
7007.44317874
7006.80620483
7006.35346074
7006.21231058
7007.16379872
7008.36771509
7009.68063044
7010.18233661
7009.54746058
7008.32823877
7007.18482627
7006.06430224
7005.33955206
7004.46098081
7003.91218045
7003.68258493
7003.24706294
7002.93429113
7001.79231439
7000.01852132
6997.37246457
6994.35985789
6991.33616242
6986.80980877
6983.33238649
6980.67488551
6979.11127041
6978.79752284
6979.41272344
6979.8923566
6980.42599091
6981.34815756
6982.66850958
6985.26361092
6988.31174908
6991.84596737
6995.63422388
7000.30859285
7005.31434966
7010.74708362
7015.88037879
7021.62400274
7026.39152858
7029.57184692
7032.49694914
7034.33153185
7034.20581955
7034.11733934
7034.26543828
7033.82781145
7034.35398819
7034.3611391
7033.55342172
7032.89384511
7032.00778145
7030.23853958
7027.65084702
7024.62388974
7021.61793911
7019.01050142
7017.002931
7015.91405633
7014.68917513
7014.1218563
7013.82029176
7012.86318605
7010.90737255
7008.51680373
7005.75495255
7003.10641459
6999.56892055
6995.4892613
6992.79574096
6990.90885073
6989.77610186
6988.97241994
6987.45814327
6985.9381654
6984.7477075
6982.38898319
6979.73470221
6977.82118776
6974.88183948
6972.08875713
6971.46125503
6972.16194584
6974.31355884
6977.0947997
6980.27030894
6984.5641398
6989.46056309
6993.89183623
6998.40526808
7002.18157855
7005.86014608
7009.95972471
7013.88393897
7018.124152
7022.28302178
7025.53678671
7028.1452141
7030.71852819
7033.12741336
7034.36095788
7035.26246638
7034.63751518
7034.45943263
7034.92157187
7035.37865111
7035.71778925
7036.27517627
7035.88750121
7033.76279818
7031.04751847
7028.07578205
7023.80371753
7019.51609667
7015.12715045
7011.68080602
7009.40438678
7007.53154744
7006.44001035
7005.58000636
7005.16854374
7005.64950114
7005.92945268
7005.18446948
7003.38681916
7001.04671786
6998.4564953
6996.84095601
6998.10527869
7000.49025085
7002.66441776
7004.17283989
7006.57819839
7008.59237608
7009.30681112
7009.68419195
7009.68796256
7008.97942387
7007.81859412
7007.00560069
7005.58100303
7003.82793781
7001.78536561
7000.44671816
6999.81472061
6999.51264728
6998.26445944
6996.02242865
6993.53926052
6991.90961458
6991.1457714
6990.83942565
6991.45550443
6992.79322491
6994.95298547
6997.14437449
6999.39437164
7001.50289105
7003.29362744
7005.5041622
7007.47018629
7010.47261026
7013.46082303
7016.37942253
7019.2297818
7022.27072725
7025.1282653
7028.04006239
7029.84487755
7030.77441117
7031.14204141
7029.63941109
7028.31187333
7027.04233732
7025.83975216
7024.01545671
7021.35804634
7017.39311515
7013.95898859
7010.55097048
7007.13444238
7004.46034657
7001.96029089
6999.80788335
6997.10843877
6994.81852621
6993.21140631
6992.00277842
6990.45845542
6990.30303831
6990.08018247
6989.69101589
6989.53833786
6988.71573323
6987.91593342
6987.01959644
6987.60525252
6988.46790499
6989.58148721
6991.13789565
6992.03920899
6993.3537901
6995.46849162
6996.78242455
6998.04450299
6998.86241005
7000.16944298
7002.33575506
7005.80023463
7008.83651038
7011.48502743
7014.07753605
7016.83448056
7020.04969613
7023.45572091
7025.20347522
7026.03966378
7026.57331204
7026.14521974
7026.66205013
7027.6650164
7028.51140161
7029.32200444
7029.93749079
7030.6254201
7030.89761438
7030.03807736
7029.13273554
7028.20231677
7026.75007731
7024.23293195
7021.52133224
7018.33266422
7014.17493049
7009.22431787
7004.63034428
7000.99281428
6997.62187493
6993.97498463
6990.56977531
6986.96736558
6984.98634271
6983.18996087
6981.37150602
6978.9636454
6976.02375349
6972.11368074
6968.91269727
6967.22606714
6966.17666183
6965.37690384
6965.42667439
6965.82998248
6966.35006074
6967.513992
6968.56695883
6969.38963316
6970.06181097
6970.07904004
6970.79069418
6970.4801248
6970.12352758
6970.33955312
6970.57093986
6972.00693994
6976.96106528
6980.51141143
6985.32077632
6991.75990564
6995.55996184
7000.17416146
7006.59054172
7010.42929363
7013.47599604
7015.91265542
7018.61950878
7020.93921676
7023.60757652
7025.9967514
7029.44881098
7032.79553763
7035.09267079
7037.93583734
7041.08700843
7042.05721019
7042.4196271
7040.38892428
7039.07773044
7037.60818524
7035.34552417
7034.04866698
7032.99314228
7031.88321915
7030.61383648
7030.01270769
7029.73040039
7028.60367334
7027.40340211
7024.72501297
7023.01044136
7021.95445665
7019.64475018
7017.30184706
7015.34587326
7012.23662486
7009.74915644
7008.9741966
7007.07901941
7004.84353316
7003.15373182
7000.61505011
6998.82564493
6998.97808599
6999.2934575
6999.46147581
6999.54000331
6998.87492064
6998.39386567
6997.548505
6995.30694815
6993.19403087
6992.10949832
6992.06762442
6992.36787866
6992.94415354
6993.67057645
6995.74127135
6998.17720589
7000.09219791
7001.23466253
7001.88285763
7001.06781512
7000.08161095
6999.51396455
6999.38602892
7000.49979932
7001.94097091
7003.13130336
7006.64659196
7009.45495188
7011.40193478
7012.77297735
7013.25309142
7012.88125845
7012.091725
7012.22707638
7012.97396927
7014.14933082
7015.27145091
7016.3245641
7017.47923264
7019.97174712
7022.02345659
7024.25569496
7026.03618591
7028.61737575
7031.21647073
7033.32232771
7035.62065268
7037.91243312
7040.32945192
7044.82237894
7049.67092045
7053.96403343
7057.91598706
7060.70292912
7062.77604947
7064.36734818
7066.08071404
7066.91182867
7067.56258862
7068.12292382
7067.46802387
7066.90152049
7066.19589514
7065.95559417
7065.32795964
7065.80258856
7064.96756394
7064.35709577
7063.97717099
7063.31773378
7062.93826203
7061.98097511
7061.21131225
7060.49387327
7059.59683235
7059.46823459
7059.70654224
7059.79394215
7060.34600432
7060.34918947
7060.30408164
7060.30408164
7058.94810754
7056.99492161
7054.98509999
7052.85382454
7051.34355545
7048.86910641
7046.18319
7042.6194272
7039.47285611
7037.09029546
7035.99323837
7035.15793497
7033.92439044
7033.14048153
7031.72202416
7030.20027598
7028.98663689
7027.54385531
7025.73650318
7024.55742678
7023.75369607
7022.10288317
7019.6162302
7017.34197854
7015.75968467
7015.0798611
7015.37479051
7015.08449595
7014.04155851
7012.11394437
7010.08641276
7007.9225122
7006.16362729
7003.79483178
7001.43327081
6998.66744691
6997.53572259
6996.31606866
6994.64405396
6993.48477846
6992.24903151
6990.97088097
6989.77350217
6987.70840393
6986.82238906
6985.77504677
6984.75706779
6982.88210967
6980.81254386
6978.99500901
6977.26688134
6976.34606681
6975.58459333
6975.27181455
6976.01083169
6976.48698697
6977.7236121
6978.78819043
6979.76969005
6982.30469176
6985.48757494
6989.12472857
6992.44016132
6995.122565
6997.29342828
7000.21473203
7003.72928882
7007.67444003
7011.14939503
7014.38641877
7017.57774224
7020.50395265
7022.9461599
7024.90092795
7026.23986116
7027.11070998
7028.67254085
7029.83747574
7029.85450269
7029.91749475
7029.73445675
7029.43320584
7029.77807307
7030.5549426
7031.41633356
7032.80698186
7033.65366677
7034.70608299
7034.6395573
7033.53486144
7032.00212206
7031.05645361
7029.23686271
7027.58266951
7025.75036589
7023.28955653
7020.86464108
7018.01480453
7014.38972937
7009.80768789
7005.42182925
7001.91537821
6998.61438666
6995.19892492
6991.74863565
6987.86632317
6983.95314193
6981.19274045
6979.30157082
6977.09509939
6974.67495121
6973.19887541
6972.41529407
6971.61957153
6971.8444904
6972.41045711
6972.43222345
6973.03637709
6975.11345622
6976.42663642
6976.63608258
6977.17740446
6978.00317333
6979.59264599
6981.7364599
6984.06329091
6986.79835757
6989.60703112
6993.18265634
6997.10878029
7000.2088287
7003.19559178
7006.44187126
7008.65161844
7010.02166434
7011.93953485
7013.7447682
7015.18159767
7015.52935732
7015.24249185
7015.00405876
7014.64364912
7014.37884968
7014.70275209
7014.10600026
7012.72074649
7011.29242701
7010.03457221
7009.64945502
7008.9965484
7008.41810595
7007.59801737
7007.07366669
7006.22623602
7005.03633569
7002.81657306
7000.35217432
6998.59823092
6996.99637313
6995.08007777
6992.21860184
6988.72448716
6985.3205742
6982.38501744
6980.14309816
6978.56625459
6976.39888312
6973.91828681
6972.57717209
6972.29768055
6972.41471559
6973.68185402
6974.86432465
6976.04855165
6977.24889954
6978.2279319
6978.37557781
6978.29848607
6978.09081021
6977.86973862
6977.43112209
6977.28592253
6977.74070875
6976.36270346
6975.30991784
6974.2729604
6972.74027678
6970.84370564
6969.21242182
6966.68983313
6963.94079921
6961.77391562
6958.47926649
6956.84941843
6955.04633174
6952.25015484
6949.32018777
6947.50235323
6944.913204
6941.63359546
6939.64123988
6936.30903109
6933.38712795
6931.91241124
6931.40355417
6930.76331845
6930.86918804
6931.66631149
6933.65030344
6935.61659239
6939.17378277
6943.51694509
6945.63182783
6949.362445
6952.61550599
6954.8310659
6959.46036885
6962.22050548
6963.18599573
6964.5708104
6966.00005685
6967.07311032
6968.3035394
6969.2122894
6969.28668387
6969.18637609
6967.44292207
6966.09755584
6964.33227973
6961.88926399
6960.15296088
6957.84046653
6954.87489828
6953.65759313
6952.35076232
6950.44122756
6949.34808047
6948.64166057
6948.52420736
6948.69509719
6948.4602953
6947.74459177
6946.56031599
6945.58108151
6945.11083653
6944.605304
6944.08030513
6942.2149373
6940.96603855
6940.64647827
6941.37982905
6942.17994946
6942.14036162
6942.32129477
6943.01749711
6944.12484145
6945.17013465
6946.0737689
6945.63566812
6944.39242876
6942.37266139
6941.31326851
6941.41934719
6942.14189495
6943.23634537
6944.97218152
6946.8113224
6948.86722065
6950.3666937
6953.50289389
6956.55552751
6959.17404004
6961.64873302
6964.73758811
6968.13058654
6970.41815728
6973.07955432
6976.10559856
6979.31622808
6982.73601102
6985.22913883
6986.97183315
6988.64208451
6990.18463024
6991.67589996
6993.80809541
6995.37343899
6996.91331533
6996.9488956
6996.45564367
6996.27328173
6995.47994283
6993.38338341
6990.47999873
6988.11243686
6984.9035428
6982.55948969
6980.88528651
6979.24018876
6977.98666214
6976.72478582
6975.16439072
6973.65718132
6972.1564816
6970.02553373
6968.01442272
6966.62213653
6966.19722938
6966.68645283
6968.65116662
6970.83150869
6973.66667403
6976.73388127
6979.99117286
6982.60976903
6984.86666617
6986.71905644
6987.05146883
6986.90270777
6987.60793585
6987.24339318
6986.49392848
6986.1733994
6986.11400371
6985.11078653
6983.30949803
6981.60553428
6978.97444145
6975.84173307
6972.54253273
6969.25754359
6967.07330547
6966.54578358
6966.61454654
6966.75483943
6967.33399279
6968.41902019
6970.03104676
6970.25969441
6970.01995101
6970.19877235
6970.3521125
6970.77223844
6972.11501195
6973.61436651
6974.71138178
6976.49507878
6978.01264514
6980.60224043
6983.3234165
6984.2504689
6983.77794483
6983.01821377
6981.57918188
6979.38429407
6976.6464953
6973.13264942
6969.61078142
6966.93054531
6964.62273459
6962.40012833
6961.03780484
6959.24375088
6957.47913689
6955.16703981
6953.68395947
6952.46106463
6950.53943746
6950.01484981
6950.27529318
6951.7244381
6953.4786324
6955.45972497
6957.33720612
6959.73742099
6962.14052132
6964.31532944
6967.34104612
6970.47956722
6972.8467597
6974.34648366
6976.15273458
6977.68612213
6979.29624598
6979.38192438
6979.12477767
6978.22351311
6975.70441624
6973.72735215
6970.58108075
6968.21970796
6965.09308412
6961.6118773
6958.73959138
6956.54265449
6954.50270986
6953.04761283
6950.42404728
6947.29558343
6944.6456376
6942.399425
6940.64508433
6938.1275626
6935.49866523
6933.24167052
6931.86292644
6930.32562192
6930.74394271
6932.13892617
6933.50038541
6936.45609155
6940.15504542
6942.56404907
6944.51111561
6945.04442932
6943.90620228
6943.18762724
6942.61395206
6943.01861226
6943.062591
6943.37915432
6944.26282041
6945.30725633
6946.52956572
6947.5774377
6949.08947709
6950.29349104
6951.72267476
6952.58481845
6953.85044446
6955.27739788
6956.94806045
6958.50917343
6960.73835908
6963.85519051
6966.77970728
6969.83818847
6971.86436099
6973.76685636
6975.92520208
6978.63854421
6981.20538346
6983.38912673
6984.3877718
6984.03825578
6981.06963481
6978.7808374
6977.20488595
6973.93805982
6969.70536709
6966.30044352
6962.58188391
6959.08712104
6955.55936366
6951.72338567
6948.1616859
6945.88626333
6944.6764506
6943.61389348
6943.28562108
6942.64956717
6942.06829503
6942.68246411
6943.89623562
6944.56832283
6944.38423938
6942.76052464
6941.13275354
6942.26260998
6944.1732111
6946.36286467
6949.75373734
6953.26513686
6957.32542037
6961.90357974
6965.89568574
6969.28047387
6972.1036862
6974.48364716
6977.16949386
6980.35883098
6983.28222563
6986.69774312
6990.92883283
6994.61668399
6999.75611249
7004.32871004
7007.63056583
7009.97908651
7011.07826935
7011.29711761
7011.71265053
7011.99541783
7011.98729814
7010.54712321
7009.08808831
7006.98447556
7005.55893002
7004.08667361
7001.47414804
6998.56410035
6995.55229518
6992.6270675
6989.33597988
6987.12044088
6985.1084935
6983.45759
6981.77631259
6980.83767656
6980.28498711
6979.76610763
6979.45288279
6979.07669377
6979.19914426
6979.1528934
6979.51129576
6979.72401767
6979.32506565
6979.47595247
6980.67689975
6981.98048269
6983.53447962
6984.81578743
6985.8690191
6986.03236773
6986.24683903
6987.26560559
6987.31828947
6987.01763098
6986.77013032
6986.15238579
6985.68908262
6985.15584557
6984.61557611
6983.18433633
6980.54750049
6978.42149413
6976.97735345
6975.05030386
6973.24255446
6971.94102061
6970.63453828
6968.16112075
6967.41997786
6966.8961708
6966.29657534
6966.47002305
6967.19901777
6969.25859602
6970.7178191
6972.74593617
6974.77545414
6976.68708677
6979.40091678
6981.54288373
6982.51909336
6982.63291537
6981.5788543
6980.65670159
6979.25624693
6978.034523
6977.15272479
6975.78506949
6973.6078847
6971.14919413
6968.89258972
6964.8250159
6960.98999277
6957.09120394
6953.85418718
6950.0700846
6947.18871718
6942.98940926
6940.57949954
6939.72041555
6938.02232028
6936.10126463
6933.52115509
6930.08349489
6927.54109137
6925.38083596
6922.10083014
6920.18528054
6918.641773
6916.86972931
6915.96680598
6915.65066084
6915.41250653
6916.68593859
6918.13277654
6919.63948412
6921.58103066
6923.06912918
6925.20847552
6928.695969
6933.65964283
6940.14013029
6948.17569498
6956.07647284
6964.0803115
6972.00590842
6979.83763756
6986.47828849
6992.03735506
6996.94907681
7001.12141203
7005.47789343
7009.92262505
7014.76575112
7018.66150813
7022.23983758
7023.90909924
7022.94528869
7020.38723822
7016.95294438
7010.82191718
7004.06837818
6996.60958321
6989.01412656
6981.543051
6973.50414783
6965.32564177
6957.79159506
6949.56672662
6940.24948472
6931.02900303
6921.73387597
6912.18254309
6903.72837882
6897.47224568
6893.62503953
6891.1885056
6890.31827708
6889.55593239
6890.88490591
6893.27824169
6896.0344753
6899.10148739
6902.94338264
6907.09487848
6910.56250835
6915.57120637
6921.25394311
6927.85674863
6935.12062925
6942.04571323
6949.52092878
6957.2948095
6963.32952255
6967.03600369
6970.11945728
6972.9354281
6975.75458407
6978.09794021
6978.71288293
6979.33147776
6979.72642919
6980.83551595
6982.65990201
6983.62564316
6983.71863277
6983.14425365
6981.43603142
6980.4891363
6980.19937144
6981.34823423
6982.84837637
6984.15549294
6986.05882467
6986.75664397
6986.37618951
6985.12145712
6983.63166498
6982.8088861
6981.26022098
6980.00758648
6979.90136143
6980.05294522
6980.94405494
6982.25944453
6984.27158009
6986.03470257
6986.86208841
6985.43270257
6982.31457478
6979.51100304
6977.82354351
6976.23517904
6975.26573001
6975.29332998
6975.05495961
6975.43511439
6976.10395372
6977.31007251
6977.92096584
6977.26255316
6975.36384931
6973.05741858
6970.27906318
6967.01454402
6964.89607189
6962.59410874
6960.47177541
6959.54305028
6958.67673175
6956.67873769
6955.50938401
6954.21141864
6952.99035683
6951.72373416
6951.16567108
6951.45302443
6951.48576106
6951.23255919
6951.84168222
6953.36262191
6955.88528727
6959.0408632
6960.8151581
6961.78117107
6964.03674397
6966.69208434
6968.98562811
6972.42346255
6976.58484142
6980.73657424
6985.73404409
6990.28215014
6994.306714
6996.89958504
6997.21471958
6997.01543523
6997.35975185
6997.30152009
6996.78864152
6996.04927589
6995.01403299
6994.16686717
6993.42177943
6992.01350478
6990.72246031
6988.03313573
6984.84278104
6981.68264693
6979.64779714
6979.13790856
6978.91505969
6979.21485394
6979.14204856
6979.94136746
6979.48235761
6978.98298629
6978.10205232
6976.38842858
6974.62581489
6972.83589395
6972.0517411
6971.59127459
6970.58297651
6968.98080508
6967.80561777
6967.52914411
6967.16885992
6965.30165209
6962.78059674
6960.42234637
6957.49128506
6954.88093403
6952.70703893
6951.12357415
6951.48870227
6951.65691574
6952.53138183
6954.31543429
6955.77336102
6956.97558375
6958.02719846
6959.96358743
6961.77873865
6964.29214826
6967.04901611
6968.34445148
6969.0919577
6970.03939645
6971.15364776
6973.07901068
6974.9856809
6977.79369233
6980.32021889
6981.00207761
6982.70388772
6983.80224117
6984.9223052
6985.82043339
6986.43759944
6987.68740425
6987.9653067
6988.4687762
6989.3549235
6989.38877528
6989.26720995
6989.33294806
6989.98429347
6989.88618115
6990.20599234
6989.84223725
6988.53338523
6987.10533756
6984.99217634
6981.75132625
6977.6352434
6973.29334259
6969.1556746
6965.36637264
6962.00366448
6958.03421694
6954.65528335
6952.30818448
6951.15891745
6951.36823815
6952.93975688
6953.66414464
6953.78389786
6953.3064253
6953.27209261
6954.03790124
6955.70034654
6959.03546169
6961.75440746
6964.61734005
6967.66426549
6970.63205707
6973.45176364
6976.13539399
6978.35900389
6980.38698155
6982.0736535
6984.69535119
6985.92835207
6986.77407517
6988.02552483
6989.15823884
6989.93354716
6991.07755208
6991.77804077
6991.77037411
6992.04601141
6992.28187966
6992.77086614
6993.15525151
6992.33839688
6990.51610173
6988.47626165
6987.2214526
6983.53113417
6981.67493845
6978.46429499
6973.60685318
6965.40875532
6960.96345916
6956.30969957
6948.75346834
6943.92355681
6938.92440726
6931.24813009
6926.61433169
6922.11504831
6915.73081227
6911.97317361
6908.02386846
6903.97782402
6902.15030161
6900.45380937
6899.78834337
6899.16267429
6898.60119607
6901.0706339
6903.19972783
6905.06007749
6907.46462054
6909.43516099
6912.2317491
6917.11708361
6921.32900667
6924.93679701
6931.71732962
6937.57619043
6941.14285959
6948.27619094
6953.86117778
6956.41670522
6959.31061809
6961.35526028
6962.85965393
6965.44344347
6968.16466832
6969.66127683
6973.98668038
6976.39616494
6977.8776074
6977.82773927
6977.46259024
6977.36731457
6975.83252611
6973.05905646
6970.999757
6968.14302047
6963.75016425
6959.82999242
6956.69161767
6952.54494485
6949.61561202
6946.13206339
6943.8898932
6942.33397961
6941.17066865
6939.21274334
6939.12464645
6939.62033081
6941.72984688
6942.71090044
6943.0445395
6943.81176298
6944.59149705
6947.21373836
6949.9866365
6952.9657817
6955.74672983
6959.4773958
6963.53410386
6967.22088169
6969.72274949
6972.87842997
6976.39635312
6981.35662574
6984.54831164
6988.08121265
6991.63566394
6994.39041998
6998.39985263
7003.84572446
7008.53598432
7013.27600079
7017.29175495
7020.20409568
7023.22165781
7026.25365417
7027.95731126
7029.21234334
7030.43456908
7030.96354765
7030.83511717
7030.8649335
7028.80265102
7027.22495714
7025.30848057
7024.30353491
7023.09463521
7021.48660227
7019.47620913
7016.59237444
7013.56709686
7011.85650493
7011.03843757
7010.5570132
7010.10889001
7009.19498244
7008.21417979
7007.38468213
7006.14508792
7004.38575695
7003.13867729
7001.94411424
7000.91904011
7000.63002101
6999.73794948
6998.83608553
6997.04265884
6994.27501585
6991.86268069
6990.49273236
6989.06881075
6987.28813162
6985.16083587
6983.95059799
6984.04235396
6985.08529837
6986.98186951
6988.65610753
6989.94306079
6991.72887658
6993.93996194
6995.12786197
6995.80496735
6995.63002116
6995.7245441
6997.4204927
7000.79225448
7003.7266264
7006.35112589
7009.26870782
7011.55038918
7013.93127013
7016.8768981
7019.82130636
7020.89550286
7021.71977325
7022.5596209
7024.01342156
7025.01042875
7025.25044396
7025.66741961
7026.20037786
7026.35714013
7026.90544564
7027.40984211
7027.24657015
7026.73538521
7025.77291981
7024.6463879
7023.41707398
7022.29620146
7020.51031598
7018.12011655
7015.9592478
7013.86545535
7011.36046513
7008.21566433
7003.78309483
7000.45347876
6998.14311016
6996.54919085
6995.47686222
6993.81927479
6992.5047355
6991.29693004
6989.04177532
6987.25547166
6985.94668933
6984.69229149
6982.74598465
6980.59170923
6977.51247231
6975.01257693
6972.2065658
6970.75640331
6969.08404013
6967.76984235
6966.20523755
6963.45825273
6960.12800939
6957.18826384
6953.69811491
6949.97598681
6947.01984159
6944.80457441
6943.39239673
6942.13095254
6941.62014396
6941.30009579
6941.62091062
6943.00941227
6944.85547406
6947.39858151
6950.53411959
6953.91469106
6957.73121663
6961.29580186
6964.45137082
6967.31057463
6969.29970325
6970.22400263
6970.76535239
6971.12597809
6970.85458533
6970.67048097
6969.603979
6967.55436045
6965.74544711
6963.40531793
6960.38342065
6957.2958898
6953.82038418
6950.45192604
6948.40200778
6946.18362515
6944.94648427
6943.92766892
6942.87991543
6941.86129523
6940.7154782
6939.15384945
6938.50162586
6938.14247774
6937.77099326
6938.60589243
6940.47725419
6941.86457099
6943.08085159
6944.64973578
6945.94900448
6947.4074609
6948.75160046
6948.91726302
6948.80917707
6948.68811356
6949.22338575
6950.37873732
6952.7084259
6955.1053232
6956.82639754
6958.47704316
6959.91647233
6961.48665985
6962.55058303
6962.84823758
6963.37378705
6964.47931928
6965.19314099
6966.47376577
6967.32805461
6968.82694221
6971.31308639
6974.49619957
6977.73270057
6980.94907311
6983.39215158
6985.46316708
6987.09583091
6989.46839702
6991.55381887
6993.50658662
6996.25426145
6998.49972132
7000.89521074
7003.70678369
7007.1062012
7009.75719946
7011.23735252
7012.19794308
7012.44855222
7012.61850811
7013.37389008
7013.99181583
7014.42543509
7014.60913521
7014.68552301
7015.08220989
7014.66643303
7013.71201065
7011.74903928
7009.28207569
7008.46608529
7007.63573734
7006.62573865
7004.6997833
7002.54486667
7001.26045735
7001.08761601
7001.00446063
7000.41051062
6998.99401174
6997.55348136
6996.85962084
6994.98394484
6993.40457126
6991.12544779
6988.64430087
6987.6693667
6988.06955236
6988.91974999
6989.09882224
6989.02240656
6988.3154012
6987.07182032
6986.14068368
6985.26023759
6983.26728261
6981.76316775
6981.0132082
6980.93493161
6981.6600024
6982.7715425
6985.36714567
6987.29203465
6990.17864328
6993.40094703
6995.18103373
6996.28202869
6995.74954437
6995.7721889
6996.21072179
7000.84599079
7004.64472275
7009.35957167
7014.5769004
7016.96239528
7018.89093638
7020.55736835
7020.78752843
7020.13307454
7019.78829094
7018.78771528
7017.7342536
7016.51707391
7014.89591705
7014.20490713
7013.3750122
7012.42948315
7011.60164428
7009.30346567
7006.8002109
7004.90564007
7001.40330811
6998.81471646
6997.49923626
6995.78913221
6995.53768671
6995.41800319
6995.64099145
6996.73310006
6998.00931999
6999.40511193
7000.26885864
6999.63886836
6997.17430234
6994.99244786
6993.69490764
6992.34193051
6990.46964178
6987.73278391
6985.56583062
6980.91255194
6977.66197216
6973.36022373
6969.29482447
6966.83917268
6962.9480993
6961.15985805
6959.88919993
6959.10092799
6959.26694601
6961.00310276
6962.29665631
6967.13681329
6971.28824641
6974.96272971
6977.01334493
6978.75732167
6980.91669193
6984.60657824
6988.425592
6991.08280722
6997.14182359
7001.71110356
7005.50043341
7009.79952638
7013.87827958
7016.03568439
7016.912792
7018.11092353
7018.47468559
7017.86707498
7016.38283768
7014.70018027
7013.46370848
7013.49730238
7013.37999553
7013.73871851
7011.49042197
7009.31204536
7007.01570674
7004.07122878
7001.38497783
6999.11751464
6997.09926666
6995.4805004
6994.59222735
6994.94445457
6995.38561504
6995.61103572
6996.17783879
6995.57758818
6994.97115546
6994.15209143
6992.96499989
6991.61973123
6990.47971995
6989.55812481
6989.44628916
6989.30339658
6988.47373165
6986.58364233
6983.72427125
6980.16052936
6975.73615621
6970.84810352
6966.14412731
6961.59998004
6957.3676776
6953.82759084
6951.97414815
6950.56446562
6948.69480446
6946.36066922
6945.12694348
6943.79266603
6942.85301242
6942.5568006
6942.26532816
6942.59973389
6943.75231152
6945.16883132
6947.41459786
6949.87050056
6952.5359191
6954.1652305
6955.31099875
6955.87673546
6955.65650719
6954.38453877
6952.53629547
6950.84038868
6949.55949905
6948.57131549
6947.61023009
6946.20907149
6944.28077433
6941.84728616
6939.1010889
6936.9090517
6934.7170145
6931.72652961
6928.26545125
6925.72123561
6923.77355574
6922.22858456
6920.58025288
6918.87916064
6916.82449603
6914.87395858
6911.9396494
6908.41103474
6903.67596675
6898.69180204
6894.04719365
6889.9917471
6886.34723347
6882.7348989
6878.46730196
6874.11576207
6868.91471454
6864.09844269
6859.54291391
6854.67583999
6850.25677078
6845.85012155
6841.87634582
6838.41666837
6835.31767238
6833.18897572
6832.60750146
6833.40518248
6834.80295381
6836.72623976
6838.29971001
6840.18333843
6841.80784771
6842.71097317
6843.83769326
6845.34879174
6848.08362143
6849.97429621
6850.81198325
6852.04436384
6854.32672125
6857.19245566
6861.00173276
6865.69186019
6869.98316105
6873.72073398
6877.27491346
6880.49714751
6882.35226989
6883.72627458
6883.18153058
6882.10651165
6881.64498575
6882.13049436
6883.18402573
6884.36085788
6885.82415824
6888.50985161
6891.72329689
6895.1890519
6898.02223089
6899.5327718
6900.68226884
