7060.12434738
7060.72003285
7060.25613725
7059.28497367
7058.60063375
7058.16236571
7057.16355337
7057.35995227
7056.51766523
7051.50875812
7048.49555204
7046.88485668
7044.51781056
7040.53721151
7037.49515092
7036.63320936
7037.13258764
7036.19920676
7035.78221021
7037.51731453
7041.03073526
7044.88748292
7050.40587437
7056.40350171
7064.42736429
7068.87645893
7072.67870361
7074.11585369
7073.95702143
7073.32960296
7071.85230747
7070.48911277
7070.61679749
7070.37361804
7067.35629288
7062.53047952
7055.55563195
7050.94093747
7046.64238117
7045.14954326
7041.99764036
7035.92034946
7029.7750344
7025.30795098
7022.90933217
7022.87810796
7022.96815635
7023.51541641
7025.14548751
7025.4289448
7027.49441243
7029.1499926
7029.02363212
7025.28160556
7019.87507763
7012.05348242
7004.48439908
6999.64794998
6992.45673535
6987.53692876
6983.34479264
6980.53057122
6977.72651857
6974.32047985
6971.67698795
6970.38818075
6970.54051727
6971.23997445
6972.71680994
6975.57402042
6979.16497198
6982.61601398
6988.27348559
6996.42370866
7007.08756436
7017.04252592
7025.2491268
7032.24174708
7039.01733121
7043.13411801
7045.623064
7046.0884302
7044.86420416
7044.92044955
7042.88272129
7038.58946195
7032.3223167
7026.34594692
7021.27779744
7018.06037944
7015.08097636
7012.80216652
7010.86549876
7009.10367264
7009.63142454
7010.69871408
7010.80193519
7013.70132623
7015.55345165
7015.22343683
7012.90866338
7009.12072051
7006.48338284
7002.09697359
6997.55374631
6992.62081579
6990.69407984
6988.20688324
6987.00408202
6986.3412645
6988.33825492
6993.07775564
6997.53967451
7001.94257405
7005.59452433
7009.5471122
7013.74753527
7018.73274544
7022.81621711
7025.49383262
7026.43327713
7024.47639727
7023.21488338
7021.42771547
7018.84990593
7015.75417872
7010.37532046
7005.66943456
7003.17701766
7001.95973342
7001.41356064
7000.98981742
7001.88391714
7002.82404468
7004.30827501
7002.56779009
7001.05913796
6999.18705832
6996.16939861
6993.30109935
6989.22593555
6985.02319157
6981.36440402
6976.87576336
6971.6461401
6969.170785
6968.15410238
6967.01845412
6964.74340791
6960.87249087
6958.25871773
6955.18283323
6951.81082751
6949.4092884
6948.16080086
6947.47236973
6948.41751545
6949.04965239
6950.86222482
6952.5258968
6953.35068991
6956.25259004
6963.25974909
6970.70259044
6977.51428454
6983.96426566
6990.03888716
6995.15149629
7002.16111565
7007.82717392
7012.63503335
7016.35921751
7019.70376265
7021.85446959
7024.94754831
7027.63499108
7028.28073286
7027.10341283
7023.83295549
7020.45913765
7017.7084101
7016.21292372
7013.06931474
7009.67284541
7006.76207286
7004.45447123
7004.83195661
7006.82323886
7010.42640829
7013.93543811
7018.43639422
7023.05757748
7026.11113806
7027.08807951
7025.58443859
7023.92349176
7021.59254864
7018.45130936
7013.85166244
7008.44979027
7003.08222291
6998.16629843
6995.11045876
6994.58840807
6995.42741238
6997.41929402
6999.61439789
7001.51254417
7005.75375387
7009.53438555
7011.20819842
7011.97667644
7011.57640714
7009.60177548
7006.01379301
7001.42671941
6992.61915004
6986.06145235
6976.83662855
6968.97527126
6963.67927564
6957.91000323
6953.78668584
6947.93142836
6944.84119327
6943.09965592
6941.25399837
6941.61267256
6942.65024334
6945.31704188
6949.46188865
6953.28168998
6956.90719726
6959.9560324
6960.33462596
6961.04018162
6962.52625892
6961.6582816
6960.02966717
6957.07652588
6955.84280712
6954.60519926
6953.35815445
6953.86415394
6955.39396605
6955.50869412
6957.68416437
6960.7027371
6965.28898131
6971.20003115
6975.32012855
6977.18971304
6978.7537533
6979.76930683
6979.76038562
6978.70023305
6974.97733132
6971.33472041
6966.57776759
6961.08117036
6956.94415056
6953.87013394
6952.28924097
6950.73200314
6949.89288731
6950.38337227
6951.83978657
6951.30887741
6950.94795898
6949.87993762
6949.28954215
6949.62882666
6949.14524866
6948.17269115
6949.72024112
6952.95960667
6956.44059743
6960.79103611
6966.05064297
6969.46678773
6973.34184477
6977.94510895
6982.0161467
6984.25216265
6983.35118385
6980.34984019
6974.9929713
6970.29552569
6965.63989823
6961.38644278
6956.17600709
6948.89928133
6942.79462744
6940.34103171
6938.42932938
6937.99820526
6940.7647331
6943.76771465
6949.23830099
6954.44630427
6959.08045115
6964.53622691
6965.97338396
6967.28246598
6968.25836894
6966.64361025
6965.37870213
6962.71582752
6960.50543912
6962.34614122
6963.99574836
6967.79086305
6971.02155133
6974.18137878
6977.9737962
6979.64664725
6980.2408412
6976.22565855
6972.14491203
6969.97724783
6971.80847115
6975.55494437
6979.28547095
6985.36555668
6994.06430132
7000.63784111
7004.27182354
7006.47589042
7004.86689567
7000.78027369
6994.00126047
6983.47980948
6973.49204159
6963.12756892
6954.20772481
6948.48638993
6943.77988372
6942.49231713
6947.19257152
6953.58507362
6964.27973535
6973.86732455
6980.07271137
6986.56718003
6993.73638437
6996.76743286
7000.39788862
6999.14129533
6995.89194919
6991.00408468
6985.8762189
6978.07473822
6970.69230318
6959.2512225
6949.83459979
6941.21597871
6937.08383072
6933.15710041
6933.09498653
6932.96777575
6939.7705347
6948.50438567
6955.26708284
6963.52051307
6968.64200159
6972.69463936
6980.35144321
6986.59317
6990.46219128
6992.58651795
6994.75994608
6997.95978651
6999.99860205
6995.12510905
6987.75332369
6977.55310571
6965.80481503
6955.021464
6942.85706889
6934.21993631
6928.81069021
6926.18225284
6926.85247217
6933.18321584
6938.73108211
6944.91420774
6950.09472953
6952.52889376
6957.2722766
6959.52483162
6960.77628127
6960.77923642
6956.7837083
6952.09508632
6949.77176804
6944.60684441
6941.38267976
6936.9091215
6932.43761931
6930.50279852
6926.89798424
6919.73427201
6909.57295884
6898.19244477
6889.89387185
6886.42361441
6887.26330176
6891.45354211
6899.59423761
6908.22349443
6915.74497479
6925.99756302
6934.06672162
6940.62594567
6945.06093366
6948.25086319
6955.08543181
6962.81888135
6967.00707262
6967.75491339
6963.97143111
6957.70827949
6950.67621774
6942.50969257
6935.51846623
6926.83203704
6920.11338133
6916.99972808
6922.56348524
6929.99076327
6933.86136667
6935.58232253
6938.38440973
6944.90002442
6951.04142949
6955.67002153
6961.55639171
6967.98695528
6972.67469907
6976.43874985
6977.64519622
6975.28569131
6966.26197791
6953.66737172
6943.15056254
6936.05288812
6927.86623449
6919.91024972
6915.63171733
6917.56050237
6924.45900395
6935.02057945
6947.26612266
6959.70593901
6970.18156429
6979.09212478
6985.46148053
6988.98718882
6987.81221757
6984.62973166
6980.91333962
6979.37795873
6979.41092537
6977.89855142
6974.30051169
6972.93427124
6967.320402
6964.98322798
6963.66694626
6959.24915947
6956.91515665
6956.94389268
6957.37107195
6965.18905686
6972.1290281
6981.0693631
6990.78793369
6994.76606547
6997.00758747
6997.12400917
6996.79047465
6997.42245129
6994.68266616
6993.96182597
6998.2067993
6999.43328353
6995.19032444
6988.90339224
6977.43724158
6963.91692116
6954.13026368
6942.46653625
6935.59281191
6933.13069225
6934.19743816
6939.79347892
6948.29946981
6955.86108164
6961.50195843
6966.25334943
6966.74216167
6966.018213
6964.5784702
6962.25473373
6957.91340444
6954.04190892
6952.60268884
6953.18210705
6952.19533834
6945.88701616
6940.47040309
6935.81380684
6931.11684912
6926.32380027
6921.95775646
6920.00712144
6919.46450319
6917.34752258
6917.46501762
6921.35745706
6926.16965164
6930.00608962
6933.0996144
6939.15672108
6945.85304589
6952.59566339
6958.39183881
6959.3031676
6960.30510235
6961.59966651
6962.82932892
6962.53183467
6958.48065357
6951.96362403
6948.38634003
6949.1997377
6952.31261731
6955.32910611
6958.12262059
6962.91247732
6965.79749686
6968.41320061
6968.05766278
6968.47728691
6967.09294617
6965.4441963
6963.28636634
6964.75119306
6967.02787714
6967.40347374
6964.9175735
6962.0542506
6959.0104894
6954.96629193
6948.42078424
6942.99704117
6940.29287115
6936.84042824
6934.07217889
6933.41545985
6933.06708686
6934.18037635
6936.23070582
6939.19376498
6942.1167763
6944.97678162
6946.64344359
6947.06712407
6944.91498138
6942.32390154
6940.44625312
6937.22450695
6935.11887299
6936.06514083
6938.29109255
6941.64520707
6942.13898173
6939.36898995
6939.98212055
6938.93574008
6934.40595734
6928.96343097
6921.28285349
6911.90508681
6902.72999871
6893.06528292
6892.36945695
6894.24083963
6899.83419706
6911.19483358
6924.1151543
6933.21556217
6939.76892471
6940.12597495
6936.73420319
6932.25667222
6925.53505439
6921.15524544
6921.39768611
6920.28356025
6917.19177789
6917.13107189
6914.88358383
6914.27395899
6911.87505442
6908.54042715
6907.381068
6910.0436011
6911.43133607
6914.45719214
6918.77111661
6930.8503909
6941.98852703
6951.88131896
6958.93089554
6965.44339479
6968.43737846
6965.43455025
6959.29333336
6950.84676605
6943.74555103
6936.42972532
6928.39034821
6919.12928898
6911.90015227
6906.29392182
6905.33459278
6905.9459461
6903.78156463
6903.35584203
6906.66851478
6909.79242741
6913.15077951
6914.68191585
6916.07240386
6921.52245053
6924.05933405
6926.92367452
6932.25228131
6935.38163727
6933.76255738
6931.32682497
6928.55054653
6929.06325784
6931.37589158
6930.44308221
6928.55100653
6927.85246238
6927.30387111
6926.14893075
6925.90501251
6924.23905448
6922.83649497
6924.73829337
6929.32227242
6935.78155112
6941.82825901
6944.49275756
6946.33944662
6945.25979285
6940.86125634
6934.54270266
6928.18562053
6924.12309975
6920.75643978
6920.05442472
6922.90134794
6927.42855886
6930.45162008
6929.13263413
6929.11471506
6930.8699827
6931.24488232
6928.35764642
6922.23834921
6918.26554924
6916.25022853
6915.07124971
6911.97580129
6907.92067534
6906.28051213
6905.0724488
6905.67730637
6906.62389482
6908.4934375
6910.93152566
6911.79781631
6913.0308869
6918.01547676
6927.65337318
6938.05705733
6946.1116423
6951.76544089
6958.93350221
6965.60081221
6969.33357605
6968.02928917
6960.61976295
6948.09092275
6935.50516806
6921.48317632
6908.18175296
6895.37751243
6883.47136525
6878.93822311
6882.24697889
6888.15208359
6891.28001774
6893.98675958
6901.11965184
6909.64739513
6917.36215196
6924.51740996
6929.66325057
6937.47530427
6944.53202479
6947.61944413
6951.14802393
6952.09726086
6946.71183019
6942.6456085
6937.30723717
6936.46902043
6938.27904195
6935.84567923
6935.20402866
6938.07984821
6944.11902187
6956.81805493
6963.63287145
6969.75499836
6975.23084682
6977.90286566
6982.46167019
6983.81671732
6982.10863449
6977.65031198
6970.898146
6963.86987576
6956.9910496
6949.10097719
6942.2889137
6935.02032854
6931.54272505
6931.99245824
6934.52499268
6935.84942893
6936.32868572
6935.73346723
6935.52068956
6934.10856764
6934.23421024
6936.4420547
6937.4029101
6938.26513045
6937.25692994
6934.70497098
6930.53649
6925.15936022
6919.69245387
6917.17903033
6917.45852186
6923.03255235
6929.14544442
6934.46269759
6936.97361902
6937.45061763
6937.79844698
6937.89226598
6935.98864152
6936.6244933
6938.45931995
6944.3119638
6952.60816702
6958.29825678
6961.54881565
6961.24574565
6959.66585632
6957.59909233
6956.86791609
6956.56101276
6958.00940495
6959.58423428
6962.70926904
6969.20998951
6974.72581611
6977.49877698
6977.8691463
6978.04247552
6979.87388702
6981.11013579
6976.8546661
6972.46872382
6967.65379712
6962.45801868
6957.98089892
6952.11764024
6947.6548153
6945.99650302
6944.92825864
6946.67543447
6952.21780862
6957.20798121
6963.57376848
6970.90829387
6979.22414464
6988.66711975
6997.81996059
7005.91786219
7009.87127248
7009.64272241
7004.90390472
6996.57219093
6989.00869728
6979.56393097
6967.93167169
6959.99924448
6954.1701094
6953.01064571
6954.47566757
6955.51564987
6957.35260227
6962.87114009
6969.63122363
6979.76934864
6990.08559106
7000.81907396
7013.32823872
7023.22359549
7029.5659437
7031.989514
7032.1627108
7029.8356707
7025.34119641
7016.77126558
7002.93800608
6992.18342593
6984.94285893
6977.01529655
6968.99327397
6962.16161868
6959.32418121
6959.92869727
6957.37997922
6956.63448723
6960.05100139
6964.99648433
6972.01565913
6982.68603845
6991.88333895
7005.81365139
7014.00625016
7020.35612563
7024.91911198
7026.46868316
7022.29286309
7015.82631501
7005.79375292
6997.65788045
6993.15681283
6986.39765626
6980.83142485
6974.31627713
6974.99400281
6979.3599839
6986.1246535
6993.79932067
7003.3794314
7014.14871063
7025.15280569
7034.28170565
7037.86182631
7035.97255244
7029.64309816
7018.4908275
7008.2240908
6996.78312163
6984.98087161
6973.98315382
6965.74820721
6958.7658951
6954.29163988
6950.44565342
6948.26531136
6947.35046288
6948.31799525
6949.83591706
6956.54864853
6964.33368772
6967.84887178
6969.11619142
6968.58496165
6969.45776199
6971.85750292
6971.35684918
6970.49285156
6972.28721916
6977.77176579
6986.14487954
6993.46616252
6996.3675678
6996.50363706
6996.66635841
6997.77819124
7000.02996566
6997.47822275
6990.76080068
6985.67809152
6980.32454718
6973.9859417
6965.1966817
6954.16351607
6944.71764157
6939.06603844
6935.68007243
6937.57843477
6942.05073151
6950.17741793
6961.00221074
6975.96604457
6989.30383578
7000.40301831
7006.98089325
7012.07453088
7014.59957987
7010.59570206
7005.96757699
7001.51500447
6995.38502273
6987.8217312
6975.27163345
6961.69710278
6953.23878457
6946.55585549
6937.38686588
6929.90397669
6924.59876018
6927.54406057
6934.45914305
6941.68924157
6950.0811247
6962.41210237
6977.48414063
6992.85594525
7005.77078082
7012.47361533
7013.87710181
7008.21063232
6999.07670025
6986.60147787
6971.71823457
6955.29511494
6940.15311493
6925.48133202
6915.29908887
6910.39835135
6910.66296957
6916.03954177
6921.3453507
6928.76505268
6939.38451145
6951.74068455
6959.12661838
6962.36030363
6965.77312385
6969.31728788
6973.21206217
6974.87800626
6974.82727389
6974.27850838
6969.56624521
6964.67426859
6958.71372
6954.30830441
6951.34831888
6943.96057991
6937.72300008
6936.3983408
6937.62157716
6940.27721723
6943.23642912
6946.26568639
6952.6080555
6958.22559079
6965.55418498
6969.93173575
6972.94592456
6975.17070536
6976.37535355
6978.33150857
6979.06817692
6976.33147239
6969.74561715
6964.52522177
6960.85562422
6958.20822233
6956.16025559
6955.68617727
6954.45091821
6954.15126335
6955.22842894
6954.4940815
6951.62228346
6949.96468906
6952.34428061
6961.03388799
6970.29305145
6977.02346503
6984.58986504
6987.90674051
6983.38618563
6970.33038808
6960.86217573
6955.27458223
6951.01901497
6952.76485959
6948.49250932
6941.86527503
6941.15526574
6952.46795079
6957.70294071
6952.96764272
6925.52970167
6910.54779544
6928.36823338
6954.1456876
6952.16861655
6941.54714353
6933.47452797
6923.98286958
6932.85055253
6947.86394085
6960.45311069
6957.65273106
6962.24384011
6974.49198301
6986.5596667
6979.27965126
6969.24529099
6968.35255036
6957.11888766
6954.26963657
6957.37694043
6949.82034678
6935.69194878
6917.48059487
6916.72546381
6934.3658189
6945.35324942
6952.66521393
6961.23209203
6967.36564226
6975.70528756
6983.3974835
6990.11708708
7003.55651031
7019.24034796
7031.46253574
7045.48290354
7049.84927493
7048.61508222
7022.93581699
7002.86464312
7000.08712408
7001.82137811
6979.3113285
6954.58886928
6940.63070596
6928.94541432
6932.81208681
6954.78006879
6978.29236679
6985.30938098
6991.84036385
7004.72409369
7007.08810799
7011.13557425
7011.39484672
7014.9316856
7011.86411594
7000.26476057
6987.74486946
6970.782254
6953.82952155
6939.35156573
6932.87480008
6941.1880442
6950.22378031
6936.85664671
6916.00968362
6896.98822173
6899.5538831
6918.65302915
6947.01700503
6962.6473294
6970.17067067
6973.31195874
6991.11104851
7006.38980081
7008.9231507
7003.719615
6995.19784473
6979.79731801
6968.05155733
6969.27771398
6969.12371868
6952.7250766
6928.37376034
6924.8596984
6941.3989052
6958.19905718
6968.15401874
6974.32193652
6966.05329842
6959.54556644
6965.44197297
6979.15172956
6989.98975782
7002.90375006
6998.37370943
6994.26553021
6976.0240533
6956.38900778
6950.5729339
6961.09283762
6974.33126196
6978.65785036
6961.11547518
6933.48802129
6923.83918942
6925.79008929
6936.82787583
6947.95865197
6949.35935057
6950.39554832
6939.10187658
6945.63893702
6967.95268531
6991.36403432
6981.64059192
6964.79626604
6947.1785276
6945.77059446
6957.15403581
6970.67625198
6988.15382299
7014.18390756
7026.80183434
7022.06760271
7023.35678627
7015.44806994
6997.07156922
6977.19194334
6967.19415304
6969.68881418
6973.7012438
6971.24499262
6959.55213189
6934.56793294
6910.76522886
6909.48439499
6926.94027632
6933.77386919
6933.48455038
6947.59348203
6963.10120955
6969.99260206
6970.22436516
6969.71495052
6975.21149896
6984.234606
6998.39969244
7005.37511849
6992.97810301
6977.96132742
6974.92169925
6980.73321495
6977.52977816
6970.30056478
6948.47512691
6936.16676588
6929.9232897
6934.31691258
6950.31599628
6952.9068252
6949.73835534
6946.45472529
6943.18612886
6949.34357119
6970.46967037
6977.92276413
6972.89463461
6962.57253766
6977.31336928
7006.56000761
7025.05787851
7010.99785317
6975.13127783
6951.32540254
6943.62012449
6947.70652343
6953.21007642
6940.81811396
6934.97639859
6937.35754439
6942.0996448
6951.48994298
6961.09655944
6977.04005289
6969.07123692
6962.27574735
6965.03407883
6967.64561471
6964.24653174
6968.82046747
6972.65996515
6978.25068804
6984.20522178
6984.51511511
6966.45901802
6946.71476443
6938.0194907
6943.54562547
6951.5835738
6948.28185043
6947.86074177
6947.84786178
6949.80030195
6954.36134375
6961.97520038
6962.46187292
6972.86465797
6977.29859354
6985.94986065
6996.34895873
7006.06096387
6988.04533976
6955.78909172
6938.73291514
6951.26463382
6986.59164364
7003.19323613
6994.37044495
6962.06986271
6946.8619364
6953.95302446
6975.42277117
6988.14972481
6978.69349336
6952.68898754
6948.98033186
6961.75458181
6969.03374696
6967.17373185
6968.22476807
6967.85122056
6974.00680895
6974.1344867
6970.63432929
6963.6173848
6962.92976912
6969.17803348
6980.92376628
6983.66155112
6970.19846579
6952.96706423
6945.62511612
6955.38307939
6977.30108172
6986.47994042
6986.81481311
6977.73249856
6970.95748594
6967.14059097
6957.57648266
6936.2132119
6912.72739872
6904.22661419
6911.85328111
6926.22842006
6932.27099493
6921.41905518
6919.62283364
6939.89850518
6975.89654979
7015.05581578
7017.03660168
6985.47382385
6966.16948315
6963.36045414
6958.11482848
6949.97550601
6949.89009246
6953.7051335
6944.95003195
6937.02780139
6944.92365864
6949.26111279
6941.69055187
6939.96472421
6947.9136208
6961.25495261
6976.80374555
6975.16682325
6957.41787342
6945.57444648
6944.97357556
6965.14781721
6994.93260621
7012.40559116
7007.39615435
7002.34631425
7008.7358821
7017.55124359
7012.80739379
7009.90131185
7001.73443122
6994.70954128
6987.06842619
6993.66457566
6993.79178644
6975.26421769
6935.32482733
6905.87333587
6915.60471675
6950.50151549
6971.64007647
6962.50516167
6945.30883159
6941.47711209
6964.59878685
6985.35864275
6984.35385739
6964.43097762
6951.09623914
6952.37059816
6965.26258709
6980.82890183
6993.10405228
6992.61473822
6981.97091341
6975.59377252
6974.09964522
6963.95859294
6956.01284664
6956.25477852
6948.03937492
6946.63018027
6951.96136585
6945.19094625
6926.50463585
6916.48799253
6931.0045465
6945.00843098
6941.80357237
6929.9211291
6929.8128689
6936.57947608
6938.82307505
6951.40977064
6960.88802631
6965.01142734
6952.0248876
6957.1090813
6977.45245642
6983.33003781
6967.14779763
6950.53781363
6941.03815404
6939.52656767
6950.55952422
6951.99256218
6963.56761424
6970.30155448
6967.15308762
6964.71031582
6973.12447408
6978.10826243
6973.0646602
6964.18521938
6971.49767176
6978.01324464
6981.98456007
6987.9709662
6984.60903865
6984.35569739
6991.58498047
6996.65642661
6997.01123261
6994.60583229
6995.93674339
7007.49262183
7015.47197597
7029.53848312
7033.53657609
7030.06845835
7022.06927544
7006.93271875
7001.35919705
6997.38011043
6986.864047
6981.66635887
6972.86873524
6968.94620068
6977.11681705
6981.67954552
6963.56366243
6948.76759601
6948.12312968
6959.69951993
6968.44738694
6955.33485611
6937.79405607
6930.20305306
6934.81327996
6944.90728684
6950.30600871
6948.25344198
6926.80111949
6914.37487313
6928.58959073
6961.70805913
6992.49347956
7020.02436839
7023.69823138
7022.20852984
7013.56304758
7004.19792391
6987.78735669
6979.22033919
6971.36626523
6978.62933039
6994.19048756
6998.59841921
6986.08132991
6972.00777641
6973.2751309
6975.00520311
6978.39538578
6975.09549544
6964.58201777
6961.76656968
6976.79651101
6996.31535089
7003.70407259
7001.39271429
7009.36261057
7024.86781506
7038.08534427
7036.81128494
7033.9049939
7021.86387867
7006.35678539
6988.39587335
6985.9679679
6995.34199883
6993.64851052
6972.26582221
6948.76282874
6946.50572251
6963.55126335
6981.26658442
6992.58210613
6990.80799942
6990.22993334
6992.42109236
7012.06874604
7031.63615072
7034.6920113
7035.61486795
7035.48481353
7038.9479131
7051.82100023
7056.83254885
7054.11388885
7037.31763291
7016.72784441
7017.27064387
7019.41570536
6999.03903604
6987.88737174
6988.40255728
7000.77676794
7002.4061351
6995.25744952
6991.7847736
6986.68286294
6978.82312959
6977.9688059
7000.40199377
7013.15880556
7017.49778607
7018.93772402
7022.3330782
7035.55137407
7048.51255808
7037.29853596
7016.9528957
7013.0700814
7034.88068081
7053.90904269
7055.12505147
7046.44764803
7036.69684263
7027.0928189
7016.62824754
7011.69489187
7009.4973068
7015.10557937
7016.28966
7020.24419241
7047.28951688
7074.98330131
7075.22786076
7074.78954393
7084.46437971
7098.83253504
7109.12076626
7110.30715386
7105.25782255
7092.94049153
7081.06108008
7066.01338695
7055.30807553
7037.0008605
7030.20729457
7032.56005282
7041.0906049
7042.10532207
7047.65298622
7045.1645281
7044.7576376
7046.63450542
7052.10458995
7066.68476324
7073.59751785
7075.01962036
7075.88894283
7080.15668614
7091.67410583
7091.80464812
7085.05374366
7076.32914845
7075.89465797
7081.57620987
7083.60710087
7075.43709086
7058.43015513
7038.89222528
7025.76655659
7019.90783517
7018.06156429
7018.60854556
7021.03720374
7023.62470115
7032.74788597
7044.41410158
7065.84980832
7087.10540434
7102.07127331
7116.08217627
7145.06478183
7183.40456561
7204.66685253
7184.09309432
7161.71419337
7138.27707044
7130.13340586
7124.29113988
7110.69389499
7086.42474441
7066.1566768
7053.52544489
7051.51307932
7054.69139736
7054.37916222
7052.02786063
7053.85238608
7061.16191816
7073.14087073
7082.10311843
7077.69953587
7072.96467696
7080.86752482
7107.14444097
7138.53656594
7141.07115643
7114.78030091
7083.64355235
7068.67481883
7066.1155626
7071.10466882
7066.47680163
7061.04615161
7051.45313999
7045.15003114
7043.46176313
7056.67002265
7064.54327023
7062.84774678
7061.28186653
7077.44206158
7093.7505786
7096.76317135
7091.63124224
7092.12142053
7094.32697894
7105.66331911
7110.54705059
7104.0117047
7082.63343517
7068.41192909
7068.48957841
7080.70172983
7076.04555176
7044.7260649
7029.4264802
7031.09321187
7030.32466415
7039.31570364
7038.9771161
7044.15141396
7047.36144408
7049.73866595
7057.18863729
7055.11836754
7047.33983804
7040.01176658
7035.28805919
7036.6501457
7045.29123706
7059.85210432
7065.19953624
7052.77403564
7045.42658844
7045.34943397
7051.295625
7046.68608112
7040.00772416
7035.86612527
7027.19262486
7024.29532472
7019.92107758
7022.25327525
7024.74445155
7023.0773017
7026.85766156
7030.49786095
7030.46245492
7038.87786772
7044.74578912
7047.20462606
7053.292023
7057.29401203
7055.43144601
7050.98861015
7045.93370309
7039.03998271
7031.3195177
7029.16553501
7027.74573946
7029.12315929
7025.72787481
7019.16361167
7010.35949927
7002.4323481
6990.81162366
6978.81695445
6969.20892314
6961.05860251
6955.92685461
6956.53634703
6958.25445228
6963.37407989
6971.35547615
6983.20362157
6998.48728053
7010.86856542
7018.10540364
7021.28218834
7023.0817623
7023.96949172
7021.20398842
7012.84997859
7001.23428627
6991.14889393
6982.64364183
6975.65056852
6969.66376511
6962.88586007
6959.05940966
6958.65226128
6960.90539478
6963.59649664
6967.22057513
6971.56672745
6977.080958
6982.6345882
6991.17061149
7000.58055026
7008.077797
7012.66688484
7016.97157447
7018.28661558
7018.61168192
7016.30352969
7011.26047109
7004.21486723
6994.18284181
6982.53582073
6971.90445075
6964.52168116
6957.64330804
6952.62913185
6948.99817426
6949.19875497
6951.75796241
6959.06603783
6967.82888968
6977.51739302
6986.18074557
6992.25580616
6998.32073282
7002.46935716
7006.43952955
7010.1902055
7011.85798262
7009.26666581
7003.10192622
6995.96731245
6989.51315648
6982.69387936
6974.46057759
6966.64691389
6959.83522676
6953.07773594
6949.4494129
6949.25605976
6950.42190072
6951.15096514
6951.16628452
6951.39956004
6952.25446222
6953.9030936
6956.21557402
6957.9454232
6957.40908464
6956.67982507
6958.48414538
6961.13339425
6965.28502252
6967.94996016
6969.1307511
6971.06403159
6972.59697309
6972.92144004
6973.87935423
6974.69909432
6972.04797061
6968.85404744
6965.17026658
6962.22632528
6959.88988307
6960.41603891
6961.08252945
6965.79281323
6968.63809159
6970.69994893
6971.91015893
6973.25172668
6974.32200621
6975.3177937
6974.81614329
6973.79247008
6969.72695232
6960.12980768
6955.00255523
6947.27448629
6941.56163352
6932.39185632
6925.13654843
6920.19467579
6913.56879363
6909.66130663
6906.38942051
6906.20613857
6904.76176092
6903.30421753
6903.1850428
6906.96096994
6910.41267406
6913.08039261
6915.75965993
6918.30411253
6921.64894343
6920.97937228
6919.09354144
6919.26905217
6920.44735494
6917.41356736
6913.24853638
6909.65256664
6905.79867655
6901.61930892
6896.82221068
6894.59422382
6894.42361975
6895.10413331
6894.96122679
6895.8605677
6897.88151296
6899.45165169
6901.73042668
6902.59270976
6901.55428171
6900.96038745
6900.46050735
6899.96816845
6897.65644773
6893.1970031
6889.08445387
6886.24758792
6884.48190757
6884.05775314
6884.74101276
6884.8783296
6885.25543861
6886.53075249
6886.92734179
6888.79692628
6890.45766402
6891.11977063
6891.77195937
6892.57649856
6895.78300899
6901.05677827
6906.86877488
6912.20709742
6916.78575163
6921.88511138
6927.06942468
6931.077554
6934.12123853
6934.1807109
6933.78666554
6931.88706259
6927.14535945
6918.63986341
6908.81988384
6901.51845053
6896.50682524
6893.23917669
6890.19899791
6887.30176748
6885.63681308
6884.73451701
6885.21642926
6887.23158967
6889.35413906
6892.20870105
6892.84102618
6891.60686135
6889.68944388
6887.48841577
6885.2879801
6883.08162018
6881.31497104
6880.69679438
6882.22456437
6884.87485869
6886.85199944
6890.65657897
6896.99976354
6905.62269188
6915.57759071
6922.900874
6928.25613985
6932.42557569
6934.86084113
6936.65237206
6936.8723076
6937.71845585
6934.69920705
6931.17217451
6927.61771625
6924.05505466
6921.42750941
6919.43337656
6918.19884234
6917.20066424
6914.36770132
6911.02326769
6909.42957141
6907.3646265
6903.67563231
6899.96035542
6898.99956972
6898.47700327
6898.70705183
6896.91340211
6896.37771173
6899.02039515
6901.97805977
6904.27814111
6906.51320917
6908.75097451
6911.69807308
6914.32879651
6912.87445221
6910.91557204
6909.652023
6906.67089841
6902.55303132
6899.62031819
6896.33281996
6892.93554911
6886.58247456
6879.8473216
6878.09054154
6881.97317462
6887.41549191
6894.6057029
6903.12792619
6911.96766766
6921.59524894
6931.1940454
6941.01855527
6949.96812511
6957.59940597
6961.50547115
6966.22503855
6968.16602055
6966.15575983
6961.56655351
6956.98182173
6949.8486925
6943.43052104
6938.89357346
6932.71011328
6928.01539979
6921.61192741
6916.18384223
6911.30657862
6907.59362264
6904.43371156
6900.75652402
6900.37298895
6902.61022459
6904.53318994
6906.09524383
6908.29667618
6909.99077085
6915.06741638
6918.8025987
6923.22695791
6930.67821167
6936.29269424
6941.29883439
6945.07865758
6948.43804816
6951.49110692
6953.30627905
6955.35888063
6959.11484657
6964.94319408
6966.94474965
6968.60597526
6968.27800256
6967.38903951
6964.38584888
6963.34511386
6961.565982
6958.87577923
6954.49930876
6949.26553157
6945.53826681
6943.70613743
6943.79974734
6945.54630984
6947.95248379
6950.40962013
6950.80202761
6948.95232067
6946.51220433
6943.0898426
6937.98370134
6934.00439168
6930.18742701
6925.30849765
6920.86161937
6916.90403424
6914.43640155
6913.11563833
6914.69357614
6915.44320812
6916.47212255
6915.55226286
6915.01209795
6914.35868951
6913.53998093
6912.25393374
6911.29702318
6912.25949555
6914.39893947
6918.01084889
6922.59098067
6925.83778288
6928.38772063
6931.8871741
6936.93775299
6942.60417369
6949.31748364
6954.24834417
6956.66890356
6958.53516351
6958.40261395
6960.43070313
6964.38370221
6966.45020833
6964.42442611
6962.00561611
6960.53086455
6957.65344197
6955.23874408
6952.60668944
6951.90610317
6949.65809936
6945.18152323
6939.55148432
6934.60887987
6928.56677894
6922.14568718
6916.5641364
6912.51218166
6909.95782512
6907.82582483
6908.0759461
6909.3139791
6912.02467275
6913.09141866
6915.21004411
6918.08211397
6919.88686641
6920.86510422
6921.62947012
6921.36689402
6920.87964996
6921.20371266
6924.84775932
6929.02325878
6934.64303135
6939.36551208
6938.51545384
6935.73872934
6936.14408651
6937.18059093
6936.63227845
6934.3045135
6931.70644307
6930.29744357
6930.78787975
6931.28946046
6935.19151807
6939.79752831
6943.57061878
6946.6190427
6949.75030139
6953.73217589
6956.59409788
6956.66389933
6954.50928239
6952.53528497
6950.39999498
6948.78427448
6947.65183925
6943.83839427
6937.60032657
6927.65549894
6918.28904406
6908.78771175
6900.91368356
6892.98872785
6884.80645118
6878.29936739
6872.57681281
6870.04486382
6869.37890994
6874.20505088
6880.75975856
6886.71157413
6892.77429837
6898.18991477
6904.10102037
6909.1233302
6912.88501129
6915.22878561
6915.82682683
6912.80426743
6906.61369816
6899.78005651
6893.75159527
6888.93914978
6884.49406968
6880.74245282
6877.32671927
6874.37736252
6872.77224291
6872.46699837
6874.91492077
6875.72963571
6877.4651861
6879.36072572
6883.2138352
6886.65315418
6888.4759163
6889.66000391
6889.27430126
6889.00127759
6889.33923786
6891.32799709
6893.70586713
6895.03523095
6897.4583552
6899.25344068
6902.39901511
6904.27800171
6904.96278769
6904.23534024
6903.57139363
6905.0460267
6905.88924071
6904.90627745
6902.59839006
6899.55789067
6896.82015462
6896.78242072
6897.6958892
6899.48870953
6901.6118165
6902.9782521
6903.80970824
6904.4044528
6905.51468957
6906.08769566
6904.80391361
6904.62512015
6905.10857967
6904.90374745
6904.35615285
6905.23390863
6906.31200816
6908.72977271
6912.7994444
6919.42057324
6925.91260947
6931.14357788
6936.36236326
6943.34468931
6952.07691634
6959.73369929
6963.88652635
6963.37134777
6961.2159572
6957.26792054
6953.48031918
6948.75892572
6942.58408007
6935.10140695
6927.04277258
6920.20586215
6914.86674506
6914.18981392
6913.15572102
6913.72377863
6914.39788705
6911.65799039
6908.10177577
6904.55976537
6902.09633541
6902.43789204
6904.0535986
6906.94065329
6911.53987506
6918.15102329
6924.66201709
6933.07296231
6943.0783217
6953.79026826
6962.09376874
6966.42444138
6969.15367441
6968.61513343
6964.76566213
6957.16740367
6947.54056118
6936.68832173
6928.7717157
6924.36004133
6922.82194226
6925.27078466
6929.46280925
6935.38402091
6943.78699281
6955.91930643
6969.45951835
6983.07258443
6994.72067187
7005.68245394
7014.28301655
7019.70341416
7021.14774302
7019.58416277
7014.24349841
7009.00944243
7002.77984291
6995.24712044
6988.47993478
6980.96471321
6973.33320932
6966.13625167
6962.47237624
6960.65232534
6959.98678964
6959.63137727
6962.48752138
6968.17218176
6974.90757169
6981.50212509
6987.11057888
6991.99001703
6995.57495375
6996.86540579
6998.09913153
6998.21089748
6996.1891995
6993.88612119
6989.5116789
6985.2938107
6980.77272613
6975.69804605
6969.33505362
6966.4334741
6965.77229446
6966.85951731
6967.83050664
6969.0592142
6971.47674179
6975.55927255
6981.2690726
6987.30539565
6996.106992
7003.92944448
7008.92391737
7011.73364335
7014.09135008
7016.12893895
7016.70616868
7018.5132699
7020.24537726
7022.75864747
7022.97345332
7021.28462774
7019.73108383
7018.56519409
7020.57762238
7023.42906195
7025.94316853
7025.91075947
7022.70247177
7020.18522883
7019.51279314
7021.78316966
7023.18275311
7023.38849836
7021.65750615
7019.16709652
7017.72771614
7015.36931244
7013.59301724
7009.95727846
7006.73415229
7003.29689633
7000.22251031
6998.96390278
6999.12966292
6997.7911688
6996.37266962
6996.95776115
6999.11373021
7001.98954279
7005.83605894
7005.51392684
7004.92348955
7006.0891702
7007.85761753
7013.47585676
7017.86704024
7021.07504916
7026.63072845
7030.82606365
7035.80653443
7040.16475128
7041.77579512
7043.65768112
7045.48778232
7044.5845105
7040.8276385
7033.51733974
7020.96506745
7011.79497662
6999.46631289
6990.07798712
6984.07603161
6978.78601599
6973.82386156
6971.22134447
6971.30810317
6977.00194959
6985.86210528
6994.71815582
7003.27034878
7011.49116783
7018.73866967
7024.87764232
7030.04315837
7031.72320214
7030.1369704
7026.532874
7023.14044709
7015.8491059
7009.56620218
7005.00820613
7002.30335308
7002.46421353
7003.50728339
7006.1351144
7010.68101107
7017.97967043
7026.82887674
7035.74791933
7045.66955183
7053.72190651
7058.62982281
7059.72476808
7058.59031861
7055.74757721
7051.71693579
7044.09391402
7033.38491563
7021.68914854
7008.2178808
6994.07052525
6981.43926546
6967.65959591
6954.9452365
6944.32898378
6934.98929948
6927.98947952
6923.13566891
6920.23696787
6920.82249153
6923.48590281
6926.52466674
6929.80887527
6933.45612799
6937.9781465
6941.64177798
6942.66159696
6942.74310749
6941.87249563
6938.57514923
6933.46794161
6928.26503318
6924.13371458
6920.06933289
6916.88384305
6911.88251199
6909.08571478
6909.61722334
6911.29284833
6914.55379204
6918.3997088
6923.81299733
6928.75712814
6934.84288721
6939.44934351
6945.07981455
6950.20001367
6953.88052575
6955.53214015
6956.67148235
6954.20778057
6949.30249184
6943.10570561
6937.67620559
6932.93059942
6930.2511718
6927.69689193
6925.21601683
6924.27644686
6925.23972075
6926.25413822
6927.59248597
6929.96944299
6931.32986375
6930.89175601
6929.86491855
6927.77202519
6926.22869188
6924.65994012
6920.36316805
6915.34379246
6912.10846237
6909.92628728
6909.50244649
6908.97139793
6908.72074697
6906.97387083
6906.53195764
6903.96493021
6901.35763887
6899.90792941
6897.70504738
6898.93593645
6899.24509796
6899.56989945
6899.60694335
6900.7561616
6901.89537834
6901.49402177
6901.79675722
6903.90915875
6908.10128789
6909.5021677
6909.71756597
6908.24181078
6904.35664769
6900.23506575
6894.96283678
6889.63939453
6885.10349937
6880.02962778
6869.41069173
6859.68567418
6845.25256134
6836.71490018
6829.04768361
6824.28571261
6819.91168153
6820.04172898
6821.77460997
6826.25674094
6830.54442454
6841.2627623
6852.7426084
6862.71686206
6877.15433793
6886.56068731
6897.75987793
6903.18356523
6906.41336836
6907.33892926
6906.62186664
6903.6835917
6899.93325727
6894.11849369
6888.34214704
6881.53167264
6875.27527465
6872.64363819
6871.00625589
6871.0739037
6871.1054067
6872.58645886
6876.10844534
6878.60826405
6879.69308236
6881.44361061
6882.9037746
6884.39102281
6883.37169868
6882.5395386
6877.09701223
6870.83705273
6862.65232273
6854.70994279
6848.38264912
6843.62081752
6838.53447715
6831.99579278
6828.10587637
6827.04752894
6830.04734625
6835.67495274
6843.15405738
6849.00399699
6853.17765645
6858.80547203
6865.48557141
6873.79128826
6882.47201624
6888.70015214
6891.55244201
6890.79466247
6888.97645156
6889.29157912
6891.00058196
6892.40471662
6893.57217454
6891.56884866
6887.22893422
6882.0076955
6881.01679376
6882.63361548
6885.41063967
6887.4425343
6888.89985467
6889.05679118
6888.41036637
6888.12317332
6887.63254896
6887.61110323
6887.14872005
6885.22733682
6883.58696452
6881.86238443
6878.2351626
6873.56057061
6869.24467371
6863.87668817
6860.25321604
6858.35502097
6857.24690995
6852.91225065
6849.08031509
6847.11834736
6847.69264981
6850.20403821
6853.59304997
6859.26958369
6862.60681066
6863.79054281
6865.32366551
6869.41996142
6874.32389106
6876.45580772
6878.59458255
6883.51698187
6887.48112548
6890.92651506
6894.83566782
6898.75846026
6901.17232876
6903.2276067
6904.28427443
6903.3108945
6901.48404814
6896.8365334
6890.87680026
6883.37163595
6875.28471858
6868.26041409
6863.02875569
6858.26392712
6853.81754369
6851.99078794
6853.81015582
6855.87067497
6858.62760554
6862.33582911
6867.88321447
6875.71936936
6883.70052168
6888.07320064
6891.22164659
6892.72044357
6892.30476429
6891.0730528
6891.00957983
6889.81032618
6886.6986802
6882.86185889
6878.44996148
6874.9648586
6873.75207678
6874.39385281
6874.81862056
6876.68820506
6878.38016003
6881.0579219
6884.30999319
6888.02547918
6892.19725682
6896.25360246
6898.73473544
6899.74366776
6899.36262087
6897.50797242
6893.89938754
6890.73375435
6887.81947605
6884.17816848
6878.72018333
6872.16785231
6867.87429327
6865.23919287
6862.97822544
6862.91689216
6863.15734647
6862.76300141
6861.08769702
6859.44110776
6858.34115128
6859.32436545
6860.85560635
6863.80301855
6865.99184969
6867.15334853
6869.51391284
6871.37200431
6874.25142022
6881.41360609
6887.35151015
6895.38311606
6903.29168603
6906.20338554
6909.6164288
6913.61838995
6916.60714635
6919.3354315
6920.66002806
6919.43412928
6917.64832046
6912.68106422
6909.26255673
6905.17867384
6899.05741814
6894.08417494
6887.93631593
6884.46359819
6879.66521057
6876.92002392
6874.59582048
6876.98193567
6878.8195502
6881.73078971
6886.53775703
6893.37143353
6901.08708945
6908.4846766
6915.73203208
6922.5258071
6928.6935576
6931.61217801
6932.22717649
6932.84250951
6934.03066741
6932.62213488
6929.96186694
6925.48596687
6921.65071373
6920.63114566
6919.61551546
6917.89809324
6918.52184565
6919.3431121
6921.58227835
6925.36284032
6930.13754494
6934.591372
6937.93366593
6937.52936119
6935.89157464
6933.85643213
6930.78164884
6928.65282673
6924.89400322
6918.40145819
6912.37630058
6907.36907317
6905.51905956
6904.38891039
6903.37502958
6903.10940076
6903.4847325
6903.06546383
6903.232137
6904.55785567
6907.32154685
6910.44493676
6910.89848236
6909.0077588
6907.82757422
6905.5143829
6903.01564449
6899.84645675
6895.17077052
6891.30216741
6885.9430752
6880.91369114
6876.00795635
6873.01342904
6872.05622575
6873.24151214
6875.33848974
6879.15830501
6883.95378628
6888.64953825
6893.52581913
6897.73659916
6902.11126448
6906.57181033
6911.12375668
6914.96289891
6917.00476717
6915.56333073
6911.16741482
6905.19941564
6895.01522097
6884.09157008
6874.78384181
6866.85748519
6860.42864314
6854.14421306
6847.45798035
6843.98358988
6842.88697886
6844.570159
6849.37555116
6856.87068609
6865.51902593
6872.12339265
6878.06012581
6883.14919133
6889.34794997
6896.3407445
6903.18371856
6907.45903792
6912.44585112
6919.29230306
6923.52382489
6927.75228703
6931.53208931
6933.26538151
6935.83980379
6940.21092851
6944.35002528
6948.928101
6952.96465969
6953.36124899
6954.40138462
6956.09111626
6957.75989005
6960.87196815
6964.48437241
6965.78033051
6964.51363117
6961.38643582
6958.06985307
6954.295752
6949.81514042
6944.530366
6939.70708962
6932.85483192
6924.04120589
6916.46103377
6908.78221963
6901.4224082
6896.28669455
6892.89037855
6890.20305427
6888.31522313
6885.45159357
6883.75920647
6883.61098905
6883.44787042
6885.43335389
6888.66480187
6892.95939939
6896.77432891
6900.23233364
6903.55784455
6907.8423639
6911.76020787
6914.88930595
6916.75716196
6916.74304834
6915.20934017
6913.83519609
6913.00512692
6912.57145887
6911.61995679
6910.10144952
6907.94164714
6905.76641386
6904.565139
6905.50629806
6908.53057897
6911.37627552
6913.31186995
6914.06233829
6914.24057417
6913.59031604
6913.48187463
6914.77289122
6918.63382766
6921.92467831
6923.68455988
6923.10638228
6923.08847714
6921.61158589
6919.28069156
6917.46163035
6918.00737101
6920.09026984
6919.86615249
6917.62859624
6913.14321042
6911.13010607
6911.87443412
6913.59900724
6918.08467881
6924.89226776
6929.31943576
6933.93945508
6936.27192457
6939.2947976
6941.46467816
6944.37540889
6945.8101126
6945.26735496
6944.30071472
6942.42075933
6937.05999438
6929.05948026
6921.24362808
6913.62961115
6905.85237802
6899.91028517
6895.69740029
6891.84132869
6889.27625974
6888.9048589
6889.82821737
6895.39824726
6902.03565729
6908.04005219
6918.76513662
6928.42847241
6935.4084427
6940.97192805
6943.73299862
6942.62065701
6941.97242008
6938.35639157
6932.92967245
6927.31495989
6921.45694241
6914.97056556
6910.08173924
6906.83989248
6904.33733468
6905.81399593
6908.71163061
6914.12280035
6922.50074409
6930.94971595
6938.69990668
6944.07442282
6948.49411931
6951.64603616
6955.39803635
6957.75335248
6957.77124367
6954.70076765
6948.63851735
6941.72328154
6934.75764093
6927.63167654
6919.68445964
6911.25638988
6903.41447803
6898.01958949
6894.28619837
6891.32560648
6889.75413654
6888.77454661
6888.0401434
6887.87151175
6890.09728226
6893.19519795
6895.14174873
6895.57388345
6894.25013022
6892.98564028
6891.91706831
6891.15733726
6892.09202147
6892.1302781
6892.98901361
6892.57558554
6892.45995838
6893.1850222
6895.73120329
6899.45255078
6903.86384879
6906.33438087
6907.00763201
6908.24606229
6909.88870671
6913.72907559
6918.38970033
6922.897194
6926.23768278
6930.44442039
6934.56413446
6939.01426061
6943.17894311
6947.40115344
6949.16709167
6950.7921655
6952.6502291
6953.33786568
6954.00018138
6952.92498822
6948.07062701
6942.0187267
6936.98331385
6931.2057963
6926.52897401
6924.29577381
6920.78746187
6919.63237514
6919.65803754
6920.52065517
6923.45017618
6929.9650033
6937.29879687
6945.65999245
6954.35948284
6960.69230348
6965.84810378
6970.86108119
6973.49531734
6972.2754822
6969.88903246
6965.2405559
6958.62114858
6949.29361942
6942.07824785
6939.30125154
6937.26595569
6934.31783955
6931.88995501
6933.02089176
6939.77757409
6950.16338098
6962.33881607
6976.67050599
6988.76958116
6996.53278431
7001.65412646
7005.11795784
7007.59049719
7008.05361915
7005.97264396
6999.93585393
6993.39811744
6984.46242425
6977.32459048
6970.97113259
6965.78387111
6963.53104428
6964.51786177
6966.82406947
6969.29856033
6974.42475338
6981.4026955
6991.13413213
7003.14812133
7016.1614874
7027.79836062
7039.37863994
7045.18271899
7051.25255231
7055.56867224
7060.92167295
7064.18578786
7064.9622183
7062.9753618
7060.29850599
7055.66554396
7051.41041579
7047.38702284
7045.05364033
7043.51696308
7041.10907458
7039.20690678
7038.02693827
7038.21539868
7039.03134029
7041.53778021
7045.19324322
7050.73540131
7053.5933227
7057.94282047
7060.80047701
7062.45981383
7063.40602592
7061.55109868
7058.57671378
7056.37575537
7053.94313144
7050.28313813
7046.49957222
7041.36597735
7036.75002136
7033.44074285
7031.0722331
7028.2707662
7027.26699145
7026.67317386
7022.86793221
7020.52667395
7019.23790857
7019.56959612
7019.65246573
7020.45683765
7023.54733759
7027.0882886
7029.99478872
7032.02819578
7034.94285044
7040.84081121
7046.63004481
7052.42527235
7056.8870588
7058.66655308
7055.83262137
7051.32489769
7045.35619457
7040.18015429
7035.65278306
7030.87819693
7024.62373652
7019.03739059
7015.39342757
7013.88769574
7014.16801667
7015.25535801
7018.8189605
7024.06964616
7029.23070161
7032.1581805
7034.19918452
7036.26500063
7037.31094201
7036.36167023
7034.73055368
7032.99823723
7029.35413482
7024.46887001
7018.51807899
7014.4325861
7011.67461007
7010.15730856
7007.0792077
7005.959297
7006.55514974
7009.43966049
7014.60243745
7019.85758371
7027.65506379
7037.97480498
7047.34576228
7054.46307031
7059.45914623
7062.35234818
7063.87110636
7064.62354712
7062.15677171
7057.3698562
7050.61043477
7040.10258164
7027.80721212
7015.29529433
7004.95922315
6995.31298401
6987.86309631
6982.60705096
6979.89137398
6982.4103454
6987.07753558
6994.69231221
7006.3573569
7019.19922679
7030.9349999
7042.64289426
7051.97970007
7056.15154741
7057.49551971
7055.41625209
7051.76580725
7045.73701843
7035.91860704
7022.80450803
7010.02781172
6999.93558211
6992.95618334
6988.11504363
6984.61145017
6983.86301001
6981.92504588
6979.86425491
6979.36795026
6979.61865001
6981.2271987
6982.45398263
6983.1208356
6983.62590812
6985.41957178
6985.17852505
6984.82344723
6985.90294069
6988.86785379
6991.59169228
6992.52675286
6992.07121392
6991.12362184
6988.47783691
6986.23917945
6982.71273934
6977.58188356
6972.37203331
6964.92539349
6958.00273496
6953.39213866
6949.60207002
6945.56382467
6941.04260767
6936.25546913
6933.12303953
6931.84934959
6931.84908475
6932.90667945
6934.14009155
6935.15271084
6936.66941993
6940.48805732
6946.89541879
6955.28618676
6962.43806446
6969.1801662
6977.71864282
6985.71224997
6991.96293978
6997.12863007
7001.16986543
7002.22821982
7000.23543212
6997.62006988
6994.23289115
6991.44390697
6987.09631192
6978.96718611
6974.27513505
6970.17520794
6968.0939888
6966.19263646
6961.85357929
6960.25547816
6957.66470499
6956.3922696
6953.74523709
6952.00417368
6950.91266447
6949.92381879
6947.81191212
6942.78416593
6939.97487208
6932.31859094
6927.66113045
6923.47562251
6917.32284291
6913.96463718
6909.19772467
6907.06725074
6908.94383977
6913.60894602
6919.93059424
6929.76771228
6936.60569605
6946.02808966
6951.41984881
6955.38695454
6957.7731464
6957.72054615
6954.3216444
6949.98623934
6943.12087863
6939.03457029
6935.80441867
6930.22440122
6925.74857782
6924.69509523
6926.4313635
6928.79023417
6930.55718301
6932.00096823
6932.67106908
6930.10406255
6927.06298468
6925.25671285
6923.30244663
6920.81016912
6919.12556717
6917.32595139
6916.59522121
6914.33790589
6910.52444001
6909.05116603
6908.62655858
6905.99789817
6903.9102042
6901.6080459
6897.11131342
6893.40714622
6888.27670165
6884.37046223
6883.97066687
6884.02987438
6882.44000446
6882.47322897
6885.17728748
6889.55787007
6894.34217195
6898.57376348
6900.85461544
6903.15885768
6904.31245986
6904.81170572
6904.54919932
6905.67224638
6907.45710732
6908.28973437
6908.96108279
6910.12963495
6912.52442043
6913.6046039
6912.45137111
6910.66837108
6908.54269926
6904.04678225
6897.73380432
6890.96855623
6883.49544552
6875.33680308
6867.43192704
6861.54797535
6857.26921296
6854.77420334
6852.63311457
6852.87621736
6855.13850903
6857.24265844
6858.4420027
6861.87081139
6866.17640709
6871.50256055
6876.48979889
6880.32256385
6884.95139983
6891.27640744
6896.10575443
6901.12728365
6906.23856157
6910.59302873
6913.77722918
6915.75857266
6915.60259099
6915.01841249
6913.79866098
6910.52652395
6908.34389583
6906.41635139
6903.56868939
6898.95219673
6892.59770036
6885.89430131
6880.50045822
6875.03845853
6871.0343298
6866.49777949
6861.46796331
6855.23887257
6850.53837424
6848.49932173
6848.74716391
6849.96560511
6850.17455642
6850.5033864
6852.66942665
6855.05731214
6858.06041217
6861.56526018
6865.6320743
6869.82357617
6870.71854709
6871.9373786
6873.33265478
6873.41295955
6872.61092944
6871.538789
6869.64933392
6865.29174433
6860.05444048
6855.27218769
6852.42883295
6852.04731212
6851.9647213
6851.8005851
6852.261421
6851.99713036
6852.18517259
6854.17822514
6856.42406835
6857.63846714
6857.90345475
6857.44958854
6856.87695881
6855.70709634
6853.60218027
6852.65088728
6851.91168196
6849.9907657
6845.18112202
6838.42059242
6833.10683106
6826.65387388
6816.7872392
6811.06651068
6806.05335206
6803.40975561
6799.61293335
6795.91148432
6795.38136273
6797.23878511
6799.84887129
6801.97043796
6804.2732305
6807.40003556
6810.78305339
6814.75723335
6822.85211011
6832.37654695
6844.95370104
6853.35161991
6866.41644321
6877.48360699
6883.77438646
6891.23792778
6895.00375583
6897.44242249
6897.3729765
6893.27888998
6888.15832844
6882.81844469
6873.08243594
6866.08963445
6859.74296503
6857.85480632
6856.74488318
6854.4647491
6853.0147051
6850.62319537
6848.87206075
6847.99820102
6846.61436907
6847.09283829
6844.80204058
6839.45015502
6832.45077414
6826.25799549
6822.26171464
6818.30642253
6814.35021043
6809.74770594
6805.34279216
6801.09622277
6797.95422379
6796.37823749
6797.1417043
6796.68866748
6795.72636935
6795.18461535
6796.45001833
6799.66061997
6803.16831161
6806.38643354
6810.24596211
6814.44604366
6818.45319723
6823.23942275
6827.71654252
6830.46078826
6831.79952631
6832.26942281
6832.23325012
6833.46096101
6835.15766235
6836.61627907
6837.69449011
6837.51759938
6835.96991002
6834.82806571
6836.28891273
6839.46283986
6843.93891417
6848.70039729
6852.40485722
6852.3491694
6851.78776087
6851.27785835
6851.7826033
6852.27898462
6852.53902375
6850.25840179
6843.90155663
6835.50405594
6827.30178323
6821.69111309
6818.54595684
6816.80151313
6816.27516911
6815.71320997
6814.98758858
6815.28645585
6816.91770483
6819.43668322
6822.46216989
6824.41618521
6825.44874478
6824.8780596
6824.32035197
6826.24517823
6827.91657262
6829.11696233
6830.27825207
6829.86209189
6827.98682709
6826.66056478
6824.22333389
6822.74178688
6820.58202632
6817.17285821
6811.47222331
6806.29067
6800.86706633
6797.98955315
6796.2453255
6795.17805687
6795.75946841
6798.07562882
6801.76615634
6805.64513034
6810.61326477
6815.14761266
6820.2030076
6826.08048445
6832.82832225
6839.29006124
6844.44121973
6846.56237518
6845.66544578
6843.26661787
6842.60414884
6844.15685638
6846.51881462
6846.61004786
6845.18091293
6844.76600728
6845.51141563
6848.07863124
6855.30759371
6863.04694658
6870.44226858
6877.30468808
6884.47410849
6890.35120897
6895.38805757
6897.98316589
6900.69703772
6902.7605399
6901.84884172
6898.75160906
6894.10927279
6887.57539054
6880.57014815
6873.00266784
6864.79382968
6857.06130711
6849.69685387
6841.63919526
6836.03974631
6831.71024458
6827.84757966
6825.70084544
6823.57975271
6821.22657628
6819.80609073
6821.49603146
6824.00553107
6828.05094127
6830.36453684
6831.27840259
6832.4247075
6832.71471631
6830.89332722
6829.87101309
6828.52140232
6825.76132841
6823.09062684
6821.1832945
6818.41988212
6818.03243705
6817.57194963
6818.50748415
6820.45733159
6823.89611391
6828.46905298
6835.70631634
6840.42340254
6843.89179907
6847.36584105
6849.87332642
6854.43268853
6856.87542548
6858.81362657
6857.84316693
6852.06926665
6845.73228511
6839.05797057
6830.0417008
6824.54136084
6819.30768123
6815.53965772
6809.96864511
6806.99230869
6805.25908619
6807.74900794
6811.31776104
6816.15425196
6822.00767641
6826.58564062
6835.46711658
6840.89315964
6847.12015948
6850.33938959
6853.61158935
6856.79652859
6861.32801193
6866.74241561
6869.84218524
6870.31222113
6866.41985836
6860.79280944
6857.42498553
6857.24314632
6859.54168039
6859.24128675
6856.6388045
6853.88717089
6852.70999025
6853.64253477
6858.1924878
6862.50372894
6866.27217063
6870.88733904
6874.11575521
6874.84677811
6874.52174662
6872.91949155
6872.18823168
6869.94456998
6866.5111613
6863.29318573
6857.93642139
6848.48538235
6836.63697905
6827.81084939
6822.87490796
6820.2547227
6817.86069692
6816.37059113
6818.06150066
6821.42478729
6827.60426778
6837.07286346
6849.0396818
6862.44155931
6876.58621062
6889.01082607
6898.76400813
6907.34782258
6913.95088598
6916.45245408
6917.69059163
6917.4887982
6914.37008495
6906.77484437
6896.84252733
6885.91951068
6876.98205416
6869.07733146
6861.0500607
6854.52524601
6850.72160739
6848.45631875
6846.77655376
6846.36088145
6849.77017501
6853.71585591
6856.64605298
6859.5458622
6863.17267979
6866.29914333
6867.07152437
6867.42189069
6868.29080194
6868.6063895
6864.86422355
6859.06488389
6851.33800677
6842.03409789
6832.15142596
6823.85519486
6818.41500333
6813.55370728
6810.4942364
6808.82917049
6809.91678365
6812.98184422
6818.64995855
6826.99386233
6837.05641499
6846.95595358
6856.89703152
6863.52332489
6868.48665023
6870.81849244
6873.8101343
6878.34124825
6882.79341653
6884.82629389
6884.97232284
6882.65907575
6880.08415166
6879.20357315
6880.09578408
6881.24909353
6881.0022062
6879.37922328
6878.44883239
6879.70430356
6882.1465596
6887.79959849
6895.08012273
6898.37114762
6901.35304585
6904.70223977
6908.19616628
6909.27068339
6908.02741614
6905.22298713
6902.46999443
6898.03769674
6892.59731006
6887.75260884
6881.43495425
6873.80278128
6866.17083133
6861.07668491
6859.4537926
6860.26861905
6861.62589648
6865.02919611
6868.58492286
6872.07404725
6876.59274818
6883.11653833
6890.35989321
6897.54020027
6903.70017956
6908.9714955
6913.29453633
6913.9611593
6914.55260022
6916.07307992
6917.87588781
6916.74026743
6913.60445754
6910.21495093
6906.73775865
6903.82136156
6902.15643505
6901.52262538
6899.48741317
6898.00101526
6897.74841279
6899.07665449
6901.74645
6905.18254899
6909.67126632
6914.31080774
6920.36592108
6925.60624281
6930.7258286
6938.40570213
6942.66512363
6947.90320809
6951.08825187
6953.7809916
6953.85710062
6951.28817743
6946.22161007
6943.46173829
6940.28209601
6939.34472846
6937.17664609
6936.8709973
6939.22109313
6945.7684478
6951.56186322
6962.00880822
6970.40138832
6979.01068395
6989.39567538
6995.76317023
7002.59782945
7005.34268853
7004.15184729
7002.05986696
7000.28024025
6995.77717233
6989.22718313
6981.72500881
6974.07441495
6967.29872627
6961.78768784
6957.56439024
6954.25729325
6950.14284827
6945.21506835
6944.7083231
6945.5833398
6946.79215586
6950.41612285
6952.41965084
6954.94559892
6958.56657591
6964.9342659
6971.72735093
6978.02204736
6981.35385888
6983.17345676
6986.03723268
6987.92220625
6989.52350647
6992.36195454
6995.24216499
6999.31141153
7004.75356851
7011.95353707
7019.29777821
7025.015224
7030.51396093
7035.47798324
7038.41103788
7038.16800479
7034.14293912
7028.55073865
7020.71645861
7012.14952475
7002.07148543
6991.71962791
6981.58472986
6972.67724998
6965.06719183
6957.67847013
6953.53252215
6950.00999204
6944.99198948
6941.45375666
6937.55537904
6934.06896586
6932.83646679
6931.36589008
6929.72729505
6929.62966363
6930.79160156
6930.74799221
6931.39937944
6932.69345572
6934.79126968
6939.87593036
6947.84172148
6955.95883155
6965.00847916
6972.79843895
6978.36901944
6983.46166041
6988.53168473
6992.35414848
6995.65964942
6997.69743344
6997.70561586
6996.7416241
6994.72809459
6993.03250144
6993.37403716
6994.38812009
6995.99099545
6995.43305086
6993.20935036
6990.22550758
6987.61436898
6984.20766118
6981.53422749
6977.5089109
6971.40895458
6963.9494278
6956.32823209
6950.48329672
6946.35774206
6942.61770883
6936.90923999
6929.60785547
6922.63102851
6916.89775455
6912.68536452
6908.53928412
6904.93370318
6900.29020994
6896.13982924
6893.72131197
6893.75067527
6895.49288171
6899.92470546
6906.79838798
6914.47393333
6921.06515523
6927.32074473
6933.26062121
6937.98658679
6942.01287913
6945.27254738
6945.77686021
6944.41469006
6939.15143805
6931.86423685
6926.49733858
6922.84122042
6918.02701857
6911.90744257
6905.43421752
6898.93886372
6895.5847004
6894.04904073
6893.53460791
6892.46584777
6890.4527016
6887.43036523
6886.71239655
6887.84489451
6890.00402083
6890.54481999
6886.9088512
6883.45398981
6877.27077357
6872.41438418
6868.53536836
6866.46216438
6862.54763799
6860.48419157
6859.87441339
6860.03987383
6862.5248471
6865.31990188
6869.63420969
6875.48355687
6880.82489729
6886.09180838
6891.24306444
6893.8334961
6896.82588371
6899.24346705
6901.71719124
6903.03978053
6903.17363342
6902.10689449
6900.57384845
6898.776916
6897.865176
6896.90766605
6896.08058688
6895.48604444
6895.28618161
6894.30606896
6893.5134549
6891.70454853
6890.05234169
6887.36002014
6886.79753828
6885.39911877
6883.82973277
6880.17447885
6875.08247212
6872.42220417
6868.9166801
6866.04865267
6862.12632023
6856.62862875
6852.51574499
6846.1326241
6841.10455034
6835.98649788
6831.51592963
6827.62063958
6824.74145367
6825.22990349
6825.80419897
6827.54027906
6827.11533706
6827.17841972
6829.24952583
6831.64974767
6835.23244712
6836.15418862
6834.79091726
6831.16465725
6827.75696672
6826.20181282
6827.64329804
6829.13626837
6827.32087321
6824.19503695
6822.04810061
6821.686994
6822.42138327
6823.88865634
6823.42356196
6821.40242853
6816.37141356
6809.75850896
6804.12811459
6800.73401495
6798.60769496
6795.24363469
6791.39129187
6787.8525642
6785.78382778
6786.50218676
6788.82399959
6794.82573904
6802.91343702
6809.76952107
6814.69361402
6819.87877763
6825.55231438
6833.42220954
6845.4536369
6858.29389679
6870.84970969
6881.79459723
6890.16016977
6896.61655604
6904.29854139
6909.98371055
6914.29238685
6915.09222847
6912.70543025
6905.99731272
6898.89173467
6890.70753437
6881.53632839
6872.23855284
6863.76956404
6857.00554959
6851.79006087
6848.0999585
6846.74714167
6846.53024491
6845.50242473
6842.46482474
6839.96409996
6838.4074197
6837.59015385
6836.33581874
6833.52577913
6829.85742219
6823.05207748
6818.04282189
6815.78673323
6813.86631182
6813.23422366
6814.50166876
6814.76984849
6813.91718359
6814.15025002
6815.88751495
6819.66340724
6822.41469933
6822.76493322
6825.69532545
6827.76275156
6829.531171
6830.7701728
6832.92478276
6836.38537324
6839.04131301
6841.45540453
6842.19614319
6840.5747842
6837.87883841
6836.82864552
6836.49396101
6835.61529219
6835.16170477
6833.05121294
6830.2979066
6827.74392643
6826.33299632
6827.76553944
6829.56783157
6829.75559502
6828.380057
6826.18530162
6822.88948158
6818.46232753
6815.54328893
6814.3867316
6813.24357002
6812.43710022
6811.0593319
6808.8514735
6804.81685935
6804.25865688
6805.48838899
6806.68466658
6807.62878079
6808.37181247
6809.11617536
6810.09186226
6810.1127086
6811.26806715
6816.28589546
6819.07391782
6823.06120778
6832.41014085
6839.97086056
6847.70958616
6851.59267925
6855.46685113
6858.76832358
6859.95923452
6860.73008223
6860.51402184
6856.86580731
6848.86836682
6839.91343032
6831.00533014
6824.45180033
6814.20434179
6806.96576115
6799.56721915
6792.06602059
6789.1759759
6789.62292818
6792.92079034
6797.3650759
6799.7976371
6803.55786152
6811.37617401
6816.1074017
6822.64232244
6826.55539913
6827.96890802
6826.87153033
6824.16255819
6816.7527253
6811.76376544
6804.04663891
6799.12067111
6792.72793902
6787.75791581
6783.9539984
6780.30013842
6779.22750313
6781.04658525
6785.3568576
6789.63750181
6795.86624406
6801.8301381
6807.02095412
6813.34441446
6820.39369135
6827.59882445
6835.83065561
6842.18087957
6847.55262874
6850.60862871
6850.42832283
6847.0678171
6841.84438293
6835.93959187
6830.93242718
6825.96477366
6818.10534001
6810.16630552
6802.08174391
6795.48075748
6792.91451065
6794.36176678
6798.41722727
6803.74443315
6809.67439177
6816.99500566
6826.00646635
6834.25780567
6842.24625526
6849.27644217
6855.34286034
6860.86083361
6864.36547253
6865.84269833
6864.80776906
6862.24940495
6861.1714727
6860.69830044
6860.06949501
6858.88088408
6855.26187255
6851.10640397
6847.87065569
6847.16608973
6847.61249838
6848.5090793
6847.39030466
6845.01343128
6842.4499793
6839.51267314
6837.76725368
6837.18200881
6836.12679774
6834.82102632
6831.10611185
6825.60026584
6819.58409913
6814.48054363
6810.35030534
6808.07852791
6806.7554159
6805.58346253
6803.63347569
6798.85498653
6795.54243924
6796.56161003
6798.56316561
6800.04122777
6802.4558002
6805.38885484
6810.13954888
6816.36033872
6822.50279621
6830.88719389
6839.60509123
6847.99074345
6856.13259592
6863.78684887
6869.91655183
6874.67132314
6875.40965028
6873.51509338
6870.80718761
6868.66249551
6865.3397655
6862.25323828
6857.78740941
6852.42249054
6847.08788981
6842.47283988
6838.63400433
6835.28883191
6833.60997299
6834.1356967
6834.77189001
6834.52983267
6833.17464615
6832.07531694
6831.22132083
6829.66436178
6827.78867184
6825.3066328
6821.78924632
6815.88284526
6808.83997351
6801.0348198
6794.50325149
6788.26893348
6782.82545922
6778.16560813
6776.46535225
6777.90159627
6780.51842911
6784.74546943
6788.65644824
6794.43096883
6802.8581604
6812.83326437
6821.86249079
6830.47535491
6839.91984243
6848.4124794
6856.53384097
6864.56766324
6871.41808094
6874.24393478
6874.00189138
6870.80419761
6866.86954276
6859.66358027
6850.10827467
6838.34657431
6828.06056641
6819.56026279
6813.91836843
6811.72166154
6812.53188103
6816.91471483
6821.58829622
6828.872605
6841.29893499
6850.32719263
6858.12697271
6861.9110265
6862.12367174
6860.10817679
6856.23003218
6850.03530201
6841.03380799
6831.16849058
6823.93409175
6814.76637062
6807.25534479
6803.65591112
6798.38062943
6796.5690676
6798.53925957
6800.87368754
6804.01631379
6807.13957127
6808.94236523
6813.88269059
6818.00071799
6821.77390603
6824.13425428
6824.14067336
6822.86689282
6820.84812211
6815.70058786
6812.11970054
6806.3844193
6799.36175269
6794.54618478
6787.64507653
6784.47204849
6783.05114476
6782.52020074
6782.2003547
6784.95220437
6789.73368353
6793.4733404
6797.64483925
6801.15686604
6803.46159616
6805.10923785
6804.61020805
6802.87021797
6800.143961
6797.90571475
6794.74774821
6792.27630311
6787.8720166
6782.85556829
6776.34895146
6772.23126558
6769.49230983
6769.43292807
6771.98223158
6776.0602669
6780.43284828
6784.74959548
6790.75077736
6797.76289883
6805.36976486
6813.08311382
6820.21792274
6825.66312548
6829.12901989
6830.15572492
6830.51689426
6831.41284791
6831.45717514
6831.53335385
6831.24571474
6830.76829098
6828.23710866
6822.89846552
6818.48610114
6813.63776872
6807.2485145
6799.23477191
6792.35539515
6786.00044575
6780.15998492
6775.60946735
6772.79797107
6772.20205561
6773.01521631
6774.85255205
6781.36748371
6789.47433439
6797.36513862
6805.31073159
6812.91667762
6818.91334314
6824.42211642
6829.71280113
6833.01267055
6834.15061184
6831.28878743
6826.18383799
6819.87654733
6811.62275467
6803.41825166
6796.49253344
6791.22735082
6786.72661078
6784.17117394
6783.17178312
6784.87650657
6789.31097183
6797.08823284
6807.39808405
6815.91602795
6823.02148751
6830.22012486
6835.32472582
6840.745681
6843.81715369
6842.44496112
6838.84985562
6831.18772692
6820.73388889
6811.72744638
6803.5956233
6794.67533313
6785.05227518
6776.39857565
6770.90562357
6769.38280903
6769.7875459
6773.13075983
6775.73756328
6779.78584499
6787.16298307
6796.22553158
6805.04345095
6813.76551616
6821.35258827
6827.67033347
6834.07129677
6843.4907631
6853.94104659
6863.595043
6868.988677
6874.62738621
6880.95582291
6886.67953446
6890.85829574
6892.68639664
6893.3212657
6892.68737239
6891.80040267
6890.81538336
6889.66740572
6886.16505982
6880.81957941
6876.11133776
6871.76351271
6866.68150052
6859.59632276
6851.40394004
6842.22297649
6833.06159778
6825.96122609
6821.00981195
6816.84641187
6811.54748899
6807.21059939
6806.3350042
6808.04396522
6809.97219268
6812.57774159
6813.51558308
6815.171449
6818.22877322
6822.96133212
6827.71207494
6831.75422333
6835.41561057
6838.52743777
6840.55777816
6845.98319395
6853.50049249
6860.83818212
6865.11157785
6867.86802055
6869.54945826
6870.03454868
6870.93433566
6872.34784455
6875.34934155
6880.19448186
6881.84103627
6880.01353476
6878.1271115
6877.91036808
6880.18316308
6883.12741104
6886.49048859
6888.18172569
6887.94219835
6885.06846274
6883.41753833
6886.13899318
6890.80351397
6896.81162372
6897.85644298
6900.45860462
6904.86901748
6909.14741048
6916.17075315
6919.36278754
6922.32802821
6922.39276269
6921.4883548
6919.445462
6920.76407856
6922.02547396
6921.78078906
6920.85978634
6921.8098666
6924.93688772
6930.14642433
6935.82976743
6944.48175242
6951.32607163
6960.09403923
6967.36670862
6972.08708451
6979.60116305
6985.55422619
6988.93634493
6990.36788441
6989.80427346
6988.7346421
6986.55354034
6981.63368496
6975.82613501
6971.52343174
6968.26687196
6962.74123204
6958.08386912
6956.16933709
6952.99600239
6948.9444728
6947.14644612
6947.91204565
6953.09505562
6960.02213991
6964.55520537
6966.73144926
6966.34359995
6964.28749261
6961.82159538
6960.53105273
6959.44288897
6956.50204221
6950.80694124
6943.25304486
6935.86301285
6929.83044646
6927.05646105
6927.81655454
6930.36327229
6935.24182529
6939.44502927
6943.1497889
6946.48067345
6948.8028487
6951.85761504
6956.89158516
6960.59621236
6961.7568609
6962.11860872
6960.52772819
6958.26809196
6955.00415826
6949.46866319
6945.59350161
6940.99294166
6935.51003987
6931.69473399
6927.17188609
6920.81889517
6915.53890197
6913.42220014
6914.55324144
6917.3929092
6917.65610561
6916.35376327
6915.43960479
6914.61670046
6916.00299271
6920.10065468
6923.96547324
6925.3920712
6922.58050523
6918.38127397
6918.08078973
6920.62067719
6922.07748179
6921.80033207
6919.10164719
6917.33368078
6916.82064887
6917.57661629
6918.25202107
6917.58574659
6915.10610513
6911.63974374
6910.22046395
6909.91983334
6909.36572208
6908.33786705
6906.75054803
6905.65227125
6904.65419073
6906.06207508
6907.474197
6908.95688703
6910.08546803
6910.66805047
6910.66915168
6909.78062772
6907.69809829
6904.86196416
6902.25482616
6899.96816148
6898.0104801
6894.40911582
6887.77813882
6882.83398709
6878.55042956
6874.75109124
6872.05255272
6868.42852302
6865.34736246
6864.52946934
6864.54361781
6864.99239615
6868.34272613
6870.64770716
6871.7303579
6875.6262543
6881.8852032
6889.4598135
6898.40952273
6906.69226051
6914.93046197
6922.72017085
6928.42174666
6931.05588524
6932.50457712
6932.63274972
6932.12404599
6929.47297803
6925.42592299
6919.55299735
6911.5222278
6904.13630791
6899.34197665
6899.99341963
6904.26333748
6909.72342748
6914.02521075
6917.89372325
6921.95974979
6926.89829091
6931.45967423
6936.01171816
6937.12169705
6935.75646023
6932.2523998
6925.14012388
6915.48512384
6909.69697053
6902.70205723
6898.58749377
6894.20850724
6890.62977354
6888.80239052
6885.34039913
6885.21017048
6887.73110038
6891.40016126
6895.19287837
6898.95176461
6899.87719308
6901.58842622
6904.41660097
6908.84197775
6913.348419
6913.16754161
6911.38358673
6910.7346598
6908.444113
6902.6510391
6895.74778418
6889.04745179
6884.71693945
6880.57154905
6878.08386457
6876.97704295
6878.4574539
6878.58622589
6879.29176064
6880.65068988
6884.24132084
6888.24986138
6888.15018087
6885.47248173
6884.30277957
6885.02700005
6885.77078446
6884.89822806
6885.17956657
6887.07685558
6889.39583175
6890.81654032
6893.4966231
6896.58782001
6898.82167535
6901.34812525
6902.31252822
6903.77341706
6905.2672586
6905.77844354
6904.46934061
6904.07015859
6905.03217096
6904.25077113
6903.11713711
6901.28277743
6899.37517328
6898.10105819
6898.23926017
6898.32670887
6899.98409419
6901.87897169
6902.37320634
6900.23208273
6896.80275828
6892.93777245
6887.25146025
6881.35588312
6874.73563944
6867.20652727
6859.11130203
6849.59453882
6840.93114445
6836.00664029
6833.37551261
6831.2421602
6830.96281503
6831.55865382
6832.87069797
6834.17716636
6835.718583
6837.50637818
6839.09024023
6840.00710295
6841.90244045
6845.64655792
6847.55646207
6845.81766381
6842.79539713
6838.22056231
6834.3336359
6832.08618966
6829.61919819
6828.35204582
6825.93347975
6822.56789312
6820.24559241
6822.26777827
6826.56061943
6832.89815855
6838.71081031
6844.39312887
6851.74238819
6858.58188438
6863.56312182
6868.88378317
6871.08184915
6870.9527914
6869.62814606
6866.79831252
6862.07725361
6858.35962096
6853.95519506
6847.50509545
6840.18901186
6833.36129445
6828.61019617
6824.29191564
6820.25360755
6817.33916198
6817.86314328
6820.55873361
6823.2674409
6827.40784798
6831.62040528
6836.95563328
6840.55415392
6843.9472778
6848.39031578
6851.10535852
6852.52125104
6850.98185561
6848.19711597
6843.99341715
6840.84297787
6839.18189166
6839.03504029
6840.0397211
6838.84218897
6837.56750236
6836.30884604
6836.86112428
6838.62619827
6840.53965697
6841.3774834
6839.11811899
6835.65132549
6831.43159638
6830.07341289
6830.594676
6832.77883745
6833.75543042
6832.34873788
6831.5614417
6830.70019711
6829.31497122
6830.41757618
6831.20194509
6832.09246238
6832.08179876
6832.05371091
6831.89222319
6832.19387137
6832.29834702
6834.14343306
6838.65777097
6842.39693996
6845.86359407
6850.20975336
6853.4461986
6857.42693705
6861.57425108
6865.3059625
6867.41826645
6868.74411058
6871.4932351
6873.39708259
6875.30711917
6877.00822534
6877.6657459
6876.88583062
6874.11873823
6871.06768674
6868.96595581
6866.75586711
6864.23820599
6859.7707741
6856.47766527
6852.99707178
6848.85965471
6846.78087497
6845.31549764
6845.7278245
6846.62349937
6847.45526217
6847.91073141
6846.87287487
6845.76713356
6843.9225354
6838.24669865
6830.41667012
6821.16537543
6809.12021778
6797.58008386
6786.97187417
6776.60814726
6768.15580905
6759.59681367
6753.57925302
6749.94009211
6748.64980037
6750.06248684
6754.59744806
6761.69336611
6768.88030135
6779.4753453
6790.93456112
6800.7847543
6808.64162311
6816.38688627
6825.64662125
6833.20670672
6837.02533018
6837.85305056
6835.77050719
6830.60485175
6823.87561605
6817.03863592
6811.90664408
6807.68781406
6801.25158413
6793.25895273
6789.09211659
6787.85213905
6788.51433626
6790.00717416
6791.82027629
6796.65576358
6800.62710688
6803.10495713
6804.99472584
6808.54598502
6811.10163095
6811.45081939
6810.3465417
6811.20582781
6811.36949007
6808.57540408
6805.12944298
6803.22526792
6803.86376122
6802.30651641
6801.18801359
6800.63420202
6802.97023999
6805.93290884
6808.39426881
6811.88837653
6815.27614071
6818.73296059
6821.42033366
6825.26139255
6826.85989792
6827.18113093
6826.30114484
6825.5263941
6826.12522986
6825.52254683
6823.01778661
6819.91062911
6814.64656862
6808.94758553
6804.92732894
6801.13163577
6796.20210645
6791.23335173
6785.10155786
6781.27143442
6779.59153003
6777.74616521
6776.50612494
6776.82289735
6778.51401596
6780.57216542
6784.55032508
6787.66863408
6789.72336839
6788.24656077
6787.99104497
6787.6635462
6788.10318728
6788.45028481
6787.76802186
6787.04631046
6786.14240439
6784.04529437
6782.05231848
6782.67457938
6784.59737048
6787.70953919
6789.92876515
6793.01870752
6795.46869991
6798.8308017
6801.02207224
6804.45763456
6808.16286116
6810.84954423
6812.2673116
6812.39905268
6810.94607444
6810.83991909
6811.28326107
6809.52250829
6807.07803588
6802.62726154
6797.97994195
6794.82707025
6792.33504365
6787.87319448
6785.0714488
6782.4813029
6780.74459555
6781.25499292
6782.80929651
6786.11139624
6790.70588559
6794.73729368
6797.1400943
6802.46325777
6809.32136303
6818.41416697
6824.75059094
6828.1619754
6835.14030782
6839.73584262
6841.45491666
6840.90960811
6839.51831859
6834.95923527
6828.62720221
6819.17643499
6810.18533277
6803.05826717
6796.30582241
6790.24483362
6787.14235279
6786.19705373
6788.31020101
6791.73585941
6796.84680975
6805.37458092
6811.76787059
6819.60424154
6823.68916988
6825.5990113
6826.55337792
6827.36067014
6824.94588165
6821.75655848
6816.2393449
6811.48155572
6802.41481842
6793.86232576
6786.43702016
6777.32588594
6770.31090689
6762.68146604
6761.11844336
6760.44313615
6760.24729483
6760.48455005
6762.65755303
6768.18695659
6775.52652804
6783.5072343
6793.72187257
6803.80403097
6812.03405002
6821.56265473
6833.0071645
6844.01746258
6853.10217471
6858.85941743
6861.535639
6863.03732841
6862.08359603
6860.25948876
6857.16843125
6853.12824135
6849.23051191
6844.3182047
6839.48388832
6835.10267149
6832.07538664
6829.26534703
6826.4674974
6824.84760205
6824.35115103
6822.44117718
6818.84070503
6814.87773929
6812.45299808
6811.12344608
6807.32984381
6802.83892406
6799.87911278
6796.64370601
6792.84550375
6790.74860979
6789.06961147
6788.08981941
6787.98199134
6788.26537197
6792.81358954
6798.31754676
6804.08700039
6810.07298834
6817.04713197
6824.41263764
6831.53384173
6837.63252957
6842.10114631
6842.19021895
6839.6621033
6837.51871453
6834.29418745
6829.79901619
6823.32291964
6814.51316178
6806.8685967
6800.28579419
6795.32518006
6792.13683961
6789.81208557
6790.17276703
6792.00029641
6795.65770397
6800.64634322
6807.07337316
6811.2452205
6813.72141197
6816.03651995
6819.41375294
6821.49603146
6820.39530135
6816.60797181
6810.43799101
6803.99144594
6796.6830987
6790.65522291
6784.17444272
6778.10246274
6773.18122735
6769.46059077
6766.44118167
6766.27635547
6768.14137482
6771.23208385
6774.02699227
6777.41371797
6782.81034894
6790.77480885
6796.17652769
6799.11188233
6803.93769569
6809.14712775
6813.18975704
6816.67906961
6820.5448012
6822.94098062
6823.20513885
6820.48318914
6817.02887835
6814.21631571
6809.81426648
6804.87707748
6798.40397092
6791.83519143
6783.4233262
6779.53382797
6778.10706273
6776.78414587
6775.91515098
6775.59657342
6776.06835174
6779.67572389
6786.46852316
6795.56264437
6804.18087514
6813.18152584
6820.92416143
6826.11566745
6830.6689729
6837.77729003
6844.61030441
6848.84550623
6850.12632617
6852.02814548
6854.28339777
6855.46169356
6856.54380763
6858.22531504
6860.78033369
6863.44833103
6866.91247605
6871.12062154
6876.28968515
6878.02396009
6880.71078255
6884.11036036
6887.61039232
6890.40357922
6894.95677315
6897.12135675
6895.43103268
6892.17406169
6887.32785503
6881.37932916
6877.0790583
6869.5508522
6864.23625448
6859.40611992
6853.23829275
6846.85391732
6843.54136305
6842.27880371
6842.85289708
6842.870391
6842.08107361
6842.25378252
6841.05583221
6840.98704137
6840.75592645
6842.00963428
6843.28355422
6843.2367876
6842.98608785
6842.52943376
6843.47772978
6845.3929309
6849.16492713
6852.85189314
6856.80809827
6861.59146622
6864.22956358
6867.58205417
6873.80267673
6879.76983258
6886.39089869
6893.36368323
6897.90845778
6901.49979964
6904.13030701
6907.44903642
6910.77780915
6913.81755581
6916.40013959
6916.85546944
6915.31562795
6912.05472606
6908.27334166
6904.59010443
6901.31119286
6898.09826335
6894.96282981
6891.82580022
6888.53697776
6885.07434516
6883.35728536
6883.35714597
6884.95040316
6889.07746328
6893.08779502
6894.44387367
6895.44373842
6897.28550689
6900.57803723
6905.5777792
6912.13091871
6918.25179804
6922.3981642
6924.50375633
6925.72180027
6928.51125142
6933.6929929
6937.44766248
6940.34474655
6942.07698634
6943.50683218
6943.50915309
6943.03075356
6942.07246301
6942.12620629
6943.60115299
6942.36415847
6941.15364878
6939.60332487
6936.46866498
6932.16712564
6929.5382213
6927.99019739
6929.12299505
6931.26577745
6931.97969674
6934.34757922
6938.11506606
6941.57621411
6944.41289885
6947.70566616
6950.99692802
6955.01075158
6957.62263594
6959.74151928
6961.02403284
6959.68238146
6957.62767503
6956.91241756
6958.32785706
6961.25268746
6964.40360068
6966.35937236
6968.90820193
6971.22039659
6974.40178128
6979.54128645
6986.10895776
6990.87989178
6995.46471416
6999.50190012
7002.75551172
7006.82883552
7008.73074544
7008.79054538
7007.20887878
7002.92138337
6995.26137346
6988.97660883
6983.29629754
6977.94893531
6972.27308463
6965.97032426
6959.3022476
6953.70806774
6947.31735685
6942.63128578
6940.39179196
6938.04996915
6935.14323903
6932.81956529
6931.0516407
6931.4514709
6931.43753849
6932.73224901
6935.42851541
6938.49155477
6942.4843926
6946.84564823
6950.33342747
6955.05020003
6957.46560186
6958.96701248
6962.37915664
6966.08924111
6969.82052041
6973.85403335
6976.34201753
6977.87714751
6978.7852563
6978.89648558
6978.51483232
6976.67241568
6974.6799207
6973.18344462
6972.44681809
6971.86922594
6970.58390359
6970.09762135
6970.27587117
6970.30910962
6970.98307167
6972.29826612
6973.69989865
6973.17963917
6971.9173168
6969.56786915
6967.64137017
6964.75551426
6961.54786777
6957.37233347
6950.61802083
6945.79860565
6940.5746139
6936.80017131
6931.89397652
6928.15464723
6926.9247827
6926.52919704
6926.05081842
6926.48257678
6928.08204397
6931.02267466
6933.6843714
6934.5803808
6932.95791364
6929.24683947
6924.39662523
6921.25779746
6918.59585679
6917.02576684
6916.28024001
6915.17846445
6914.65115164
6916.07916446
6918.61941434
6922.29129097
6926.09962019
6928.57673862
6930.17918884
6930.68774621
6930.82946789
6931.87384109
6931.54776414
6930.30377205
6930.95719443
6931.79919571
6931.18586299
6928.33845886
6924.7332055
6921.77425846
6919.61292971
6914.20335603
6907.26407479
6901.65465918
6894.36000739
6888.31260253
6885.28517131
6884.16235425
6885.18555353
6885.8192029
6886.6410548
6891.35556918
6899.4760247
6906.7936695
6913.13851285
6918.52374837
6922.23776375
6925.83081319
6925.98928303
6925.60650766
6925.55610983
6922.21201772
6914.4775506
6906.97154993
6903.68196079
6900.69693317
6897.19057971
6890.73063193
6885.07994879
6879.37927206
6873.51075127
6867.3114908
6862.75164081
6859.30826547
6856.12639289
6852.42269963
6849.77665682
6848.95151522
6849.66806905
6851.92095164
6855.12812419
6858.95190522
6862.10826873
6866.02976481
6867.97040529
6867.59738748
6867.67900255
6866.62853088
6863.98903958
6861.26396048
6857.49935213
6852.6796721
6850.18891398
6847.94899501
6846.55735701
6846.51309948
6846.67772355
6848.32870372
6850.82908001
6855.02483339
6859.78541045
6866.36437963
6873.0309369
6879.80730861
6886.21865674
6892.45912202
6896.28455486
6899.35172027
6901.5232875
6903.09532895
6905.3751494
6905.94359732
6903.69015715
6899.59033458
6895.18691232
6890.78192884
6885.54559378
6879.47617166
6874.10162765
6869.01537091
6864.52187238
6859.95212543
6859.38925327
6859.5998773
6859.39015933
6858.9185901
6857.98465164
6858.51302384
6859.58593792
6861.29825136
6863.73548225
6866.89916394
6868.30348678
6868.82516807
6868.64165614
6869.20703739
6872.32040488
6875.54927408
6879.60459517
6884.18968938
6887.36134439
6890.75768129
6896.06117629
6902.45820868
6907.25316722
6912.48424017
6916.72478078
6920.15324099
6923.84830578
6925.36417153
6924.93647651
6922.57165372
6915.59149525
6907.12837492
6900.28662055
6895.01412673
6890.49060974
6883.29372179
6874.63944377
6869.10974052
6865.1059324
6863.27262514
6864.532536
6868.84970138
6871.99858642
6876.44230743
6879.12367262
6882.50039682
6888.67227338
6892.47474109
6895.74712206
6900.16520158
6902.94686759
6901.5023854
6897.7320828
6893.93043751
6892.57577372
6890.66816259
6888.38575639
6885.41841784
6883.31470055
6881.10561549
6875.83890651
6873.62013358
6875.46036174
6876.35573691
6876.88254789
6877.45758217
6881.01829921
6882.07637482
6882.4622308
6881.28010168
6881.39779883
6882.71127176
6880.69415984
6878.38735972
6873.29154058
6866.72589745
6854.80326694
6844.98938585
6836.01333119
6824.72069097
6814.20481572
6802.93769851
6794.51390814
6788.27213954
6783.15555768
6779.86118037
6777.71508737
6778.71628333
6783.47546645
6790.98487531
6801.29096288
6811.5817032
6819.80719194
6827.24560056
6833.52710337
6840.04034837
6844.8780102
6847.4455046
6847.13855946
6845.56131861
6841.56259837
6838.35500763
6834.63758408
6831.16479664
6829.98169177
6829.68966175
6831.58660228
6835.30144705
6839.05915542
6842.86920615
6848.47834297
6854.62846712
6859.82423162
6864.58076626
6866.53402188
6866.12747986
6864.34024226
6862.76746201
6860.17564339
6856.15594438
6847.42041372
6836.74953954
6827.77188185
6817.14916823
6808.62202434
6802.41099206
6797.25795176
6792.41172418
6788.94198947
6786.14436288
6786.76110377
6789.08250539
6790.56132725
6794.87530051
6800.02624293
6803.9643896
6809.30874789
6816.18352465
6821.36039433
6826.27445093
6830.22890667
6833.34275507
6835.34368337
6835.93833732
6834.8708596
6833.33383387
6830.35547624
6824.17300576
6818.56416167
6814.43029217
6811.16924391
6808.0982591
6807.8044797
6809.11785505
6811.32661254
6815.63158096
6822.18588441
6829.36626814
6835.89268585
6840.57499329
6844.04492316
6849.47215106
6855.39945423
6858.08299397
6856.40671383
6851.93795769
6843.98749291
6835.44976205
6827.93978169
6822.56329312
6819.99991084
6816.07736931
6809.94564513
6805.05550851
6802.12544386
6801.36889098
6801.41781124
6804.12106823
6809.87212188
6817.17487942
6821.60273742
6826.66872629
6831.93313527
6837.85402632
6842.60387005
6847.91456474
6853.38855927
6856.53300461
6856.31199574
6852.18844835
6847.49763789
6842.69168815
6835.4014621
6826.61985482
6819.44283049
6816.1605874
6814.42025581
6813.51816187
6813.12702286
6813.93949357
6815.19403777
6818.14164512
6824.04686134
6831.40030247
6838.63762856
6842.95737273
6845.09630089
6847.89288901
6849.24270887
6850.33290778
6851.25883109
6847.84723754
6842.49193683
6835.71168301
6825.94143217
6819.73046262
6812.15252081
6808.6935473
6806.13622167
6804.84153206
6805.82097562
6809.71305961
6814.07184101
6824.15363699
6833.21980974
6843.33847538
6854.92440016
6860.66456714
6866.69244293
6871.04371101
6874.45281639
6876.31344483
6875.69505908
6870.85826149
6862.91535883
6850.17804127
6841.59647106
6831.97021402
6825.42009239
6821.17785815
6814.43983367
6809.81196648
6809.12021778
6811.85708262
6820.3267893
6827.99519072
6835.40404089
6845.20168261
6849.88322338
6851.54702778
6851.1171373
6847.65752257
6843.41716318
6838.41111364
6828.72721726
6819.410979
6811.38801551
6801.90534105
6794.03321559
6788.41557576
6784.39712432
6783.99713381
6786.02127815
6791.49123026
6798.32319918
6805.41361118
6811.44204455
6817.79108365
6823.86398364
6829.60909214
6834.10063916
6836.97445144
6836.98727567
6835.07876546
6830.77560915
6826.67248992
6825.45271751
6823.62722327
6819.47167106
6812.13663688
6805.16457719
6802.22301952
6799.35331936
6794.79618756
6790.49190913
6787.44023734
6785.01526613
6783.22901822
6784.01163774
6787.61615231
6791.79106632
6795.33751641
6798.64756158
6802.8785119
6806.96129357
6809.35538209
6810.66813017
6811.03347435
6809.99437024
6810.70812922
6810.78221703
6809.90655214
6808.83808473
6808.07379549
6808.30344678
6808.62962827
6810.94789353
6814.25102477
6818.80879082
6822.25236828
6825.87312921
6829.26764702
6830.96288472
6831.41605397
6831.74829909
6834.48390241
6836.51521857
6837.04101198
6836.91743938
6838.25959258
6840.55617513
6842.96441212
6845.779679
6849.53940857
6851.7039155
6852.33404517
6852.83182043
6853.04174749
6850.61315901
6843.96567778
6836.48713071
6829.33685605
6824.90057866
6821.18378935
6819.5136286
6816.5405749
6814.21764692
6813.23693487
6815.75780902
6821.24336626
6827.5618154
6831.35437221
6833.9130848
6836.3142824
6836.55403974
6835.13724116
6832.31807125
6826.19185313
6818.1773369
6810.87630784
6806.09182475
6802.43838991
6798.4373627
6795.08005606
6794.2825214
6796.12886198
6799.12116596
6804.00977622
6810.76736462
6817.0277632
6822.05401787
6826.10013201
6826.98172113
6826.26321579
6824.75853638
6821.65047282
6817.83136149
6812.35347091
6804.66924829
6797.1289428
6789.65841088
6783.22342852
6779.13473655
6775.76043084
6773.36432111
6770.72929738
6771.07728006
6774.56874627
6778.61006526
6783.10829621
6786.46266165
6787.57795841
6788.7315118
6791.40292428
6791.35649918
6790.86952694
6788.77415934
6785.73196632
6783.3874323
6781.68425612
6781.21832538
6783.27013242
6785.76319053
6789.38701115
6797.01393595
6802.15820141
6811.19565904
6820.14070555
6827.96361803
6837.06937862
6844.73554974
6848.27817347
6847.3445138
6843.43807225
6838.12535635
6832.69854662
6824.24682871
6816.05074509
6805.40211119
6797.16386095
6786.30348787
6778.46557661
6775.24564953
6773.37916655
6772.56531585
6770.8425409
6771.72192063
6775.38970605
6779.40759992
6781.500326
6782.30921429
6780.98769834
6782.09992147
6783.00214784
6783.72211681
6784.94480953
6785.23865166
6782.29172036
6779.87164188
6776.89502667
6775.81931775
6778.26909408
6782.17052443
6785.29259706
6789.40289507
6793.56527758
6798.49904446
6803.83928367
6809.57666975
6816.75900499
6822.01401185
6824.58616898
6823.98092807
6821.96898766
6817.72793826
6812.87639978
6804.48579211
6796.8164219
6789.39433629
6781.21170417
6774.21009996
6769.18208893
6764.52174298
6761.82654992
6761.30327257
6763.53698851
6769.54716129
6775.55189074
6780.64660868
6785.46997567
6789.6939563
6792.49193835
6795.75968447
6796.0526066
6793.78271796
6787.63998865
6783.40005441
6780.78633702
6779.31015668
6779.87729429
6779.58190489
6779.17355773
6780.10651346
6783.94960749
6789.24197887
6796.13388713
6801.67485341
6804.42362944
6806.84587551
6806.75756954
6805.91354008
6806.18222163
6806.67505538
6804.97200465
6803.45484253
6800.92073295
6796.81759978
6792.58839189
6788.22036171
6785.35170003
6786.18367193
6787.93926714
6789.54306251
6793.11007318
6797.17445488
6802.97832483
6808.45866177
6813.4725104
6819.0445127
6824.12025914
6827.10104919
6829.07974418
6829.39728326
6827.41642766
6823.69615351
6820.15568341
6818.2185208
6818.67252641
6820.05712502
6821.23159445
6822.01324519
6822.8336474
6825.66815062
6829.19795012
6834.67849616
6839.42882777
6843.30495117
6846.00640301
6846.99561112
6846.18071496
6844.77945879
6842.97437877
6840.45985401
6838.7223103
6838.59169831
6839.38010964
6840.44772675
6839.03301908
6837.23184209
6838.7334618
6842.67949119
6847.26993811
6851.71485791
6856.23532915
6857.56821266
6858.1181212
6857.58194295
6858.42715726
6860.87811844
6860.40348256
6859.03630817
6857.01307686
6853.88933149
6849.55627522
6847.76353156
6847.28945325
6849.77352046
6854.20436148
6856.8660164
6863.16173737
6870.04221534
6877.69749981
6885.99493666
6894.0314562
6898.93661948
6902.54206102
6904.5187348
6902.86094525
6900.14866251
6894.34599831
6887.46775761
6879.23041343
6870.626819
6864.03016075
6859.8921164
6856.12207169
6853.32395024
6852.16628473
6851.38784006
6853.2080443
6857.09622526
6861.62506012
6868.233302
6872.01975336
6875.9476755
6879.78718711
6881.8201272
6880.67380835
6879.27950792
6877.02473654
6873.66209112
6870.39918195
6865.39343211
6860.83950636
6855.2899604
6850.98394652
6847.88773144
6847.39135011
6848.93506675
6853.06955656
6857.01746776
6862.15447777
6867.14888793
6875.38015455
6881.79573328
6887.89988536
6895.12421996
6901.3623016
6909.72020051
6914.83352752
6919.42980807
6922.09753359
6922.65931848
6923.55364122
6925.09049272
6927.3507144
6928.04316007
6927.02544593
6926.49326131
6926.08186142
6924.00076078
6918.53739503
6913.27736302
6907.76771852
6901.06481432
6896.61932301
6891.76518483
6883.17369676
6875.95541882
6868.54477744
6864.25960294
6862.04658697
6862.64151971
6864.31166653
6863.86414273
6862.61273489
6864.5708693
6867.06971225
6869.70272174
6869.51405223
6868.03654765
6867.79769637
6866.9179124
6865.15067781
6864.40708158
6862.78377108
6860.2764948
6859.51721678
6859.81454375
6861.5154269
6863.17031009
6863.35430991
6864.54480266
6864.94437498
6864.75654184
6865.30192008
6866.08224657
6865.34736246
6865.31934431
6864.085291
6862.7586105
6860.04712231
6855.0854
6851.27402502
6848.8687153
6847.8728163
6847.56601054
6847.61061656
6847.97889498
6849.8851052
6854.92865167
6862.54784708
6871.99143551
6881.83720991
6892.23679587
6900.57032875
6907.23910239
6912.64589516
6915.34129035
6916.04642782
6913.30926329
6909.50709527
6905.23162258
6902.20173803
6895.83487046
6887.92641897
6882.70957813
6878.95215552
6876.84758793
6877.92769473
6881.96243433
6886.717812
6893.22028186
6900.23393666
6907.41560979
6916.75166287
6922.80109592
6928.14664602
6933.75091103
6937.30529959
6939.41878839
6937.29185506
6933.0879332
6925.66272518
6915.74530934
6906.98824233
6900.24011878
6894.56065779
6890.13251404
6884.12919944
6879.11278597
6875.59500221
6873.68729351
6874.89143292
6879.01980333
6885.4873202
6892.72099418
6898.40950182
6903.46355859
6907.46108701
6910.91840174
6914.31395804
6916.86995245
6916.61454816
6913.00570541
6906.70373959
6898.06970156
6889.94963634
6883.61251541
6877.85290299
6873.57943059
6869.57747641
6864.99441736
6862.31652307
6860.99730014
6863.48540978
6867.93179321
6873.29109452
6878.86944621
6883.80367309
6887.89295052
6891.64499253
6894.11719036
6896.80471676
6900.02995475
6902.09145663
6901.9191868
6899.19388467
6895.77217113
6891.63084406
6886.17611375
6880.97671804
6875.55834164
6870.96799926
6866.79099435
6864.6382662
6865.10384149
6866.07862234
6869.67623692
6874.32568227
6879.80090346
6886.91722877
6895.15894295
6903.6571487
6911.3169774
6918.84670987
6926.37366143
6933.0881423
6938.27066439
6941.41416882
6941.39403338
6939.85094402
6936.40413262
6932.46377656
6929.81129375
6926.53494703
6921.11794366
6910.87378875
6904.63135802
6894.49708725
6888.46632601
6881.2362693
6877.22795179
6874.24214357
6868.40977455
6862.52310468
6854.8987517
6849.8940961
6844.24335023
6840.85789301
6839.84310615
6840.18894216
6839.15227047
6834.51219936
6829.73684656
6823.33817629
6816.2715379
6812.0957945
6807.57595053
6803.91860571
6800.49927579
6798.28103256
6796.79586828
6799.85596644
6806.64946267
6817.54469814
6828.17806842
6841.3728834
6852.39788753
6861.05319706
6872.69995329
6882.17446624
6895.23640409
6904.47047667
6910.12711192
6914.08341463
6913.44911012
6909.31880909
6904.03878104
6896.7573856
6888.5403023
6876.99533142
6866.01937997
6856.71777109
6848.28354013
6841.02537466
6836.11216139
6835.03659883
6835.51764684
6840.02034536
6844.43829246
6849.2105089
6853.23557457
6854.5142339
6853.11325651
6850.27241087
6846.99219597
6842.32912487
6837.15489671
6829.15146229
6821.567192
6816.02551481
6810.72938678
6806.56813336
6804.48929089
6804.94538044
6807.83940482
6812.01752488
6816.78040891
6822.4986841
6829.27203793
6835.52587107
6842.49834895
6849.08024539
6853.62099843
6858.47657236
6861.26758472
6862.96491333
6864.47357243
6865.30679886
6863.46268859
6857.72726099
6851.01043134
6843.39123593
6835.66101336
6828.87769287
6823.44335588
6818.3879679
6814.79460483
6813.02611569
6811.30598226
6813.07468746
6814.47482848
6815.0027825
6814.41956581
6815.93226036
6818.33115796
6819.54659523
6819.88275035
6819.88673004
6819.57322642
6819.62179819
6819.33500241
6819.93739272
6821.40527216
6821.4171276
6819.59233034
6818.30522374
6820.87954844
6825.03397853
6830.20618548
6835.0102534
6840.73822343
6847.07346255
6852.92005671
6859.23842918
6864.69569645
6869.57698853
6872.81134288
6872.11380933
6870.44111858
6867.21830604
6864.24580296
6861.84892656
6859.95456482
6857.58250053
6854.41888854
6850.51593184
6845.00109493
6840.25599058
6835.75287387
6832.1213169
6829.56650733
6826.62697088
6825.02679975
6822.47734988
6819.02164515
6815.65131216
6813.74440497
6812.07188149
6813.73527468
6816.38514385
6818.42162454
6819.50081134
6819.30782062
6819.59796185
6822.31690761
6825.95739973
6827.36987013
6828.03875128
6828.45400541
6826.84887884
6823.4517892
6819.59400306
6814.84345539
6811.11083094
6808.86826348
6807.88219871
6807.72886553
6809.93372
6808.69221609
6806.79945737
6807.43788098
6810.07346228
6815.10371058
6820.17373491
6825.16472295
6831.87096563
6838.05328975
6842.97200908
6848.167216
6851.8815032
6851.86247595
6851.07845552
6850.60598023
6849.140812
6845.60411251
6838.90456769
6833.42353378
6826.15708135
6821.60482135
6820.11261073
6822.68149907
6825.26055618
6829.78159197
6832.90721914
6839.08145842
6846.28728152
6851.10967973
6859.67229238
6866.69864596
6874.1017531
6877.04471864
6878.74710027
6878.19156022
6876.66870387
6873.64457628
6868.86036501
6859.9708042
6852.05281818
6844.29102291
6837.40350556
6831.70641125
6828.11444909
6825.59783342
6824.11209764
6824.0513986
6825.26063982
6831.18180269
6836.0311039
6840.3162784
6842.04608576
6844.60556502
6846.75627196
6846.62105997
6846.60189333
6845.26601284
6842.76110626
6838.53984381
6834.261639
6832.58933158
6833.16990676
6835.18735323
6839.81926981
6848.13299483
6857.69269133
6867.22680907
6878.75701117
6890.44148737
6899.1984777
6907.64367198
6915.05397184
6922.36685635
6927.06094953
6928.11327515
6928.78621963
6928.01018646
6925.48321384
6923.74590709
6923.04637325
6923.15965859
6922.9483794
6922.55304465
6922.99157754
6924.25610931
6925.41128664
6927.9766971
6933.13345225
6939.55593795
6945.25794588
6951.3663425
6957.2975696
6963.97098505
6968.67823701
6972.11409903
6973.83478306
6973.90985359
6972.05224303
6969.2727446
6964.42635671
6959.83808433
6954.98410646
6949.22175495
6945.41476391
6941.38978884
6938.99983335
6938.5990483
6938.6481637
6936.99157991
6937.47938154
6940.2796148
6943.08276836
6946.43935016
6949.99014933
6953.3366878
6956.79995464
6961.71744033
6966.00355574
6970.69380166
6974.34820528
6974.58527231
6974.27537899
6972.79520501
6970.74500797
6970.01832718
6968.51246293
6963.95570749
6956.51748008
6946.50818281
6935.86253891
6926.30034726
6919.42532656
6913.69671532
6909.37451783
6901.78584269
6892.66832423
6883.62476115
6878.86577318
6878.20184748
6879.57070854
6882.9504994
6885.30148735
6890.48061521
6895.44410782
6900.77928006
6906.90098879
6913.26027334
6918.98773458
6924.3410768
6929.38663751
6933.19781734
6936.10362049
6935.86298497
6932.71329843
6928.20008961
6923.99807048
6920.48870611
6918.45182117
6915.51162957
6911.50306115
6907.55406965
6904.57893899
6900.33700444
6898.87918226
6898.15756844
6898.80033416
6899.94721756
6899.04254483
6895.90206524
6894.22096904
6895.13231177
6896.44117076
6899.12523323
6900.27567117
6899.39591508
6896.44336621
6895.36481365
6895.26823466
6897.29052506
6899.51946677
6900.84126151
6900.24198666
6899.11500869
6898.40743879
6898.40388425
6898.91662344
6898.34204916
6895.9031316
6895.07216334
6894.55505416
6892.04879546
6889.8836055
6886.46211498
6883.35334748
6881.36442099
6877.99721042
6876.31064301
6874.52450662
6871.70721156
6866.89707303
6862.37255937
6858.44855421
6853.2822018
6850.74621039
6847.30541384
6845.52221865
6844.20487754
6840.84506878
6839.03838574
6836.71162443
6835.38382879
6835.20094412
6832.3438591
6830.16569158
6825.6372749
6822.25724707
6819.45628199
6818.18729659
6816.78709284
6816.5789779
6816.41422139
6815.42131936
6815.95003307
6817.97759256
6819.52088404
6820.110938
6820.53253455
6821.93385345
6827.49100335
6832.47907109
6837.97460195
6841.0424504
6843.70103865
6846.88848698
6851.16766755
6855.70723574
6860.69983377
6863.72279742
6863.7075338
6862.92588306
6862.85172556
6863.95335476
6866.12943138
6864.92095683
6861.56916321
6857.6325429
6855.49117535
6853.27864726
6851.61330953
6849.25372098
6846.1303241
6844.57838323
6841.39372278
6840.09701195
6840.91399901
6843.13091801
6845.70022453
6850.18375641
6853.7924528
6856.13796258
6858.00855768
6859.90772851
6864.505633
6871.48955511
6878.51023536
6883.53987033
6885.22535046
6885.68650697
6886.66778356
6887.90182294
6887.79189699
6887.24061542
6885.15876204
6880.87612451
6878.85929137
6880.42058557
6883.92987327
6888.65756733
6892.16728019
6895.78877293
6901.23539748
6907.36495408
6915.89381252
6925.60624978
6934.9974122
6943.02813296
6951.20704327
6959.4350411
6967.14429188
6973.40970864
6979.29684548
6983.59862178
6982.48087169
6978.72473848
6973.79388492
6968.29216497
6959.85405189
6949.0304509
6936.21351856
6924.97015405
6914.45937365
6904.58307201
6899.12544232
6896.29532303
6894.16852212
6893.54474881
6894.82112905
6899.22457919
6907.12192099
6913.97976837
6920.54819241
6927.40164192
6935.22799046
6943.06167111
6950.95828109
6959.36319057
6965.44052328
6971.11067973
6976.10948776
6982.46791504
6985.27520859
6986.32808481
6983.43884861
6979.38262842
6975.8922007
6973.05481203
6971.2647726
6967.26536236
6960.46427613
6955.11949966
6952.19770106
6953.1424983
6956.33197481
6957.99359072
6956.94431783
6954.24051023
6950.67333229
6945.42168481
6941.63865556
6937.31618625
6931.35204827
6924.91997228
6918.37643701
6913.95356931
6910.7311192
6907.96482136
6905.98061334
6906.9349939
6909.01149455
6910.64210929
6911.85505141
6914.57787929
6917.66020378
6923.8274664
6932.82052014
6938.16099631
6941.52744022
6942.11899266
6941.39672368
6940.89515691
6939.9272203
6938.62762403
6935.3668685
6930.28783934
6925.56897588
6921.11858487
6919.44672351
6919.96508027
6922.13378992
6922.84740951
6926.68810597
6930.09123832
6932.24947253
6933.38213079
6933.4691404
6933.98746927
6935.07441334
6936.6964902
6939.2500731
6940.29691357
6939.35238815
6937.5187812
6935.53628076
6933.3281366
6928.6925679
6922.53829678
6917.90867323
6910.98490652
6906.67506628
6902.17636836
6900.37298895
6901.03187556
6904.80671543
6909.30874486
6919.12077202
6927.74361673
6936.63288481
6945.37675122
6954.89114473
6962.45319566
6969.30446365
6973.38091685
6975.1759396
6975.41386391
6975.82173017
6976.47370285
6976.82757492
6974.53486055
6969.8440013
6966.91639695
6965.64903549
6965.14633963
6963.55654637
6961.44414485
6959.58332125
6956.75300681
6953.91773692
6951.03273829
6949.48349469
6945.60749675
6940.1924658
6933.67399353
6927.79456516
6924.16384455
6919.74088625
6914.41528339
6909.64298332
6905.80851079
6900.64144747
6894.99009524
6890.13850797
6885.27127375
6881.9964743
6878.78527326
6875.27502374
6871.1905345
6867.33706956
6863.92847297
6865.49010171
6868.13642331
6871.77130482
6876.44881712
6880.91128659
6885.75474023
6891.5285987
6898.6375222
6906.20221464
6910.82285426
6910.8497712
6909.91271729
6908.69255457
6906.78934829
6904.22229298
6901.02135133
6900.88705238
6898.67165974
6896.57917062
6897.1212522
6898.0262316
6899.01075607
6899.26383248
6900.8602818
6902.35426273
6902.87204797
6902.70888752
6904.0131744
6908.56740682
6910.83355273
6912.98351392
6914.4750903
6917.03309896
6919.82547041
6920.58803813
6919.04849633
6915.25368134
6908.89973557
6901.82550719
6894.62117561
6887.88043993
6883.49827522
6881.73479032
6880.75686614
6882.49420774
6887.6092005
6894.72229187
6905.04127337
6917.58909901
6931.29201833
6946.34500843
6959.20130558
6970.93179566
6979.52779313
6986.28858061
6991.88393138
6997.49439243
6999.95495785
6998.32775827
6992.89742885
6983.62359418
6973.22628034
6963.65044204
6954.77790121
6947.77372519
6941.68618885
6938.2395029
6938.02226463
6939.05936148
6940.2825351
6942.28533825
6944.04912285
6944.4899418
6945.28551798
6946.42934865
6946.32957754
6943.97370383
6939.14583442
6932.52791861
6927.63180896
6924.25035235
6921.17970208
6917.82472332
6912.840468
6906.45480317
6901.11528881
6895.6851197
6890.16219098
6886.17634375
6882.72394963
6877.90705748
6873.23809699
6869.7126187
6867.2980393
6865.05777184
6864.04430922
6863.14563739
6862.39988056
6859.07812631
6856.55670155
6854.9392456
6856.74794985
6859.9932466
6867.12289099
6872.24985768
6875.5467162
6878.29798739
6881.23851354
6886.07207022
6890.50145458
6895.54518226
6900.61151962
6905.85950801
6914.45022942
6921.72705275
6933.0261469
6940.85960452
6948.91901949
6957.85938237
6965.01391552
6974.39417735
6979.54857674
6984.04154558
6983.93738357
6982.71218176
6980.69788559
6980.66849441
6978.43118907
6975.58070435
