6893.92466279
6894.21180007
6894.56812548
6895.07383921
6895.89118173
6896.34543824
6896.6851479
6898.12868919
6900.96310181
6905.48266698
6908.23123393
6912.20939359
6916.33691371
6920.80385772
6925.54812571
6929.36779461
6933.24273316
6936.47381175
6939.37836036
6942.59821775
6945.28294931
6947.1760565
6948.07157803
6948.70826618
6949.36927855
6949.94490525
6949.59251772
6948.81510456
6946.51894716
6945.3938301
6942.71879338
6940.63736516
6937.49089861
6933.49573291
6931.81220429
6929.67989733
6928.20615638
6925.77547699
6924.91311725
6924.61432664
6924.81602947
6925.11321705
6925.58750446
6925.96972226
6926.36058247
6927.07971508
6927.2906179
6927.07574236
6926.62989129
6924.45813589
6922.30261986
6920.72084872
6917.5534731
6914.41530048
6912.34997224
6908.99392711
6906.10722091
6904.26499244
6901.66990504
6898.68468924
6897.24030462
6895.89971263
6894.12808713
6893.48394141
6892.90956229
6891.9662705
6891.57612816
6891.3559696
6892.27885413
6893.44167721
6894.7810286
6896.30334829
6897.33852149
6897.5199704
6898.24792664
6898.79459428
6899.10037549
6899.47492663
6899.88992288
6900.26424402
6900.68564542
6900.40401418
6900.16021443
6899.62100436
6899.23615899
6899.22854809
6899.40460246
6899.69553823
6900.38021269
6900.76074383
6902.79161392
6905.40244585
6906.92023524
6909.31850557
6911.57577907
6912.88196868
6913.62904975
6913.32942277
6913.00972309
6912.69692341
6912.45507516
6912.36969646
6912.43611761
6912.73330519
6912.84363538
6912.94365043
6912.87576565
6912.34690558
6911.94586961
6911.29817632
6910.22045316
6908.8930757
6906.74348391
6904.79907979
6902.71015218
6901.86966333
6900.985363
6900.87986977
6900.99521814
6900.79872864
6900.99109905
6901.47639857
6902.55185658
6903.33467822
6904.1784289
6904.85163125
6905.94259683
6907.20480769
6908.25458239
6909.72846274
6911.95527869
6914.33717025
6916.8317617
6919.14939271
6921.30469965
6923.0638494
6924.93305056
6926.13002513
6927.78337499
6928.84987695
6928.76819218
6928.52871364
6928.23556847
6927.98668084
6927.61394182
6926.6229216
6925.36984104
6923.27942192
6920.99022723
6918.7113477
6916.32701675
6913.91055553
6911.4515792
6908.99399681
6906.35959338
6903.76366264
6901.37526836
6898.00136689
6894.07664385
6890.54789677
6887.38330902
6884.10052231
6880.89723187
6877.27277701
6873.90410978
6869.95631009
6866.43459543
6862.95033588
6859.34635797
6856.33488038
6854.27410334
6852.29484381
6850.57238947
6849.13096697
6848.14001645
6847.10096809
6846.79530537
6846.19904142
6845.66613892
6844.36176841
6843.48468868
6842.34107407
6841.81999913
6840.99759662
6840.15010323
6839.37052249
6837.82287495
6835.41435917
6833.1572878
6829.72122366
6826.19110355
6823.36144426
6820.3518206
6817.2707855
6814.41269684
6811.80528703
6809.60156862
6807.95163391
6807.24050947
6806.21252201
6806.17126842
6806.10702878
6806.48136386
6808.05227623
6809.57886834
6810.84248011
6812.8452972
6815.00979019
6817.47574317
6819.28866409
6820.35461545
6822.04235376
6824.27847425
6826.5558344
6828.29318296
6829.26400502
6829.86819351
6829.77222088
6828.93631808
6827.73445079
6826.07438912
6823.83934196
6820.64859
6817.71026627
6815.69338435
6813.55665164
6811.49089128
6809.37832248
6807.84930492
6806.59722102
6804.36096811
6802.77718272
6800.41948296
6798.39273195
6796.96684489
6795.58516658
6794.96025023
6794.40408988
6793.39135908
6792.76302758
6792.20246239
6792.35617193
6792.799263
6793.66399244
6794.93488753
6795.978508
6796.54555501
6798.22791272
6799.35986008
6800.81728498
6802.52203631
6804.50382584
6806.6146801
6809.24453928
6812.24457962
6815.85087147
6819.89028076
6823.77887293
6828.95996623
6834.05144326
6838.30457113
6842.38833553
6846.2284326
6849.74648121
6853.91864915
6858.43896009
6862.33563013
6866.23063442
6870.08791177
6874.41331533
6878.63725413
6882.2701702
6886.63170462
6890.5113059
6893.31890612
6896.61138767
6899.05331614
6900.6696918
6902.34846709
6903.66755062
6905.46008519
6907.84246462
6910.65250424
6912.76571425
6914.9362848
6917.25419461
6920.05768271
6922.63730438
6924.95639903
6926.83974866
6928.23591696
6929.66073069
6930.80508409
6931.48727734
6931.79011037
6932.29645835
6933.48555716
6934.97226174
6936.58936921
6937.96929813
6939.02374253
6939.86477503
6939.70593579
6938.77889732
6936.78438114
6933.79738109
6929.91414861
6926.97691216
6924.07612718
6921.69995077
6919.76147089
6917.54970946
6916.10140788
6915.36826619
6914.64132752
6913.73464055
6912.78097787
6911.14756132
6909.32429042
6907.01753212
6904.75050105
6902.8147045
6901.23998668
6899.15891391
6897.47277863
6895.77965972
6893.92110127
6891.7830025
6888.94964928
6885.67022195
6882.96906283
6879.59194833
6876.29426042
6872.07529797
6867.32792847
6862.888912
6858.78545823
6854.56326881
6850.83819951
6846.72751119
6843.21227138
6839.98163885
6837.40105537
6835.21443362
6833.34102276
6830.94449486
6828.30006902
6826.19147294
6824.21163492
6821.48287583
6819.34958615
6816.78646174
6814.42343017
6813.3633682
6812.15946576
6810.88721855
6808.89201236
6807.30963485
6805.2358942
6802.35187133
6798.53836363
6796.50366718
6794.16391436
6792.10156218
6789.89945378
6787.24355583
6786.1325524
6784.81829886
6783.81229381
6782.33233589
6781.50555642
6780.76547291
6778.95376473
6778.03033656
6777.1363623
6776.24096623
6775.86499327
6776.10135637
6776.81558929
6778.16564612
6778.99489287
6779.7119973
6779.88145137
6780.02669971
6779.7936054
6779.39445822
6778.87932147
6777.7634741
6777.56913126
6777.72202535
6777.32074545
6777.23466281
6777.44529381
6777.58303579
6778.53757666
6778.49398125
6778.2734951
6778.90767417
6779.67148946
6780.35154303
6781.29760875
6781.74916102
6781.91490025
6782.19558361
6782.76877091
6783.66226426
6785.71271221
6787.32197878
6788.16141522
6789.98385673
6791.15031798
6791.830497
6793.86026588
6795.36463165
6796.20716959
6796.32551493
6795.92696715
6796.14518814
6795.71974432
6796.36398065
6797.45349653
6798.8748045
6801.4349877
6803.51785168
6804.35794326
6806.82183322
6808.1775355
6810.2219477
6811.98794169
6813.8136729
6815.83214391
6817.98167297
6820.46906473
6822.50131481
6827.31403212
6831.49563006
6833.87956374
6837.87753823
6841.25856272
6843.40346391
6845.16197246
6846.55170076
6847.87784459
6849.19768782
6850.90682308
6852.62221015
6854.9056409
6857.43531079
6859.69397823
6861.37978594
6863.1430966
6864.95562721
6866.23503229
6868.36408441
6869.46799967
6870.96225938
6872.90568077
6874.12647077
6876.04324006
6878.44971371
6881.32987538
6883.67082001
6885.57376841
6886.9987285
6888.74926372
6890.37486027
6891.89147876
6893.71316057
6895.4898391
6897.28523124
6899.13926636
6900.81664074
6901.37232019
6902.49852451
6903.6971021
6905.02887047
6906.93849583
6908.89558478
6910.47979532
6912.18576634
6914.12396743
6916.19201385
6918.68834772
6921.008906
6923.47227324
6925.79150728
6928.10028679
6929.54593989
6930.27218159
6930.02378184
6930.02587274
6930.81491135
6930.83066285
6930.38955117
6929.1927857
6927.69193265
6926.17058872
6923.50928229
6920.98137573
6917.69865174
6914.26810062
6910.37058028
6906.5548144
6902.35510223
6897.40295628
6892.36299223
6887.87154975
6883.64140095
6879.5997056
6875.16004094
6870.88119492
6866.98812821
6863.85891861
6861.26042303
6859.08574732
6856.69912334
6854.8667779
6852.40865188
6849.37490612
6846.79520082
6844.35828356
6841.7699707
6839.15145119
6836.90679283
6835.15258459
6833.51237956
6831.48139099
6829.66038523
6827.94952846
6826.66254732
6825.79399849
6824.98233627
6823.87281738
6822.62263621
6821.8333676
6821.07117624
6820.24979131
6820.19025622
6819.47839996
6818.43864767
6817.67330601
6816.69799547
6816.00554283
6815.24041723
6814.94332722
6814.66127781
6814.59443848
6814.6689375
6814.54612459
6814.75619801
6814.1821395
6813.30089189
6812.42221611
6811.67223564
6810.57485795
6809.39813034
6808.14037312
6806.49922718
6805.0128223
6803.47136384
6801.34358021
6798.8025567
6796.77289933
6794.42244805
6792.53713993
6790.53155588
6788.1734449
6785.64542682
6782.80435815
6779.98875672
6777.09990385
6773.92544703
6771.70238773
6770.12544658
6768.83752454
6768.45261644
6768.19750488
6768.38397196
6768.53888029
6769.08138702
6770.27412401
6771.40559046
6772.76422001
6774.54480853
6776.6779867
6779.38132733
6782.61917348
6785.68972617
6788.58575085
6792.23064781
6796.02482159
6799.9661325
6803.56079194
6806.90748374
6809.98426733
6813.44202812
6816.73419604
6819.71195427
6822.12191277
6824.01841421
6825.73802491
6827.77940529
6829.67779552
6830.89281461
6832.32919802
6833.50987047
6834.90421271
6837.07994781
6839.12272213
6840.84509283
6842.39915249
6844.19063464
6846.17988871
6848.48831277
6850.73016234
6853.18351413
6855.90103808
6859.00996588
6862.53322084
6865.61899533
6868.02940686
6870.7820929
6872.50972572
6873.83950075
6875.07551254
6876.2727868
6877.17688105
6877.95656633
6879.4248291
6880.78130502
6882.39615431
6883.8251847
6884.86327124
6885.51105514
6886.16927963
6886.6882776
6887.05353117
6886.74648148
6886.90822707
6887.50157072
6888.18666337
6888.84622605
6889.58872106
6890.68830814
6891.07663139
6892.69835977
6894.04958751
6894.55459731
6894.70741473
6894.616753
6894.57057184
6895.30828564
6895.75554459
6897.00531455
6898.05908986
6899.19871084
6900.88670007
6902.80266088
6905.12888552
6907.50910435
6909.88486258
6912.46183576
6914.44917317
6916.74345572
6917.36605813
6917.58846094
6918.35700866
6918.82314152
6918.90287478
6918.98149288
6918.84795362
6918.43980857
6917.46140349
6916.61695585
6916.18887749
6915.0442453
6912.89172624
6910.02739274
6907.03781391
6903.67946879
6900.16042352
6896.29873435
6892.64080407
6889.6370001
6886.60530344
6883.96896244
6881.42022347
6878.76137734
6875.86924175
6871.98243382
6868.30270932
6864.80206403
6861.29410754
6856.41252272
6853.73334601
6849.89021015
6846.59225739
6844.18001283
6841.5433582
6839.22678657
6836.54344895
6835.20974302
6833.92614915
6832.28528897
6830.12248265
6828.18758519
6826.61308343
6825.81989089
6825.02407078
6824.27439698
6823.68268424
6822.60733077
6821.55058637
6820.38317027
6819.70804427
6817.67936964
6815.16871306
6813.35675396
6809.9330192
6807.21635252
6805.40348737
6802.76874243
6801.3789723
6799.93453193
6798.55748846
6797.33666362
6796.55931318
6795.04129379
6793.69135544
6792.89773078
6792.07568373
6791.39760259
6790.76301231
6789.72509305
6788.81678214
6787.69005508
6786.74519512
6785.50893938
6784.99185808
6784.82567279
6784.54503126
6784.47606617
6784.32823905
6784.70458837
6784.24230974
6783.93140581
6783.29626493
6782.47645514
6782.07997039
6781.50034309
6780.78388684
6780.8713216
6781.33874386
6782.55869748
6783.63609307
6785.38778526
6789.18115056
6790.87569129
6791.9322266
6793.11904632
6793.90798038
6794.64655146
6796.30882949
6797.21277738
6798.33740655
6799.6688334
6800.33318426
6801.75290314
6802.92650136
6804.85845064
6805.77757154
6807.03440877
6808.01088324
6808.97480531
6809.47051057
6809.57443562
6809.22477324
6809.65275403
6810.44275445
6810.78360714
6811.02151751
6811.47056069
6812.73468125
6814.96291902
6817.499928
6819.67534249
6823.90201341
6827.11208536
6829.9331789
6832.00238925
6835.8021597
6838.9428414
6841.67977594
6844.41634805
6847.49495073
6850.34012455
6853.34069458
6855.38036739
6857.89304518
6860.07753421
6861.89674875
6862.69079159
6862.64439437
6862.73549519
6862.47417363
6861.35188627
6860.20649438
6859.03282646
6858.41651072
6858.04187594
6858.05179381
6858.71985951
6859.46997239
6860.37708451
6861.33522174
6862.37368464
6863.33991367
6864.2189937
6865.38392163
6867.00880031
6869.47646087
6871.95077052
6874.87087548
6877.49563982
6880.27111674
6882.5034736
6885.02579047
6887.60277759
6889.38683702
6890.94699516
6892.77492181
6894.30096332
6895.71081312
6897.25960369
6899.30482437
6901.05657232
6902.79892512
6904.81608583
6906.57314468
6907.80545557
6908.77870308
6909.5943659
6910.27384098
6910.94153728
6911.70646076
6912.54052356
6912.88043534
6912.86280203
6911.8900424
6910.08600784
6907.64766179
6904.66902537
6901.37487109
6897.87529914
6894.5149328
6890.69352844
6886.74292694
6882.73305519
6878.13720675
6873.89091615
6869.06729128
6865.15415186
6861.03883567
6857.25851763
6853.49232019
6849.60926195
6846.1638863
6843.14448417
6840.52328831
6837.54297917
6834.68501596
6832.07291555
6828.65024018
6824.72003199
6821.79848431
6818.7039071
6815.93067442
6813.40589027
6811.41451742
6810.12957143
6808.74540493
6807.42676747
6805.7352237
6804.1338747
6802.9268359
6801.19420582
6799.37828794
6797.8680746
6796.59750011
6795.5462548
6794.86921911
6794.77031921
6795.0974207
6794.82174159
6794.9005409
6794.86088336
6794.92655178
6794.68820232
6794.5239337
6794.30934392
6793.82699955
6792.83606993
6792.32498954
6791.88475604
6792.02513256
6792.83763811
6793.3933315
6793.69705665
6793.94279398
6794.71645048
6794.27900486
6793.54333317
6792.93882407
6791.04177203
6789.05060827
6787.26806823
6785.29642657
6782.90027502
6780.28734521
6777.84396008
6776.19231082
6774.13411955
6772.02216408
6770.43791173
6769.23558444
6768.86553572
6768.89742206
6768.70183861
6768.98978439
6769.81415932
6771.1291377
6772.61341682
6774.90843817
6777.44042897
6779.37727097
6781.30389541
6783.20113563
6784.72682168
6786.20788777
6787.70883143
6789.58413107
6791.04416264
6792.46706667
6793.96501335
6794.70790564
6795.59643657
6796.27662952
6797.23593766
6797.8134392
6798.2607539
6799.17450117
6800.15333837
6801.39783228
6802.78831332
6804.79230131
6806.94907885
6809.38498551
6812.44826184
6815.61364413
6818.34602745
6821.17481554
6823.86269042
6825.34556167
6827.44596139
6829.51563174
6831.70397501
6834.06784991
6836.50974353
6839.33553465
6841.35794353
6843.32172339
6844.53109006
6845.50588484
6846.87333105
6847.86290157
6849.06686673
6850.26592523
6851.17479372
6852.42649428
6853.80145382
6855.41614978
6857.63437211
6859.68325884
6861.67460382
6864.15485862
6866.47761932
6869.40356488
6871.69466926
6873.92496309
6876.19035628
6878.13006282
6879.7766939
6881.68199806
6882.61799258
6883.54759589
6884.95403054
6886.9740558
6888.58900267
6890.10881327
6891.38442684
6892.83223357
6894.33041026
6895.8213524
6896.8687156
6897.20087708
6897.97316752
6899.58592591
6900.48286229
6902.63958407
6904.77315254
6907.16828651
6909.70406882
6912.04044831
6914.2821794
6916.08649274
6917.4048793
6918.16987248
6919.45968331
6920.23025224
6920.96074545
6921.17833917
6920.58898218
6919.49787721
6917.80661224
6914.89077273
6911.54671547
6907.85368583
6903.53435984
6898.64618867
6893.527955
6886.03677885
6881.29237845
6875.81380484
6869.79485722
6863.84044196
6858.57249935
6853.19387109
6845.95760439
6842.70901097
6836.6025798
6833.78544505
6830.47960956
6826.1453545
6823.69948119
6820.78569774
6817.41444475
6814.37103901
6812.65002739
6809.9319389
6806.94272249
6805.59962141
6804.23147127
6802.21676389
6800.06315059
6797.984796
6794.38118748
6792.13211731
6789.00377892
6785.15352004
6782.87141354
6780.49346682
6777.76000319
6776.22853927
6774.90148241
6773.29337978
6771.73500588
6771.04968324
6769.49567934
6767.93731241
6766.37265882
6764.15937801
6762.59384624
6762.17252848
6761.84578941
6761.14080527
6761.14791435
6761.84613789
6761.79783794
6761.15502343
6760.0788336
6757.71025415
6756.61322495
6754.53932399
6752.22141419
6751.22628185
6750.40852812
6750.28823127
6750.14772232
6750.9485397
6750.49104925
6750.11196781
6749.49333813
6748.41756647
6747.56677642
6747.03770725
6745.97029922
6745.43718764
6745.85376601
6746.51330777
6746.62217433
6746.89420133
6747.20630405
6747.06691025
6747.17696165
6746.70344092
6746.40193213
6746.29348375
6746.76937418
6747.44139169
6748.20408487
6748.72325708
6750.23526163
6752.06062344
6753.27188586
6754.16846678
6754.79434495
6756.09335577
6758.13087494
6760.130479
6762.9723701
6765.97615316
6768.42618737
6770.82119589
6772.71405915
6774.70049049
6776.2189211
6777.38826781
6779.11298729
6780.48878319
6782.22017267
6783.96639365
6785.76511731
6787.77452772
6789.50390993
6791.1582007
6792.23428599
6793.28284797
6794.12530925
6795.18808243
6797.10815536
6799.01683284
6801.52008761
6804.70731291
6807.82051313
6810.99681693
6814.07882778
6816.55637137
6819.23591747
6821.94297295
6823.84390711
6825.57174902
6828.1586331
6830.87525796
6833.94069489
6837.03033059
6839.93233526
6842.76210607
6845.19937878
6847.37725358
6848.9110384
6850.78581532
6852.87435262
6855.2000406
6858.09923649
6860.94372728
6863.60894371
6865.45977277
6866.97358943
6868.10643588
6869.25736169
6869.88018713
6870.44813323
6871.16668736
6872.6984231
6874.02338208
6875.92563351
6877.11018808
6878.29467296
6878.73524797
6877.8261007
6877.72513777
6877.6604242
6878.80505639
6881.46893463
6884.95410721
6887.83655493
6890.67076543
6892.9756001
6894.64695267
6896.31726676
6896.77164873
6895.99236072
6895.27749355
6893.92606369
6891.85851909
6890.01518245
6888.00537477
6885.76198489
6883.50180503
6881.43382134
6879.80798084
6878.2826154
6876.83751987
6875.66122438
6874.32848026
6872.07021706
6870.46483261
6869.0571225
6867.22213555
6865.92875624
6864.74558166
6862.49143755
6859.74163
6856.12650755
6851.33385598
6846.67721791
6842.71584824
6838.51115971
6835.00342625
6833.30758219
6832.72024641
6832.39537522
6831.64804324
6830.29887853
6829.10600912
6828.29776902
6827.19459255
6825.70253525
6824.89735484
6822.80694966
6820.82431679
6818.6895356
6816.16413115
6812.29515866
6809.03351101
6805.37986012
6802.68871645
6800.17588532
6798.55870815
6798.02123354
6798.24908664
6797.68376812
6797.91150274
6796.7575451
6795.55799176
6794.10393321
6793.4754902
6793.25587527
6793.02992489
6793.12475449
6792.07987251
6790.78935077
6788.101908
6785.76825367
6784.05751538
6783.41803238
6785.01360351
6787.54423523
6789.40974245
6790.48407138
6791.10397652
6792.34422588
6793.19978321
6794.0302148
6794.7483159
6795.43947218
6796.13164603
6795.76156246
6794.93159784
6793.11222299
6790.70528934
6789.34391373
6788.83782363
6788.73002343
6789.17729632
6790.24930434
6791.48234008
6792.98503312
6794.83923551
6796.40073879
6797.12037323
6797.70867082
6797.31611697
6797.08037418
6797.76249077
6798.1421716
6798.17348642
6798.82982909
6800.78873016
6802.13505821
6803.15298841
6804.53072188
6806.3175413
6809.45676634
6812.75376426
6815.09475768
6818.33756625
6821.46921524
6823.4065033
6824.28190334
6826.37122822
6828.08100469
6830.68063633
6832.15154062
6832.2915826
6831.41623135
6830.11801508
6830.29621611
6831.54750547
6833.21423016
6832.97218677
6834.56687275
6836.95568521
6840.45508292
6844.95065843
6850.55312525
6855.22936209
6857.55988006
6858.29647872
6859.64667494
6859.45795665
6858.76535067
6859.23206899
6860.76163019
6860.63547183
6861.53557942
6861.9775414
6863.29445735
6865.12310189
6868.57790753
6871.28579936
6872.96547374
6875.44083581
6879.74211727
6884.60532301
6891.40635349
6898.14829493
6904.22010764
6909.67514461
6914.02039784
6916.87190711
6916.38807123
6914.71931835
6911.37010352
6906.79289901
6902.42856974
6898.39423438
6893.03661973
6888.66069987
6886.11189817
6885.33835319
6886.03799158
6889.35733432
6891.31360085
6894.67360476
6897.24231886
6899.36085371
6899.25324867
6898.19211337
6894.82486098
6893.72222814
6895.44917096
6897.90857941
6902.01107834
6907.71464051
6913.27868343
6918.10310285
6919.51592871
6917.91164546
6913.77834051
6909.95623221
6907.09872901
6904.70484958
6901.30479783
6896.81459596
6890.94399122
6884.29650302
6878.35101593
6872.5546384
6865.90018051
6860.44163778
6857.0675551
6854.31861875
6853.75452689
6850.62000639
6844.03673692
6835.96511802
6829.30461741
6822.28000625
6816.22552715
6811.75404587
6809.17025633
6809.98821915
6812.66350677
6814.46585467
6817.17734984
6819.14961877
6819.18905328
6817.78581771
6813.39533816
6808.83140394
6802.77775424
6795.32947653
6788.91686688
6784.08819596
6781.10606076
6780.88850188
6783.5495574
6787.27563731
6792.11332702
6797.31830545
6800.96520968
6803.56461133
6803.8461868
6801.8477885
6798.4432413
6793.19016503
6786.88327861
6782.97986888
6778.10716345
6773.51965077
6771.45504738
6771.51387853
6772.42799519
6774.30855695
6775.6350632
6781.9548296
6791.29135663
6799.61158437
6808.6418911
6817.95191239
6825.46353064
6829.41194366
6826.83446866
6817.68033145
6810.19956803
6799.67591461
6791.21639065
6786.04897884
6783.18035898
6783.27791374
6784.26412487
6782.2919326
6778.32174627
6774.27859425
6770.03833243
6765.37892042
6763.62681005
6764.29387211
6768.08695165
6774.40807018
6777.9999975
6782.82808994
6788.00451355
6791.91589661
6799.77891966
6806.20532232
6815.03446289
6822.91005228
6828.35677441
6831.5429682
6832.0629001
6826.36221641
6819.07038734
6812.26885505
6806.45133147
6802.93472559
6801.71568499
6801.16127403
6801.98568382
6802.9472571
6802.05694193
6799.59409045
6797.42880292
6794.75109681
6794.67560113
6796.34463279
6800.99803692
6807.82891858
6813.62652975
6819.82995809
6826.07403367
6832.60349017
6840.27731401
6847.9147491
6853.82732531
6858.30121811
6861.22282852
6862.29788926
6861.12346862
6857.17248378
6849.20584235
6843.7583675
6845.48106577
6849.12975425
6851.94383628
6853.18186232
6853.56038618
6855.40582767
6856.87165105
6855.08248981
6853.31632855
6854.83728915
6857.37657024
6862.36797646
6869.31633921
6875.48734456
6879.88873167
6882.46491728
6882.74195548
6883.27580586
6881.77390736
6879.45698028
6878.67169137
6880.02774911
6881.91475783
6885.21540786
6887.8854264
6891.11367529
6893.92696975
6894.22542582
6893.64808458
6891.74673224
6891.5080552
6892.39369371
6893.44155175
6891.65170051
6892.04497921
6893.46904021
6893.79857412
6891.2386488
6887.87649126
6887.19165649
6889.48970964
6892.9385562
6897.5722152
6904.94119177
6912.73246883
6920.29200369
6926.06604337
6930.21739983
6932.77269727
6932.09182825
6928.47288642
6923.72227602
6920.04639181
6914.14229772
6908.20293699
6899.78978237
6891.04042385
6886.41591605
6880.0232885
6871.88420301
6865.93216441
6859.70864246
6853.93441459
6846.26943529
6836.25809591
6830.96786423
6825.87296508
6821.59710905
6818.94604807
6819.01667891
6823.4555978
6827.5827764
6829.25398261
6830.49462925
6831.19176552
6829.1419309
6826.44896814
6822.71430854
6817.25621188
6811.67737928
6807.94845573
6803.59692281
6801.712005
6799.77126694
6798.49067701
6797.84538129
6796.8525838
6793.6960112
6787.88184701
6780.42761022
6773.31568279
6767.75688804
6765.93581259
6764.44692651
6765.92406866
6771.683932
6777.52432313
6784.36301083
6787.42457262
6786.61510585
6785.10299676
6781.99120442
6779.2506317
6780.63796244
6782.06593343
6784.83169461
6788.55318149
6792.33054438
6794.59630696
6792.37180494
6785.94818319
6778.50021912
6772.88493504
6768.19627124
6764.04494267
6761.86286515
6761.53905335
6760.87296008
6760.41637569
6756.0274922
6753.61312188
6753.02313763
6753.23850105
6754.58602091
6758.3162687
6763.68957908
6772.82086268
6778.88936479
6779.63358132
6777.61752879
6774.29740544
6770.05436969
6764.98456839
6757.53189978
6754.52656946
6755.74480157
6757.15337592
6760.14149111
6764.65810114
6768.08364105
6770.57600219
6772.58284079
6773.99516484
6776.68724245
6778.65846593
6778.61453597
6777.51363162
6776.77250266
6775.8208124
6777.45374107
6778.98737257
6779.91425074
6781.03875446
6784.2966315
6786.97157762
6788.23458302
6787.48271377
6788.98066046
6793.7361357
6800.4201172
6807.25030885
6816.28173073
6827.72101323
6833.91575037
6839.26066624
6839.77273633
6837.20467041
6832.12950943
6826.39626334
6819.79043298
6818.18801064
6816.14278996
6816.5138702
6817.78376165
6822.4936621
6826.57734983
6830.3422091
6835.08053193
6841.08335169
6847.93086302
6856.64909491
6862.57392383
6868.52967727
6873.24886134
6875.21643271
6873.16720445
6870.38873753
6868.44137827
6867.42005384
6869.66586917
6873.36358244
6878.48627671
6885.95119803
6891.98188261
6895.6416041
6898.89743205
6899.06205613
6897.26225914
6894.10569351
6891.02745326
6886.72944059
6883.33311762
6880.98510572
6879.45498695
6878.13991796
6879.22851385
6882.23900174
6888.7230995
6896.26936408
6903.50724775
6909.23033899
6912.60610835
6912.69309008
6910.52795588
6906.40747515
6903.01874218
6900.10934266
6901.17561463
6908.96904532
6919.67337401
6930.05110302
6939.99336581
6945.91746988
6947.60098456
6944.13468591
6934.51818643
6925.77917093
6919.14305029
6913.15483204
6907.67107995
6903.26233284
6900.74644202
6900.44613899
6900.3651721
6900.35496151
6903.53596287
6908.67806076
6913.52074076
6915.3051905
6913.44839538
6907.9958675
6899.10256397
6886.13165028
6872.06362374
6860.39870449
6850.26061433
6841.39300107
6835.86274721
6833.11917056
6833.46747385
6834.60574968
6833.06327365
6831.93427447
6833.58586797
6832.89105261
6830.28190734
6825.49544485
6821.56288787
6820.3935551
6821.74899951
6821.67688412
6820.44681051
6817.96612359
6813.98253455
6810.13914778
6805.89009021
6801.09206501
6795.55817994
6789.42785668
6784.26929638
6782.56534657
6781.07469715
6780.07363361
6781.2336479
6783.69600453
6787.92752636
6794.22305915
6799.4959154
6803.68193212
6804.04144964
6803.58913767
6801.89056149
6799.32434254
6796.02513523
6792.03203953
6788.66025684
6787.74977138
6786.71814575
6784.51490826
6781.82910337
6778.56395693
6776.3861379
6771.57596453
6770.39410722
6770.18813198
6770.99828874
6773.9000216
6774.99403293
6775.58806658
6775.78873092
6773.53970256
6771.14875041
6771.25471061
6769.35092584
6770.07912602
6771.15373374
6771.75495314
6772.35938556
6771.89760875
6771.28436664
6772.28393867
6773.50756532
6776.04506915
6778.50930062
6783.8149632
6788.10923315
6790.18480683
6793.12007086
6795.8917493
6799.11252669
6800.97795725
6800.31729336
6799.62196921
6800.54307647
6799.68343491
6798.21920758
6794.88091425
6794.66181508
6797.07359964
6801.83481791
6807.5113795
6815.20722756
6821.42625407
6828.03691443
6832.59586533
6834.00365907
6834.00647482
6832.9431371
6832.13600518
6831.59136572
6830.27732128
6830.24485647
6831.83152033
6832.16874878
6831.34829082
6830.78743986
6832.83449357
6838.00366174
6844.47448921
6850.70208843
6857.23500887
6863.97796091
6867.00664667
6867.26525702
6863.84522317
6858.47290248
6855.81869119
6852.14101578
6847.33200635
6842.18173998
6839.81263084
6839.98954945
6838.83027394
6836.60595313
6836.99575396
6843.24461771
6853.11769935
6863.86000588
6876.86178136
6891.77928069
6905.33916107
6916.86375257
6921.3484693
6924.43471773
6925.08931101
6923.8957516
6919.39089247
6913.39040756
6904.43944379
6898.08429226
6889.94646131
6880.63963213
6871.2380082
6863.6581079
6858.62289021
6858.72073769
6860.75602656
6866.12968543
6873.78806444
6882.09939188
6889.64957342
6898.20916123
6905.7229819
6912.17071181
6917.96189693
6923.02983732
6927.7717356
6930.42335417
6928.81258911
6927.35836329
6923.87351829
6917.87853944
6908.93691505
6899.10833487
6895.12582613
6892.6114338
6891.34020416
6889.80218176
6889.16160452
6889.12517395
6888.61994809
6885.17782729
6879.11862971
6869.81494386
6864.35960023
6855.92430291
6843.25166406
6829.80981538
6815.48729062
6801.61755176
6787.29068487
6768.30670598
6755.88189537
6746.33007462
6741.38089775
6741.79406098
6743.89939523
6746.26239893
6750.40929479
6753.39280998
6754.89226909
6753.77802475
6752.62245015
6757.72565717
6766.81082929
6775.52398725
6783.47910778
6793.87325738
6801.65856142
6805.88904476
6805.10222949
6800.89382612
6799.27855864
6800.01592397
6799.11307032
6802.33093438
6806.16118328
6809.03462616
6808.56026209
6802.91022016
6797.15078198
6791.95207627
6787.20297133
6784.39493201
6785.2179618
6789.34199706
6797.12334928
6801.83064306
6804.82579764
6805.9426138
6806.08362457
6804.0527266
6800.29579884
6796.64766794
6794.84478338
6792.92452924
6790.3086861
6785.52810603
6781.26701878
6777.72559383
6772.28055837
6767.01316636
6762.97947919
6759.70240064
6757.97956297
6758.06982046
6758.41942011
6760.32514245
6763.44282418
6768.20412608
6774.96667689
6783.60750341
6791.97436534
6801.06734352
6809.49742055
6815.04792136
6817.8817764
6817.07472812
6813.28154403
6810.21821892
6806.48256962
6803.31498491
6801.21868337
6798.80967275
6797.02244211
6796.90715647
6793.96147972
6791.83582184
6789.74061455
6789.07413794
6789.2992868
6791.13716618
6792.90674956
6797.01249636
6801.63625841
6804.37136688
6808.038992
6810.80218833
6814.02616481
6818.86065543
6824.57117335
6829.8546514
6835.98468194
6839.57169562
6842.955508
6844.89954272
6844.5466255
6844.08560838
6843.79672867
6842.39598825
6843.08802271
6843.8646483
6844.90874271
6847.23545523
6849.21095114
6852.76840637
6857.31063698
6861.08635502
6864.27714183
6867.59124336
6870.64627455
6871.69664168
6869.30752255
6864.0019924
6859.01988375
6853.15543325
6849.49684782
6847.43154746
6850.84919768
6857.47146257
6864.5327343
6867.87750247
6868.99392135
6868.02998535
6865.06222165
6862.45313214
6859.28158167
6862.64665952
6870.28220582
6878.67988076
6886.88155407
6891.75092102
6889.20522084
6875.57900992
6861.58453452
6849.67070674
6847.81890889
6851.70474804
6859.95280464
6868.06802591
6873.20452714
6878.82818182
6882.50822693
6877.98457054
6871.57043453
6868.35203381
6877.15917107
6896.09728243
6922.01003228
6947.28373124
6975.18402759
6995.13211673
7004.70303443
6993.19719139
6971.2335376
6949.36975946
6936.64714794
6928.64559534
6916.02808674
6901.7029344
6890.23654678
6882.76344304
6880.91607095
6877.01693363
6874.45200408
6867.31951606
6858.09061498
6847.87091672
6839.49122358
6833.05889668
6827.6922772
6822.74245215
6824.54402641
6834.40957382
6845.32013563
6853.40218119
6851.61676964
6846.09247486
6837.5292907
6826.48364235
6816.94010856
6807.87409611
6806.69201578
6809.75116605
6818.0070984
6823.90273129
6826.05891641
6819.87124654
6809.79773055
6795.43664946
6784.73481591
6784.97892234
6799.62916193
6808.80750487
6812.96655586
6806.96251641
6806.85256258
6798.28852812
6796.78984265
6797.65662814
6802.41185945
6799.14019636
6792.34462315
6786.89927405
6788.62602172
6791.97287383
6792.37681615
6791.1717219
6786.18966204
6781.40050228
6776.20745596
6775.80876181
6777.65989057
6786.49789658
6793.89776978
6798.85497573
6791.43643073
6784.56325003
6779.73885849
6784.28471333
6779.35943553
6771.76031283
6760.10427297
6753.84925498
6752.92165894
6753.23808287
6760.6725118
6768.75141402
6779.54627201
6781.92547327
6787.16819257
6793.7624184
6798.30485113
6792.96648677
6779.53801293
6759.45650998
6747.05868601
6746.53721381
6759.3054768
6772.76388546
6787.40469506
6803.53167257
6812.18887088
6809.24546625
6803.23038681
6793.71004815
6778.75704523
6769.33852677
6772.45869668
6788.618829
6795.28211052
6795.86088752
6792.88711594
6799.72095275
6802.196503
6796.05157126
6782.44222003
6771.19521036
6774.89868757
6790.1387093
6809.61784285
6823.05521002
6827.29649638
6829.62175921
6830.66634847
6833.74435175
6832.43214731
6837.04072937
6847.10970112
6858.80069397
6856.49988082
6846.99066578
6829.67295158
6821.21704489
6813.23824832
6815.41429705
6820.07840663
6826.16224903
6827.46562288
6830.03833061
6836.25283379
6847.28293276
6858.74650463
6865.62249412
6867.62141515
6870.84454829
6879.3027968
6887.9504327
6900.62740669
6908.76901521
6914.88129395
6909.07923612
6899.70234064
6885.21291271
6875.60872868
6871.54063214
6878.4158689
6888.13292706
6899.58745924
6907.04840784
6902.25521264
6897.60382274
6888.87261329
6881.03622143
6867.93281393
6866.92367948
6872.20609117
6882.86548627
6887.16069016
6891.34613536
6891.17616553
6888.57188511
6878.72004708
6873.27426586
6873.53654226
6876.18899719
6880.96531877
6890.67780482
6899.98723369
6907.96687359
6911.34034295
6918.69427195
6926.72384271
6937.61419243
6958.56855844
6972.23709629
6979.29663953
6974.69991292
6969.0025468
6955.31393624
6940.81551044
6914.79180313
6893.27873283
6876.57739013
6874.1640583
6874.90533362
6875.49472546
6878.26220814
6875.97424013
6878.8027076
6878.070005
6881.29540329
6883.79217625
6886.65795248
6893.60716553
6897.01110637
6894.97607537
6882.63783528
6867.91051789
6854.55487731
6847.30054517
6844.88921364
6848.8740642
6854.60179029
6860.6889642
6866.29700678
6868.94394171
6869.35394069
6864.76293619
6858.60515235
6850.02240426
6843.02691944
6839.38191793
6839.01718709
6845.46185034
6852.29182593
6860.21883073
6866.80371718
6870.83966254
6868.8633233
6863.11107087
6853.71898148
6845.89340657
6839.93390344
6834.73229137
6828.33840928
6823.95560336
6824.66002993
6827.21224677
6829.52866506
6832.32073681
6834.63665329
6837.04937875
6840.51307771
6843.16220809
6843.90926826
6843.0057734
6841.63652901
6837.83799221
6832.18798513
6826.44266057
6822.02881862
6819.59304439
6819.10786336
6819.02738435
6819.17997874
6819.3323292
6820.26284554
6823.11615996
6826.01092312
6828.63297626
6830.14045051
6829.99463065
6829.3165983
6828.04851896
6827.20322799
6825.95738893
6824.5478458
6822.90377259
6821.62981084
6820.04054031
6818.6236999
6817.19503891
6816.04346491
6814.88426607
6813.78835201
6814.07823536
6816.34065249
6819.65920766
6822.93618862
6826.55271895
6830.63593274
6834.10579988
6838.55785664
6842.79986088
6845.87381478
6848.94824261
6851.01269267
6850.6913342
6847.89816124
6844.95707751
6841.99626956
6839.71379366
6837.6858369
6836.99131426
6836.46632933
6837.62979363
6840.47983926
6843.29563584
6846.52007231
6850.54501253
6854.91608149
6858.55168786
6862.21939661
6865.4423346
6869.08335641
6871.24886698
6872.76222364
6873.10219815
6872.40113795
6872.13990699
6871.68868926
6872.08212826
6872.56126657
6874.32813875
6877.48114983
6882.67385464
6886.6933585
6890.42288841
6892.78637301
6895.10035888
6897.20099557
6900.33306971
6902.6865319
6904.83448581
6907.18828952
6909.93818071
6912.80223542
6914.61951239
6915.4601964
6915.0825089
6914.83278491
6916.75453753
6918.28793903
6921.38087836
6927.44074503
6932.72160944
6936.60965101
6941.92606084
6945.89599627
6947.80053376
6949.88718228
6952.042078
6953.35927971
6953.38040484
6953.57639253
6952.98989311
6951.48764613
6949.86168715
6948.09583952
6946.52124716
6944.65776114
6944.45787043
6945.57413598
6946.91600343
6950.78536623
6954.53590278
6957.61371788
6961.24331638
6965.54397056
6969.91752073
6975.1505661
6980.25189131
6983.74705145
6986.39603547
6987.86447248
6987.59077276
6986.33023462
6983.40547391
6978.68608772
6973.73718964
6969.09677004
6963.88951252
6959.80769963
6955.17077881
6949.9316489
6943.67635909
6936.60644495
6929.87741835
6923.2371159
6916.68818608
6911.40007319
6907.12082292
6903.27501768
6899.07017582
6895.34303652
6891.39840107
6887.24489795
6883.58215161
6880.51647771
6877.525031
6874.82475704
6873.11571935
6872.28882139
6871.69153987
6871.25304879
6870.70663206
6870.19300773
6869.73618637
6868.70745315
6868.47157794
6867.81354162
6867.28121761
6867.30273304
6867.18079832
6867.09769173
6865.9368132
6864.5746291
6862.80970148
6860.94251456
6858.83645545
6856.95809612
6855.50389818
6853.58664797
6851.40739318
6849.04937978
6847.04703663
6845.50292272
6843.2724895
6841.47345221
6839.84773717
6838.46578703
6836.35054187
6833.9340249
6831.77091191
6829.86870927
6828.04606563
6826.79190477
6825.78126487
6825.73948855
6825.93860562
6825.16822488
6825.5164515
6825.36689589
6825.22973936
6824.32064784
6823.93488944
6823.3689297
6823.11089784
6823.44671841
6823.71593663
6824.16678497
6824.82815279
6825.78447093
6826.91726858
6827.90359123
6828.92674172
6829.75596756
6830.29643217
6830.75536535
6831.95086233
6833.65773942
6834.65694205
6835.77334003
6836.67397731
6836.39799152
6835.65482742
6834.8777488
6833.48438232
6832.13086852
6830.98033997
6829.13124637
6826.84349441
6823.98177455
6821.29566996
6818.90952689
6816.09060789
6813.3941115
6810.80590318
6809.03540677
6808.26124148
6807.80655981
6807.78201256
6808.55935603
6810.42700295
6812.48132605
6814.76074225
6816.81921232
6818.67623743
6820.38882268
6822.29479593
6824.60319908
6827.13314776
6829.63139132
6832.23092539
6835.46373246
6838.48473065
6840.75582505
6842.22528661
6843.11844541
6843.3175137
6843.69009938
6843.99118302
6844.03318237
6843.70224755
6843.47245687
6843.96199396
6844.19843372
6844.91920421
6846.14675481
6847.20879617
6849.08459066
6851.4907437
6853.27337435
6855.36805195
6857.21202283
6860.27035068
6863.96300396
6867.98811145
6872.23580296
6876.98101185
6881.25974636
6885.07131649
6888.6659132
6892.20001996
6895.48981819
6898.12214465
6900.5719628
6902.61403319
6904.42661956
6906.07474215
6907.77527681
6908.10138861
6908.53455484
6908.21771273
6908.17833399
6907.89850093
6907.14019866
6906.98484427
6907.54771643
6909.48480238
6912.42001762
6916.01045343
6919.46372573
6922.681771
6926.2025796
6929.51966416
6932.65790648
6935.6589156
6937.93967695
6939.45760574
6941.27153726
6942.25482112
6943.61377128
6943.79233474
6943.21468683
6942.26994535
6940.44702293
6937.83199524
6934.66545598
6930.44266021
6926.40184304
6921.95713233
6917.92056667
6913.84622529
6909.81349296
6906.38579941
6903.19549351
6899.82801112
6897.09980264
6893.71872239
6890.71355933
6886.91608192
6883.49019352
6880.14515353
6876.71338272
6873.39457665
6869.67941127
6865.87412084
6862.14758093
6858.80355851
6855.60576716
6852.36694525
6848.85682816
6846.51384141
6842.72672792
6841.56527787
6839.61776527
6837.64096604
6836.49357385
6834.68896778
6833.92899975
6832.79762391
6831.73609134
6830.45481838
6830.06350513
6829.91001862
6829.61266376
6829.10489397
6828.23638696
6826.9015589
6825.63210653
6824.43078985
6822.52206358
6820.75285656
6819.19282388
6816.30341344
6814.31515603
6812.44870093
6810.1127466
6808.47423521
6807.2760061
6805.71000039
6803.59725039
6802.227776
6800.05166454
6798.33210959
6796.98431094
6795.07231588
6794.12671016
6792.98004979
6791.97854019
6791.47878553
6790.84110072
6790.26536251
6790.55886312
6790.93415305
6791.43774103
6792.17889089
6792.69443886
6793.53255803
6793.72131814
6793.93990853
6794.314613
6794.5521261
6795.22115361
6795.67675528
6796.64738218
6797.64642452
6798.47135006
6800.57413341
6802.53178691
6803.8929116
6806.19880566
6807.80479648
6808.22608636
6809.82596476
6811.27472634
6812.40210855
6813.57542798
6814.98007143
6816.39541334
6818.32223293
6820.26688796
6821.27884513
6823.61045734
6825.35821165
6827.27123126
6828.41634435
6829.51770174
6830.18111168
6830.56609645
6831.96415353
6832.97300919
6834.96024205
6836.66477732
6838.14034433
6839.56083685
6840.6359185
6841.53569154
6841.70905561
6842.12232338
6841.92830811
6841.55349213
6841.60602965
6841.57373908
6841.97562534
6842.24494113
6843.66718304
6845.19914181
6846.96958944
6848.76393613
6850.16624473
6852.59603199
6855.64341743
6858.51121487
6861.30847904
6864.83031218
6868.32597414
6871.75620465
6875.71588766
6879.25501958
6882.6291162
6885.96593196
6888.40075134
6890.13042628
6891.38660835
6892.08198826
6892.4612997
6891.62732751
6890.70711237
6889.11556275
6887.5246404
6886.3148904
6885.06963679
6884.27518971
6883.45243871
6883.00552825
6883.07927454
6882.28534321
6881.7583998
6882.11481581
6882.78274908
6883.42113086
6884.5226834
6886.33699128
6888.97832955
6891.92012418
6895.15824216
6898.52728576
6901.60331662
6903.78199293
6905.74333339
6907.3235712
6908.10766133
6908.58808206
6908.74991826
6908.71472133
6908.77089703
6908.5714245
6907.83800402
6907.28502882
6906.50407505
6905.47479124
6903.54342044
6900.21521225
6897.3850372
6893.55437013
6890.15893231
6887.23866008
6884.13424864
6880.5419589
6877.43214594
6874.67746658
6871.53320245
6868.55283755
6865.73325643
6862.5590993
6859.70759003
6856.63282068
6853.75364174
6850.70456267
6847.32345454
6844.3623678
6841.88941028
6839.75701271
6837.64809603
6835.70546919
6833.82685894
6832.03081165
6831.04608506
6830.43176264
6829.32401405
6828.48804156
6827.80858739
6827.281407
6826.92924251
6826.53010927
6826.43557937
6826.48378174
6826.35160854
6826.47312509
6826.94025462
6827.40215688
6827.77704257
6828.53184606
6828.69379377
6828.78384217
6828.40065558
6827.09298144
6825.69186465
6824.60880968
6823.43167782
6821.80491733
6819.93642708
6817.73563594
6815.53545814
6813.21673289
6810.56119039
6808.6822456
6806.67882912
6805.10583282
6803.4472766
6801.37872836
6798.8129485
6796.83999654
6795.12798976
6793.95581336
6793.35895002
6793.18724473
6793.40895754
6793.55858982
6794.04848236
6795.25188297
6796.16008934
6797.15396016
6797.6498327
6797.59231184
6797.38635054
6796.22911018
6794.81540614
6793.58105313
6792.40505734
6792.91124501
6794.07525991
6795.34750015
6797.05980662
6798.80063306
6799.64983403
6800.76261474
6801.86163727
6802.62284591
6803.71924087
6805.2827584
6806.78331174
6808.96861623
6811.01698721
6813.20971441
6815.82551573
6818.58958327
6821.65099173
6824.77142648
6826.8992589
6828.5605333
6830.23719678
6831.73849588
6833.48971413
6835.61345534
6837.98020176
6840.42544083
6842.8740602
6845.31958503
6847.4897374
6849.14103817
6850.5793034
6852.06143586
6853.9848403
6856.13379785
6858.60936204
6860.51001741
6862.39732583
6863.84688892
6864.69836898
6865.68300497
6866.43576633
6866.96423611
6867.50450557
6868.75950977
6869.87861895
6871.52453912
6873.02951823
6874.32797147
6876.07649942
6878.14918068
6880.08392481
6881.99489532
6884.46753224
6886.31077131
6888.47901399
6890.65028848
6892.89397806
6895.49846758
6898.01656081
6900.25569918
6901.70650985
6902.61133592
6902.50907663
6901.5076646
6900.28672127
6898.93506838
6898.20947486
6897.63382029
6897.85834885
6897.75436108
6897.13940442
6895.44170642
6894.6431054
6893.60070462
6892.69570432
6892.40122098
6891.81193369
6891.27719119
6891.04167143
6891.37692048
6892.84925356
6894.30484544
6896.91709919
6898.75612159
6900.4784226
6901.03402537
6900.469822
6900.19051864
6899.83065264
6899.37779703
6899.56207563
6898.27206965
6896.91070101
6896.22319685
6894.62439875
6892.79658361
6891.14658617
6888.24965543
6886.35721732
6883.18921443
6879.46078573
6874.5534061
6872.18114665
6869.0753343
6865.60297899
6863.57271526
6860.22294285
6858.48751095
6856.43631724
6854.08514111
6852.73386458
6850.5474798
6848.34899563
6846.03807643
6844.41430593
6842.91484683
6840.28893945
6838.37628924
6836.34797006
6833.77932566
6831.16847978
6828.82659425
6825.79406819
6824.30617877
6823.70301483
6821.96365899
6820.10570691
6818.60331356
6815.63183502
6813.18566201
6811.66034535
6808.90252266
6805.73514704
6803.84279256
6800.09833358
6797.796468
6796.64888764
6795.46362216
6793.96696486
6793.21770228
6792.41295399
6790.71880357
6789.65182069
6788.53278121
6786.84949653
6786.26408439
6785.86716751
6785.42326795
6784.89228212
6784.2021922
6783.9338452
6783.71311512
6783.19451442
6782.52108904
6781.86169364
6780.97453574
6780.36557301
6780.14326778
6780.13735748
6780.20037045
6780.22210194
6779.53428415
6778.81342305
6777.62663817
6776.76073086
6775.98305285
6775.38206345
6774.76325255
6774.44495378
6773.64976791
6773.05125275
6771.95970869
6770.76330564
6769.63957556
6767.79180619
6765.16039276
6762.71114612
6761.26326272
6758.9480014
6757.69213296
6757.60299062
6757.65686633
6757.9182994
6758.28936569
6758.54947452
6758.37432621
6758.21625365
6758.5634139
6759.46215543
6760.91052671
6762.34900103
6764.59041151
6767.23973008
6769.77802148
6772.75548698
6775.92376867
6779.14499908
6781.99489835
6784.37673415
6786.4765972
6788.13660312
6789.91806982
6791.73110922
6793.44572963
6795.61188837
6797.4851668
6798.88128631
6800.18124501
6801.59628723
6802.87381747
6804.71330685
6806.93999038
6809.08611823
6811.38024745
6813.69021181
6815.92686896
6818.15859855
6820.52194376
6822.75611971
6825.00290383
6827.5171498
6829.93567405
6833.05439426
6836.6354628
6840.37555179
6844.88963879
6849.83057749
6854.47181254
6858.9371605
6863.49883654
6867.3933878
6871.02677083
6874.648396
6878.16404006
6882.11977823
6886.28144982
6890.09274116
6893.91664067
6896.81534171
6899.69714822
6902.73649064
6904.89937363
6906.1342633
6907.26279551
6908.03949776
6908.50200639
6908.35773381
6908.20572487
6908.38094287
6908.84603029
6909.80554751
6911.14114921
6912.70117492
6914.55239428
6916.81837989
6919.48449541
6921.95908384
6924.10170594
6925.75428914
6926.8297123
6927.82853858
6928.20762002
6928.79349216
6928.45148947
6927.49057831
6926.15804328
6924.60129332
6922.19270785
6919.43180455
6916.17570478
6912.76285667
6908.41899738
6903.76575355
6898.69808498
6893.97028638
6889.85099746
6886.18644598
6883.03032641
6880.40445388
6877.61877333
6875.13754278
6872.61579743
6870.59269854
6868.83299818
6868.29369054
6867.69924568
6866.83558957
6865.60397565
6864.30055999
6863.02873792
6861.25070728
6859.73406788
6857.59596911
6854.56594517
6851.66716747
6848.55989148
6845.53894208
6842.3937231
6839.96125251
6837.08691053
6834.77838193
6832.31153682
6830.20797984
6827.97665449
6825.84937965
6824.35310569
6823.22897833
6821.86969363
6820.70627116
6819.59495408
6818.92206536
6818.53505939
6818.44019494
6817.74907351
6816.99863304
6815.56019357
6814.20317402
6812.71186248
6811.68294806
6811.20487611
6811.33368295
6811.36076717
6811.67596443
6811.98162715
6812.29427351
6811.99860532
6811.47752341
6810.85087162
6810.25269797
6809.83669112
6809.00204983
6808.76021553
6809.24630262
6809.80577357
6811.53495366
6813.33845155
6814.91979058
6815.64373228
6815.91016959
6815.87978871
6815.05896135
6813.75910022
6811.44932405
6809.05278917
6806.75164844
6804.22180431
6801.84193396
6799.56149321
6797.0409327
6794.96459932
6792.95169012
6790.9431788
6788.83229667
6786.92886736
6785.35138954
6784.31602118
6783.56672375
6782.66099859
6782.35254799
6782.78239665
6783.83219227
6785.5705375
6787.79165225
6790.70328207
6794.1842101
6797.82470919
6801.7819319
6805.74673066
6809.06368977
6812.59477169
6815.59178718
6818.35278108
6820.97267362
6822.93590286
6824.76090922
6826.4207409
6828.26991814
6830.09350268
6830.66727544
6830.74352385
6830.38652935
6829.49325207
6828.58971539
6826.87454438
6825.00613776
6823.46877748
6821.80794914
6821.23961274
6821.33792719
6821.87169393
6822.81843571
6824.3359045
6825.49310304
6827.55105734
6828.88711903
6830.53613375
6832.30094289
6834.12586561
6835.84859874
6838.74601039
6841.29942602
6844.18312828
6847.15071774
6849.75047484
6851.92491357
6853.81362987
6854.93804995
6855.55286025
6855.09633161
6855.01765078
6854.40699442
6853.58144858
6852.5384066
6851.45297495
6850.45497807
6848.63068959
6847.07064994
6845.96567529
6845.48745698
6845.39411889
6845.84997844
6846.71648514
6847.93216635
6848.83315909
6850.42204629
6851.00186874
6851.65827414
6853.32830247
6853.89639493
6855.94869682
6859.22674415
6862.05964435
6863.76024871
6865.48145547
6867.80169315
6868.90484174
6869.71813487
6869.20860871
6868.80018488
6867.31527152
6865.52198422
6863.39995058
6861.40031864
6859.74737999
6858.92293536
6858.36228653
6856.80380809
6855.70549646
6853.61280522
6850.34600697
6846.62783069
6844.21908492
6839.56626623
6835.48260638
6833.4110333
6829.4435303
6826.15902207
6824.52297794
6821.87489302
6819.3682231
6817.95463754
6815.12175129
6812.66630162
6810.78866713
6808.6774644
6804.30206726
6802.1705409
6800.12431659
6797.59954638
6795.73131401
6794.64759691
6793.40385573
6792.647958
6792.31842409
6792.44103488
6792.1640803
6791.74718133
6791.23812214
6790.78006017
6790.25727766
6788.53075303
6787.15736167
6785.96424135
6783.17362626
6780.9268073
6778.57490632
6776.01704403
6773.7531075
6772.90305623
6772.14264911
6771.32034418
6771.27035756
6769.97306128
6769.05387069
6767.92696242
6766.18532749
6763.67674091
6762.05411344
6761.44022315
6760.44557869
6760.04008212
6760.35413636
6760.87539947
6761.84049245
6763.48694231
6765.25349388
6767.16058228
6768.08246317
6769.86480109
6770.59424884
6771.10858409
6772.29349411
6773.04188549
6774.53716278
6775.80058636
6776.89914193
6777.32764544
6777.0770363
6776.99933123
6776.52482776
6775.73827734
6774.84322278
6773.52073107
6772.12132186
6770.49168289
6769.41616214
6768.77092915
6768.59642205
6768.87859692
6769.83183445
6770.81230953
6772.63826377
6774.58215213
6777.84589068
6781.14068618
6784.27119911
6787.78489165
6791.17910977
6794.24127095
6797.25138946
6800.01141458
6803.02719944
6806.55166016
6809.95057585
6812.27165686
6814.80452584
6817.12545352
6819.72096608
6821.75415708
6822.89959775
6823.35938123
6823.52128016
6822.97022162
6822.53414205
6821.96259263
6821.97881806
6821.82696943
6822.87190717
6823.6857509
6824.77759466
6825.39005617
6825.02488623
6824.97085022
6824.97510173
6824.58804
6824.14933983
6823.98361454
6824.70781412
6826.198359
6828.30927598
6830.06819573
6832.52696994
6834.54221399
6836.89085315
6838.63048778
6840.35255181
6841.91362995
6843.26331739
6844.98697051
6846.96092611
6849.04201979
6851.79920824
6854.69238232
6857.24604189
6860.02370032
6862.42227732
6863.88603767
6865.02100987
6865.26599447
6865.56392781
6865.72341523
6866.0129013
6866.51578535
6867.29038972
6868.11127284
6869.16007179
6869.8551311
6870.78543835
6871.85270001
6872.60249229
6873.30661219
6873.96597274
6873.90777583
6874.35147327
6874.8902094
6876.89672739
6878.56800329
6880.1619017
6882.27382231
6883.98472091
6885.27456659
6886.93025129
6888.50620275
6890.29612369
6891.62695114
6892.98912827
6893.7586378
6893.88927767
6894.4451453
6894.76627376
6894.76177831
6894.89545697
6894.49736918
6893.34543973
6891.74709466
6890.04158364
6887.71432051
6884.8728685
6881.60091965
6878.33750171
6874.18377556
6869.90122863
6865.84383056
6861.33132568
6856.89709739
6852.74256276
6849.21527931
6845.35307439
6841.48794219
6838.04281746
6834.72560047
6832.09905885
6829.19630145
6826.76321055
6824.4543265
6822.56019476
6821.37302655
6819.98600248
6818.6913059
6817.8772252
6817.00432728
6816.06391398
6815.63444168
6814.94159177
6814.76393437
6814.61712482
6814.39588595
6814.58341243
6814.73808379
6813.66476547
6812.92157349
6812.25884657
6811.30487025
6811.0987347
6810.48715834
6810.40221873
6811.02824326
6811.84550214
6812.62333348
6813.29773462
6813.92890975
6814.72977592
6815.33675228
6815.06020892
6814.6986005
6813.84148893
6812.7788412
6811.85420728
6811.17354735
6810.51292529
6809.69139399
6809.0433313
6807.90970425
6806.42218423
6804.67555203
6803.01549733
6800.94899122
6799.27764561
6798.22761303
6797.406479
6796.48376871
6795.67948042
6795.21032968
6794.86338548
6794.69544383
6794.48341192
6794.42966864
6793.69435241
6792.85476961
6791.91316449
6791.59137391
6790.82974709
6790.60110641
6790.67198816
6791.31459358
6792.14778517
6793.03485943
6793.83052621
6794.35604781
6795.69781768
6796.87181317
6798.35837138
6800.43507415
6802.27378292
6803.99170696
6805.7161616
6807.11958535
6809.08660611
6811.57134241
6813.60449159
6815.66024347
6817.31472243
6818.13955039
6818.38643075
6818.75298068
6818.76365825
6819.0251192
6818.94279322
6818.86220967
6819.23217475
6819.43661667
6819.30431104
6819.5880053
6820.15861382
6821.02953932
6822.16420485
6822.68926644
6823.16327506
6823.51980955
6824.25550912
6825.02992532
6826.10843606
6827.22804009
6829.03246495
6830.96889574
6832.4843921
6834.04820933
6835.94402077
6837.67434388
6839.16571118
6841.39937137
6843.71873784
6846.65214097
6849.42501122
6852.62434984
6856.02130705
6858.95543503
6861.93371599
6864.61597331
6867.35424602
6871.18423007
6872.89617412
6874.79041737
6876.35100066
6877.92262394
6879.14599969
6880.08237754
6880.83228133
6880.95789606
6880.55858161
6879.96516129
6878.70505528
6878.00930597
6877.49501952
6877.13401048
6877.27109732
6878.51877637
6879.41870275
6880.83651193
6883.03645973
6884.49798979
6886.27590892
6887.87693732
6889.31657558
6889.80710236
6890.40095479
6890.57085493
6890.4327784
6889.27889046
6888.71841587
6887.41881959
6885.58261992
6882.8371963
6880.96218241
6878.3565429
6874.3828299
6871.20690944
6867.7414123
6862.55983809
6859.33584768
6855.81991089
6851.61674176
6849.12414365
6846.59033376
6843.91430734
6841.85438061
6840.7182166
6839.55649473
6838.61957324
6837.94046059
6836.78920022
6835.98479345
6835.59773172
6834.57653971
6833.32431642
6832.33589589
6830.64019122
6829.25506988
6827.80638496
6827.11251051
6825.5715469
6824.66168175
6823.98272242
6821.82262731
6820.69939904
6818.9051569
6817.16694409
6816.24327198
6815.58359082
6814.57840819
6814.0023424
6813.47760838
6813.80229836
6813.91314431
6813.91314431
6814.10920169
6813.28843706
6812.45215092
6811.40409076
6810.09123813
6809.23649626
6808.43895463
6807.7568241
6807.56658642
6807.36404026
6807.66085147
6807.3702154
6807.03019907
6806.14791299
6804.95636084
6803.75530902
6802.77783787
6801.95850202
6800.96461029
6800.68769057
6799.7020161
6798.90809871
6797.97209722
6796.99078578
6796.16734479
6795.58370294
6794.71769108
6793.82131925
6793.79401201
6793.12101177
6792.57623292
6792.6001529
6791.71371984
6790.79305167
6789.66595523
6788.64280473
6786.79722385
6785.17156457
6783.15487083
6781.4664704
6780.17284017
6779.34093798
6778.29248751
6777.29248336
6776.18290174
6775.5866587
6774.60141635
6773.0681194
6771.61371237
6770.74840445
6770.76081049
6770.94517273
6771.53866972
6773.21218986
6775.29663596
6777.89096367
6780.80318591
6783.08713938
6785.51979119
6787.71343839
6789.76979664
6792.12033853
6794.38104112
6796.23391229
6798.07522076
6799.93800283
6801.59007027
6803.29152493
6804.68780475
6804.94226116
6805.30475474
6806.04376491
6806.29900193
6807.16619167
6808.22126334
6809.26222836
6811.41117197
6813.9337955
6816.45246723
6819.30181589
6821.55372273
6824.26834729
6826.98574578
6828.6691141
6830.12546568
6831.83630851
6833.76223598
6835.23001087
6836.90943435
6838.42002405
6839.35013615
6839.65140797
6839.49328661
6839.60286408
6839.89982863
6840.21018892
6840.60946156
6841.2701115
6841.9070645
6842.62329772
6842.81048269
6843.15433931
6844.33168723
6845.67620315
6846.32444008
6847.36221995
6848.70716103
6850.18895198
6851.96966595
6854.0284148
6856.16659721
6858.11561526
6859.70023004
6860.65518212
6861.12247892
6860.90716429
6860.48965198
6860.25018737
6860.61827064
6862.1070243
6863.91648825
6865.67662073
6867.39241901
6868.98191955
6870.02313547
6869.99679005
6869.0317598
6867.54628189
6865.63897046
6863.54128893
6861.93839962
6861.00472601
6860.79312622
6861.16232464
6861.61531964
6861.40151743
6860.73695749
6859.45212999
6857.25184764
6853.87100435
6850.41604538
6846.82910837
6844.64484934
6842.95547315
6842.19749845
6841.75490223
6842.40496521
6842.85970264
6843.3886812
6843.68513696
6842.75643971
6840.58654521
6837.97284874
6835.57522659
6833.96278881
6832.72092944
6831.46443373
6830.87515341
6830.45785716
6829.81366265
6829.48659601
6828.74639402
6827.37894782
6825.95957045
6824.25311852
6822.46526061
6820.88594279
6818.83132697
6816.4575551
6814.77848708
6813.85246619
6813.34846003
6812.1776009
6810.15857231
6808.32870111
6805.95113773
6803.34434124
6800.74442384
6798.13700009
6794.96640447
6791.88808058
6788.77168127
6785.4903094
6782.18002726
6779.04580645
6776.74097179
6775.61138716
6775.67691618
6775.71223857
6776.30381192
6777.1215308
6778.06515713
6779.97638552
6781.79902915
6783.21825319
6784.55430791
6785.82926634
6786.71756727
6787.52920857
6788.57576329
6789.72862668
6791.11414529
6792.45318304
6793.35769547
6793.36263698
6792.10438491
6790.53678314
6787.93648241
6785.14053551
6781.68358321
6778.14401917
6774.15095832
6771.36723625
6768.67088622
6766.0012998
6763.80503897
6761.37122322
6759.6404401
6758.85000756
6757.72328747
6756.74146724
6756.24717683
6755.67064407
6756.47417963
6757.34789997
6757.2841273
6757.18264862
6757.67429055
6758.49650488
6759.01128618
6759.45142211
6760.40947569
6761.22165367
6762.38210706
6763.5793604
6764.25021397
6764.71040867
6764.80764281
6764.82309461
6764.36145023
6764.51701371
6764.14210711
6763.61797946
6763.21219713
6763.53541651
6764.49679464
6765.63446411
6766.3309522
6767.13864169
6768.18660428
6769.03037586
6769.91303831
6771.038469
6772.90256138
6774.2328452
6776.29837556
6778.0955868
6780.14774232
6782.866249
6785.343005
6787.83564493
6790.31456155
6793.90839159
6795.81274787
6797.77827711
6801.11542741
6803.33597065
6806.39279304
6809.6804237
6814.49232555
6816.90149648
6820.5068056
6823.96009881
6825.71545706
6829.71657487
6831.64627991
6834.255007
6838.14088099
6840.82767558
6842.49482543
6845.14888338
6847.5057189
6848.8404912
6850.39313601
6851.52048337
6851.95322445
6852.51864055
6852.10734521
6851.64096143
6850.96296393
6850.07499057
6849.64878009
6849.71845608
6849.73282758
6849.60868346
6849.48645601
6849.20837235
6849.05332463
6848.90543477
6848.55449694
6847.89389579
6847.64746149
6847.92552424
6848.26641875
6848.84267969
6849.84411262
6850.54010587
6851.47019009
6852.79070937
6855.11156039
6856.23513714
6856.94969067
6855.94211046
6854.92344845
6853.70131331
6851.50492005
6848.97870713
6847.34421027
6843.4257251
6840.82556376
6836.8323426
6833.58955494
6830.33766486
6826.43932209
6822.4265161
6818.33636746
6815.0270332
6809.25253352
6803.57840434
6799.21248598
6795.08985162
6791.88344574
6789.68448763
6787.10775142
6784.97462204
6783.04991427
6781.84598395
6781.16981251
6781.00669389
6780.98814754
6780.91577428
6781.29431905
6781.09254653
6781.64304052
6781.49786885
6780.94332546
6780.69356662
6779.95649403
6778.63898565
6777.76930076
6776.05718247
6774.25985275
6773.27716131
6771.83994154
6771.29046512
6770.55281404
6769.7925254
6769.04738191
6767.94932118
6766.77192448
6765.51459241
6764.43543349
6763.60983189
6762.25832536
6761.25719909
6760.58204522
6759.95386706
6759.88437925
6760.39239995
6761.06518413
6761.48747765
6761.22262943
6761.03772355
6760.91582367
6759.8719732
6758.32330808
6756.78217023
6755.229393
6754.86780548
6754.2715485
6753.25404346
6752.50061997
6752.48493816
6752.28971715
6752.87217414
6753.33816761
6753.6128431
6754.06650022
6753.96362759
6753.55799164
6752.88966806
6752.69075311
6752.48737756
6753.29941614
6754.2806091
6755.34188379
6756.17085872
6757.02617908
6758.12369616
6759.52655537
6761.00886903
6762.81443693
6764.0546375
6764.93350147
6765.76827518
6766.04661672
6766.4329327
6767.32595211
6768.98048682
6770.31484791
6771.79848582
6772.70283795
6773.4617187
6774.41844805
6775.43094189
6776.64244128
6777.21619313
6777.51586192
6777.88563185
6778.46298007
6778.8556524
6779.4473512
6780.32903093
6781.69253926
6783.25400073
6784.82289886
6786.81221566
6789.31818163
6792.22491176
6794.9856896
6799.0238095
6802.68052009
6805.9061205
6809.29037197
6812.32528863
6814.80162645
6818.01371264
6821.03123992
6824.22588794
6828.07993136
6832.20828784
6835.94836288
6840.03785637
6843.74218388
6847.15788258
6850.47327351
6852.87524474
6854.94821176
6856.91052101
6858.198917
6859.58267925
6861.1418686
6863.20463896
6865.13009249
6866.57678407
6867.70185234
6868.2518027
6868.89602509
6869.57046108
6870.48347653
6871.60614722
6872.16723515
6872.85470446
6873.52873621
6874.09724686
6874.71762593
6876.17203993
6878.17777732
6879.13698788
6880.21698316
6881.20047612
6882.15685698
6883.18674716
6884.18461859
6884.93358147
6885.83858875
6886.55384622
6885.55805176
6883.88569555
6882.22557115
6880.01899518
6876.97885125
6874.31187846
6871.02193387
6867.31320152
6863.71532209
6859.26869471
6855.18902849
6850.5440995
6845.09591374
6840.23201102
6835.24334389
6830.05603362
6825.2053106
6820.45182171
6816.04326279
6812.8396866
6809.95830524
6807.15405047
6804.01037179
6802.02338287
6799.8278887
6798.31775203
6797.69342114
6797.49767739
6797.85338946
6798.37004561
6798.75165705
6799.18998085
6799.6572916
6800.55601221
6801.18706189
6801.4910031
6800.67192513
6799.82329567
6798.71331678
6797.22636827
6795.80742999
6795.29006294
6794.42667168
6793.23758681
6791.96022384
6790.00183853
6786.89101497
6783.7144533
6780.32915638
6777.26406793
6774.64052328
6772.20350148
6769.90155226
6768.6048972
6767.7431926
6766.90241102
6766.58020225
6766.14009421
6765.6215423
6765.5180424
6764.93691662
6764.12412531
6763.50917563
6763.29102433
6763.21637895
6763.07161849
6763.11908208
6762.682431
6761.95667718
6762.24124962
6762.12792246
6761.59069876
6761.1084659
6760.38752117
6760.1664426
6760.06677604
6759.98990036
6759.21626477
6759.42981607
6759.39629186
6759.29592832
6759.14684665
6759.25278594
6759.13207091
6759.33509798
6759.95114888
6761.23169002
6762.925255
6764.10102079
6765.00268262
6765.55117631
6766.25970106
6766.78600326
6766.99694789
6767.4435726
6768.32783808
6769.64841312
6770.96678574
6772.58605382
6774.36277417
6776.17723538
6778.37254834
6781.33829083
6783.767639
6786.38045033
6789.43325819
6792.56827354
6795.49272061
6798.23144636
6802.91262471
6805.83974117
6808.70732952
6811.89034512
6815.12460886
6817.95318785
6820.7639314
6822.59048503
6824.31566452
6825.68709042
6826.32669887
6827.7246305
6830.11091993
6831.16146131
6833.25078619
6835.18766304
6837.96392056
6840.10986024
6842.67543797
6845.88369083
6847.66098966
6849.55978412
6851.81065944
6854.05822417
6855.49513031
6857.71683748
6859.05465553
6860.39468995
6862.02361802
6863.22084349
6863.98605969
6865.13989884
6865.76324701
6865.74591339
6865.45593247
6865.21768755
6864.3963305
6863.88070586
6863.85313377
6863.63744277
6863.99369847
6864.35188478
6864.65114933
6866.05120672
6867.6690948
6869.16343815
6872.73063701
6876.0327925
6877.97814449
6880.51371771
6883.80227533
6885.40644706
6886.95500066
6887.9445921
6888.4961873
6889.89899772
6892.04270709
6894.55554518
6896.73809664
6899.16186209
6901.17569826
6902.40034946
6903.497072
6903.8432565
6904.21397431
6904.07116537
6903.68804151
6904.10524715
6904.57228608
6904.61480119
6904.75064044
6904.58950121
6904.44704075
6904.23202581
6902.62918529
6901.07424048
6899.80217448
6897.57878762
6895.18098426
6892.77371606
6891.20932732
6888.64177019
6886.24984228
6882.94318437
6880.63698365
6878.86729572
6875.48358789
6872.50250512
6870.06765088
6868.4206992
6866.1894784
6864.3192736
6862.60052017
6860.61979003
6858.65907684
6856.57372468
6854.32953329
6852.54475598
6851.25987969
6850.56658372
6850.41412175
6850.55104131
6850.52199861
6849.37255037
6848.48594307
6847.21016223
6845.05949014
6842.81186269
6839.74393757
6836.95896096
6834.78624374
6833.22175046
6832.51018693
6831.74455951
6831.37198776
6830.80660651
6828.82044001
6825.94675319
6821.97397413
6817.91696637
6813.59377221
6810.27905734
6807.56204915
6805.66801498
6804.61736209
6804.46289285
6804.40022837
6804.82471037
6805.51850816
6805.98800739
6806.58315619
6806.9933782
6807.08927417
6807.10680294
6806.59082982
6806.9731661
6807.67614994
6808.7088977
6810.18256198
6811.38502866
6811.58678724
6811.74231588
6811.01658297
6809.76965664
6808.74772584
6808.0936971
6807.30496516
6806.94153765
6806.57104287
6805.13463855
6803.1113933
6801.30740055
6799.31323982
6798.3772453
6797.92484969
6798.39829377
6799.44028333
6799.94470767
6800.72276902
6801.3975744
6801.62604084
6802.32128833
6802.85380749
6802.93925589
6803.01932369
6802.66733344
6801.76425676
6800.54924465
6800.33087729
6800.23772738
6800.29223733
6800.71208448
6800.64126546
6800.49205137
6799.9367692
6799.5422499
6799.38934884
6799.23499808
6799.5961256
6800.40226782
6801.7059344
6802.78979786
6804.79635767
6807.54712704
6810.36140423
6813.51290986
6816.94723855
6819.94268586
6823.09476301
6826.15285389
6828.91876143
6831.40238955
6833.93810914
6836.25852803
6838.92965475
6841.47050403
6843.92222491
6846.50611202
6848.69989862
6850.83846436
6852.93866195
6854.81355735
6856.08570699
6857.59357154
6858.80087518
6860.17136714
6861.57026756
6862.70137158
6863.99752483
6864.67594052
6865.88001022
6866.58847224
6866.74867057
6867.22201009
6867.8469125
6868.37171622
6867.98826478
6867.7742256
6867.33701695
6866.80705566
6866.26805468
6865.81728998
6865.981238
6865.68394587
6865.78016941
6866.43003028
6867.33736543
6868.23025242
6869.11000851
6869.64065283
6870.31441276
6871.0543499
6871.87349059
6873.24244923
6875.37033043
6878.16933006
6881.57745968
6884.64668115
6887.88185095
6891.16646373
6894.08873626
6896.0236825
6897.68195994
6898.96008957
6900.01438063
6900.59207036
6900.89617187
6901.01522812
6901.03626264
6901.03626264
6900.91181883
6900.7138866
6899.95056615
6899.00394286
6896.84637774
6893.61525037
6890.17430047
6885.81193666
6880.85062556
6876.35684126
6871.8478282
6867.28244428
6863.69661544
6859.02312466
6856.55646773
6854.0234036
6852.45618516
6851.135868
6850.51662498
6849.37551946
6848.25503724
6847.63569665
6846.69401486
6846.18226538
6845.88332143
6846.56607923
6847.59647123
6848.76944218
6850.63690789
6852.28624321
6853.39425665
6854.37321931
6855.83981632
6857.13593473
6858.02164293
6857.93202666
6857.33946361
6856.60457253
6855.86328327
6855.68837193
6855.09544646
6854.74275227
6854.42164471
6854.41217987
6854.86647124
6854.60871119
6854.30049059
6853.48223505
6852.75791698
6852.23058327
6851.18851704
6850.31353518
6849.03850707
6847.71909596
6846.66884034
6846.23902653
6845.83925905
6845.03899228
6844.50089039
6843.98345364
6842.91069986
6842.2361872
6841.16955978
6838.96939592
6837.41982474
6836.51629504
6835.58929142
6834.79178465
6834.4740086
6834.16254709
6833.84265226
6833.6141231
6833.25464043
6832.98896281
6832.7680794
6832.46335061
6832.16368879
6831.98830351
6832.19664148
6833.21528956
6834.55841155
6835.71816099
6838.64785624
6840.21016105
6842.14993032
6843.89775433
6844.88024365
6845.10633342
6845.33815925
6844.81918219
6845.08755708
6845.33329441
6845.71253615
6846.29774617
6846.92132433
6847.24962461
6847.60926062
6847.25688703
6846.8689959
6846.50358899
6845.99870465
6845.91597443
6846.10167485
6846.72489059
6847.61273849
6849.31542679
6851.78064099
6854.66805113
6857.96842935
6859.76609361
6863.62479278
6866.94723704
6869.88116986
6872.90069745
6875.71283494
6878.33032989
6880.97485331
6883.09034241
6885.16993063
6887.54044765
6889.28963075
6890.91715791
6893.13815418
6894.64700146
6896.58397588
6898.30996385
6900.55520767
6903.06927243
6905.48956698
6908.02569778
6910.20386529
6911.94203628
6913.43759236
6914.73743955
6916.24965319
6917.74367594
6919.99558277
6921.98870502
6923.63459732
6925.19218364
6926.31834615
6926.87564256
6927.31598758
6927.25339976
6927.04472724
6926.42365816
6925.89152233
6925.09147162
6924.54567519
6923.89393948
6923.31510673
6922.92954348
6923.17299475
6923.49464594
6924.09125141
6924.51012978
6925.50310151
6926.55308531
6928.61311658
6931.11188984
6934.56906517
6937.5316016
6939.31472709
6941.21083126
6942.36912404
6942.56462384
6942.35169981
6941.54537638
6941.46020676
6941.25118576
6940.86778311
6940.13087779
6938.90037902
6937.36161086
6934.73166804
6930.65314484
6926.73004574
6921.69772047
6915.98877769
6911.0445493
6906.65259915
6903.02522399
6899.72808668
6896.39230941
6892.88194837
6888.78202126
6884.90422514
6881.12337044
6876.96576914
6872.80005512
6869.33473919
6866.55413955
6864.72840835
6863.36402183
6862.64596255
6862.15451577
6861.7789819
6860.85689888
6859.79211843
6858.08174954
6855.90659292
6853.80777533
6851.65076082
6849.71863729
6848.35473866
6846.88450346
6845.19636788
6843.71038118
6842.23204024
6840.29365793
6837.81023193
6835.14502247
6832.50486208
6829.592605
6826.90389375
6824.22120431
6821.46107464
6818.51951001
6815.91780837
6813.95156821
6812.55643143
6811.3567805
6810.72266417
6810.03403789
6808.91688022
6808.19869548
6807.36962298
6806.0252325
6804.30280604
6803.05410244
6801.20718338
6799.26760229
6797.40743385
6795.12096432
6792.64460558
6790.79369986
6789.64684434
6788.53666332
6787.53531402
6786.50439233
6785.50522454
6784.08664171
6783.01600672
6782.61063561
6782.45836183
6783.15324689
6784.25709942
6786.09522971
6787.97643964
6790.13245052
6792.01718015
6794.28543788
6796.63862825
6798.60035205
6800.01737366
6800.76379958
6800.74387324
6800.97680028
6800.3916042
6800.36756574
6800.63052517
6800.85850373
6801.22152003
6801.64163204
6801.52053367
6801.17316432
6800.05167848
6798.98845227
6798.14436705
6797.15732652
6795.98002043
6795.36969861
6795.21713907
6796.32875584
6798.04170352
6799.69073217
6801.26922059
6802.54916931
6803.67257183
6804.90422756
6805.86758508
6806.26784044
6806.0894582
6806.00177253
6805.79482849
6806.55331894
6807.60738698
6808.84883513
6810.15261322
6811.64800203
6813.52721864
6815.06098256
6816.33753007
6817.91866
6819.29869347
6821.56680484
6824.37132446
6827.11420414
6829.51773659
6831.82866276
6833.3902009
6834.86336336
6837.05207602
6838.94821503
6840.85231343
6842.47847453
6844.41312805
6845.89837596
6847.46203985
6848.88869358
6850.0416197
6850.72434962
6850.54239193
6850.11833508
6849.52196658
6848.99348287
6848.69453892
6849.15809998
6849.83257082
6850.82920861
6852.10002006
6853.14917447
6854.21267947
6855.25961054
6856.73826512
6858.33981625
6860.26879644
6862.55134901
6864.67244173
6867.10736566
6870.00264459
6873.22791045
6876.43472755
6879.68060279
6882.58878261
6885.81369302
6888.5955263
6891.14664193
6893.10663027
6894.78475738
6896.21095111
6897.03083756
6897.36819146
6896.59090376
6894.96359266
6893.14428054
6891.2149658
6889.56315624
6887.96734814
6885.98822102
6883.56140982
6881.08661926
6878.09513074
6875.11273766
6871.21831186
6867.39587598
6865.33882773
6862.4516685
6858.43772645
6856.01246252
6852.98820948
6850.18411501
6847.40125719
6846.48371841
6845.30589656
6843.08535332
6841.38787138
6838.72135162
6837.21283192
6835.62806381
6833.77833596
6831.63883628
6830.08699996
6828.30846052
6825.39054405
6824.17344102
6822.71424581
6821.21489822
6820.51723225
6819.49214419
6817.7992483
6815.94567319
6813.71503087
6810.63488789
6808.74005918
6806.45329692
6802.75891516
6800.49304804
6797.70169416
6794.44767135
6790.99743086
6789.32292102
6786.03963946
6783.20736653
6781.67474564
6780.05423696
6778.51283426
6777.86866066
6777.43540382
6777.01596788
6776.98843063
6777.36581844
6777.57668641
6777.85886128
6777.80018346
6778.36060229
6779.04586918
6779.36963219
6780.78760168
6781.78950856
6782.25739082
6783.65804063
6784.14330529
6784.22016007
6783.14154478
6781.9748814
6780.00222216
6777.97616813
6776.69459547
6776.15963691
6774.33578753
6772.4252561
6771.50267127
6769.55228019
6768.39890104
6767.27318459
6766.3818379
6765.85058722
6765.62117988
6765.78718395
6766.58380558
6767.12033929
6768.38792378
6769.54806353
6770.88505916
6771.89745542
6772.69806371
6772.66371011
6772.45734456
6773.09991513
6773.37022061
6774.11006018
6774.89149485
6775.01631503
6775.59319627
6776.71088364
6777.83953433
6778.68697196
6779.58808318
6779.9119368
6780.71211994
6781.68697048
6783.42148935
6785.75411914
6788.51641638
6792.24187598
6795.88384567
6799.7506506
6803.4196139
6806.74154936
6809.73553304
6812.86265173
6815.66972225
6817.31528697
6818.52744849
6819.37779248
6820.05309272
6820.96710483
6822.0920825
6823.72106632
6824.70237777
6825.52457816
6825.58927082
6824.59804848
6823.25446649
6821.98345291
6820.94181183
6819.7618224
6818.76685734
6818.43038161
6818.8384012
6820.18404622
6822.16083152
6824.45210317
6826.67295307
6829.45107847
6831.90600541
6833.54469104
6834.23204884
6834.39980928
6834.58176698
6835.31512473
6836.61523676
6837.69500901
6837.95048997
6838.76296067
6839.48587086
6839.87429168
6839.94871403
6839.40631882
6838.59283054
6837.04512724
6835.02443987
6833.82320683
6832.80572966
6832.0537489
6831.61572479
6831.94094447
6832.76047546
6834.47301193
6835.74549612
6838.17315066
6841.1947343
6843.9168234
6846.24436531
6849.10875457
6851.24190486
6852.68163373
6853.72447359
6854.37335173
6855.37921739
6856.22697563
6856.83427957
6856.47277569
6855.86207751
6854.73949046
6852.71338066
6849.8859447
6846.011961
6841.7127356
6837.54895219
6833.65182215
6829.66920886
6826.24481895
6822.89439139
6819.828599
6817.14617441
6814.96067478
6813.130936
6811.49250825
6809.79580691
6808.81229305
6808.36138198
6808.23179454
6808.70836103
6809.60137347
6810.5321686
6811.33129932
6812.29521441
6812.7904318
6813.52795045
6813.927014
6813.93502217
6813.99208302
6814.20647766
6813.75481386
6813.26937496
6812.2811914
6811.28112452
6810.53020315
6808.55638694
6806.72082847
6805.21934119
6803.60279826
6802.14333123
6801.44170648
6801.25808303
6801.07804897
6801.98394139
6802.29960562
6802.653178
6802.8209454
6802.35547466
6801.56635939
6800.67964755
6799.37708915
6798.24870331
6797.2888376
6796.15900904
6795.76520064
6795.44395369
6793.98675181
6792.18926179
6790.2559813
6787.99553659
6785.67774527
6783.06603516
6780.62277548
6778.65696048
6777.4446526
6776.0790673
6774.86659215
6773.86032224
6772.75239941
6771.76908767
6771.37559988
6771.07637018
6771.03287931
6771.2798921
6771.65216415
6772.82121116
6774.68037597
6776.69265093
6778.4130283
6780.02992668
6781.59083754
6782.42196611
6783.35976577
6784.46325588
6785.89159627
6787.2348716
6789.27545743
6791.34734415
6793.41831087
6794.90123787
6795.35766893
6795.36686892
6795.03638713
6795.17000306
6795.77276973
6796.03925582
6797.21109071
6798.5046373
6801.08138048
6804.34486115
6807.35953784
6810.35669272
6812.62773832
6814.90479181
6817.3977384
6819.55763836
6822.33820316
6824.58342607
6827.90334032
6831.79481795
6834.98732627
6838.32714596
6840.52023558
6841.98076897
6842.73871579
6843.2458374
6843.86146315
6844.2228137
6844.34984327
6844.52172976
6844.92803481
6845.58689355
6846.82695473
6848.66333562
6850.79337046
6853.41257299
6855.84767813
6858.13663585
6859.99862338
6862.3843413
6865.06707952
6867.41603929
6870.68099057
6873.66878516
6877.02073908
6880.4210278
6883.5267844
6884.98182567
6886.40425576
6887.50951617
6888.3539429
6889.20133872
6889.72489486
6890.10208752
6890.1454599
6889.80705357
6888.93172323
6888.15726522
6887.6343712
6887.71749172
6887.97562116
6888.34907806
6889.36109099
6890.56119494
6892.4217955
6894.83980399
6896.1745972
6898.14319311
6900.67434755
6904.97025538
6907.68968902
6912.1799815
6914.53239127
6916.68470124
6918.53264484
6920.4895944
6921.01622418
6920.77193654
6919.8128375
6918.65705381
6916.64838915
6913.89564039
6912.52714176
6910.85978282
6908.99483317
6905.85185146
6902.73114489
6899.80742266
6897.94448725
6894.70544231
6891.00443237
6885.89454839
6881.12725255
6876.74179815
6873.86268891
6870.20955377
6865.37472164
6861.37490715
6858.90164993
6857.45507683
6855.81564544
6854.14207651
6851.72992256
6849.27306501
6846.57292347
6843.87727738
6840.53046709
6837.23797856
6834.01432967
6832.19878815
6831.49135764
6830.82269255
6829.83074536
6828.55927876
6826.60278223
6824.59376212
6822.56789626
6821.11599135
6819.45420816
6818.55911876
6817.01239818
6815.90909626
6814.99603202
6814.56034973
6814.00462846
6813.83423348
6814.70485231
6816.20841656
6817.3392627
6818.0919265
6819.1086579
6819.11549517
6818.41319436
6817.53663039
6816.44595057
6815.4993203
6813.9217937
6813.25876012
6812.60202017
6812.02910468
6811.71546863
6811.1946237
6810.45221232
6810.09719722
6809.00104619
6808.21018153
6806.66355156
6805.95718045
6804.02592117
6803.21513713
6802.04201285
6800.65798575
6799.32726284
6798.44514402
6797.30959334
6797.23489917
6797.88144246
6798.59353569
6798.93093142
6799.45583271
6799.98240673
6799.79846267
6799.33883949
6798.68727802
6797.77308469
6797.87836186
6797.48164014
6797.57437883
6799.39708519
6801.12804255
6802.40226916
6802.62289469
6802.90265805
6802.77207394
6803.80760957
6804.20316736
6804.04784781
6803.78333414
6804.06999749
6804.6323539
6804.83616157
6805.33540047
6805.90951474
6807.68314751
6809.75794059
6811.93230963
6814.05472659
6816.1536348
6817.22333585
6817.10051597
6816.39539244
6815.44926399
6814.58662546
6814.41398624
6814.50961038
6814.44375378
6814.64779843
6815.27672931
6816.19490233
6817.28096822
6818.72091314
6820.60822156
6822.40435249
6823.85352528
6825.24820207
6826.31351221
6827.08226902
6827.28963124
6827.5738552
6827.91355789
6828.50675517
6829.31417982
6830.78825532
6832.90154199
6834.22234006
6835.72306068
6837.09765082
6838.67671773
6839.62989253
6840.62374245
6841.3325181
6841.45494768
6841.95410991
6842.38178403
6843.57312011
6844.30336938
6844.90913998
6845.27350144
6845.86923569
6846.29634526
6846.63512795
6847.30083789
6847.74340624
6848.94107777
6849.94042677
6850.84848677
6852.15718546
6853.65901426
6855.38492557
6858.05757865
6861.42851104
6864.72822016
6867.94476695
6870.78193956
6873.14041296
6875.23171027
6877.33168483
6879.22008052
6881.28083664
6883.09809967
6884.76893649
6886.00008344
6887.3147203
6887.50833132
6887.94899694
6888.17491944
6888.02913444
6887.76759682
6887.39738083
6886.85774561
6886.19588991
6884.84623035
6883.41211906
6881.69452956
6879.92383103
6877.99190963
6875.67629285
6872.71691369
6869.70165852
6867.08112478
6864.53191187
6862.4183255
6860.03260759
6857.97739934
6856.18687901
6854.19338737
6852.55475749
6850.81151953
6848.88297146
6846.83588987
6845.67298316
6843.82970227
6841.73243195
6839.64719827
6836.80534203
6834.4115323
6831.57109787
6829.49877903
6826.97658064
6825.41709857
6823.76103052
6822.38770887
6821.24139698
6819.98256642
6819.09621004
6818.25916421
6817.79121922
6817.50899556
6817.65685754
6817.72302081
6817.96668814
6817.3988884
6816.94638128
6816.21593686
6816.00576586
6815.6878992
6815.91621928
6816.79794779
6817.81652617
6818.98038076
6820.97504331
6822.41443763
6823.42853449
6824.74283682
6826.58531619
6828.46474188
6830.22171709
6831.66347414
6832.71425248
6833.16960324
6833.44963144
6833.48302323
6833.05127881
6833.16149052
6832.60491895
6832.54582295
6832.54582295
6832.54582295
6831.80824854
6830.70288358
6829.49601206
6827.85809309
6826.37607912
6825.3854492
6824.57180062
6823.73973115
6823.14220569
6822.66740253
6822.36764313
6822.02099863
6821.87150575
6821.19932097
6820.82449801
6820.05653574
6819.15576604
6818.46493037
6817.60925456
6816.75725874
6815.76398731
6815.19900333
6815.23077815
6815.67350679
6816.20299414
6817.0138897
6818.02420202
6818.96460835
6819.41425093
6819.68400581
6819.76206634
6819.50120478
6819.6045862
6819.61444831
6819.61444831
6819.53439445
6819.71904245
6820.13870839
6820.6926942
6821.35429899
6821.57027575
6821.57027575
6820.23484829
6819.35689735
6818.7883658
6818.57206844
6818.1508831
6817.51489889
6816.33717462
6815.02444047
6814.35951114
6813.18409383
6811.94263174
6810.88356643
6809.81966416
6809.12788758
6808.57001269
6809.00630831
6809.22138597
6809.40042337
6809.27435562
6809.74497697
6810.74455597
6812.78279999
6815.5232821
6817.78946983
6820.89192976
6823.29069493
6825.36704225
6828.14241463
6830.51403286
6832.68685463
6834.41857169
6836.69701213
6837.81330556
6839.53231687
6841.21824307
6842.66423768
6843.46292234
6844.80601645
6846.07039488
6847.98985448
6850.25130979
6851.94208689
6854.12640167
6856.09057183
6858.32225263
6860.50755014
6862.69536371
6864.70492049
6867.0920881
6870.45670595
6873.34254094
6876.40169819
6878.45880916
6881.54249971
6884.48304677
6886.99240002
6888.99945468
6890.52550315
6891.64834112
6892.24509992
6892.97980979
6892.89698896
6893.53316833
6893.73752661
6893.49154534
6892.49635724
6890.95880181
6889.5945059
6888.19575882
6886.53391987
6884.63771813
6882.6904425
6880.83270648
6879.4677833
6878.12841798
6876.01725009
6873.76501567
6871.48679128
6870.45931958
6870.10108449
6869.51820234
6868.4183992
6867.50481224
6865.41407948
6864.07665172
6860.94403395
6859.15621089
6856.6721158
6854.11906956
6850.28675067
6847.78826316
6843.80788017
6841.34653415
6837.86718127
6834.27349062
6829.97979218
6826.94420643
6823.54388983
6821.90885632
6820.08482572
6818.29371296
6815.99315072
6814.35716932
6812.51963146
6811.38817896
6810.39660813
6809.78437662
6809.37154794
6808.81762486
6808.17453157
6807.44587836
6806.70748152
6805.81345847
6804.25902942
6803.08273393
6802.70418219
6802.18772816
6801.79550885
6801.2786227
6800.55400494
6799.60682407
6798.11314981
6797.31842394
6796.16112782
6795.32789441
6794.4045917
6794.09068383
6794.09068383
6794.0268345
6793.86409224
6794.07496718
6795.03628258
6796.14265117
6797.58284701
6798.60945446
6800.21012741
6802.31198379
6804.82715673
6807.42703231
6809.07104976
6810.16044716
6811.64367385
6812.35464496
6813.26984889
6814.07017143
6814.73257077
6815.08129223
6815.26153539
6815.03274137
6814.57498607
6813.85444558
6813.25804921
6813.17001506
6812.86289567
6812.64488376
6812.50989481
6812.82465995
6813.1370763
6813.46782991
6814.28936121
6814.83143582
6816.38381578
6818.46942582
6820.88601249
6822.51731722
6826.04796703
6827.49714679
6831.27872634
6834.27950546
6837.07871418
6840.13286021
6843.54034165
6845.36604498
6848.78485217
6851.28255906
6852.77225363
6853.64454519
6854.19566645
6854.66093508
6854.92834815
6855.08159769
6855.26024478
6856.11352999
6857.17750893
6857.55583764
6858.67400591
6859.52188961
6860.3592212
6861.41831438
6862.69006675
6863.76397749
6864.75847559
6866.1582054
6867.25483733
6869.30684649
6871.67914776
6874.40158534
6876.91815222
6879.57377138
6882.1746715
6885.28855475
6888.20321639
6891.03518264
6893.76129325
6895.87365296
6897.71726839
6899.33215253
6899.96614341
6900.79656106
6901.45576828
6902.45411365
6903.95665336
6905.80341212
6907.73645564
6909.38276611
6910.78095563
6912.28710563
6913.65204972
6915.15359974
6917.09291598
6918.86579603
6920.51287317
6921.76560525
6923.33713095
6925.27358962
6926.99649699
6928.37015319
6930.27838461
6932.24871598
6934.13715348
6936.3086998
6938.14493432
6938.54673695
6938.36873107
6937.91507395
6936.95416279
6935.70693676
6934.79516191
6933.86422042
6933.53755105
6933.53755105
6933.59923281
6933.62230248
6932.83974569
6932.15197668
6930.676563
6929.84229111
6928.74205585
6927.51978131
6926.46979751
6924.78543253
6922.31774409
6919.93146163
6917.64930633
6915.61687503
6913.91891915
6911.8720606
6909.70190822
6907.09106235
6903.91288371
6900.31327579
6896.99463699
6893.0937224
6888.96659956
6885.34887045
6881.99525774
6879.12224001
6876.92257797
6874.22194158
6871.34087385
6869.01306709
6866.86884196
6865.17126942
6864.48456677
6864.13739954
6863.67436819
6863.6812403
6863.11638178
6863.06139789
6862.76837818
6862.43303155
6862.18215756
6861.9126954
6861.0098557
6859.99646277
6859.29052378
6857.7345614
6855.93701562
6853.98718212
6851.35137778
6849.14011818
6847.33578392
6845.02597987
6842.49426088
6840.20142802
6836.52716079
6832.98142858
6829.92843951
6827.18856376
6824.82116916
6822.32909377
6820.25237009
6818.31100476
6816.76328752
6816.07548366
6815.9427738
6815.70892676
6815.50674302
6815.08249102
6813.69732089
6812.55677991
6810.82983012
6809.26657744
6807.54473644
6805.63513198
6803.65645093
6802.31564985
6801.03879567
6799.97556249
6798.78371762
6797.253104
6795.7237519
6794.39379565
6792.97255737
6791.29684875
6790.23142011
6788.96067836
6788.05585926
6787.32652999
6786.89255527
6787.44836714
6788.24152483
6789.36152614
6790.84547768
6792.56791808
6794.5495961
6796.80164233
6799.12389425
6801.5763818
6804.1590074
6806.34466734
6808.40179225
6811.45046708
6814.70121413
6817.15133198
6819.32112193
6821.05849838
6821.76641676
6822.72610823
6823.2366659
6823.64973155
6823.63786913
6823.47930869
6823.29285554
6823.21239047
6823.32189127
6823.5087626
6824.01081027
6824.88038365
6825.66468983
6826.40489879
6827.34969603
6828.05869471
6829.3957461
6830.45004414
6831.6598499
6833.12058541
6834.67058871
6836.84514593
6838.94574776
6841.11936408
6843.24403225
6845.14611641
6846.83977199
6848.32489445
6849.55730291
6851.1468592
6852.82141086
6854.74134439
6856.32129645
6858.00709719
6859.81336205
6861.96038899
6863.56506254
6864.36287598
6865.03350652
6864.89966757
6865.30908807
6865.40379222
6865.85597873
6865.7743776
6865.93539835
6865.6698671
6866.2026302
6866.82645231
6867.70753961
6869.32899617
6870.87187644
6872.03581467
6873.42058753
6874.10554079
6874.54707065
6874.45113983
6874.405802
6874.00934512
6873.91795855
6873.26438981
6873.05039245
6873.04486548
6873.11484814
6872.25353385
6870.99931026
6869.17120936
6867.1212911
6864.79997312
6862.5454875
6860.48020805
6858.79145216
6856.90042193
6855.26342296
6853.47186415
6851.39535653
6848.68322015
6845.24622207
6841.20538399
6836.99534971
6833.04747336
6828.85668937
6824.47994011
6820.40251813
6816.4580151
6812.78367817
6809.63466768
6807.27790883
6805.55741994
6804.91579028
6804.51004281
6803.49257261
6801.97646989
6800.27223432
6798.57536571
6796.20421445
6793.72313723
6791.6871723
6790.39778662
6789.35374099
6789.07537854
6788.42166344
6787.1265417
6785.28127446
6783.09567725
6779.95244464
6776.79847173
6773.22700742
6767.62098606
6764.37391203
6758.92632566
6752.51637147
6746.07909609
6739.38045733
6729.47415814
6722.75684062
6718.07516045
6711.55934364
6704.5490761
6697.70491719
6689.5028466
6683.66064335
6679.71733911
6675.53990905
6671.5413979
6667.81936738
6663.92457218
6661.64004719
6660.37127785
6659.04195585
6658.4743443
6658.99854165
6661.15370222
6663.22822348
6665.14872853
6668.07712045
6671.39217683
6674.83528036
6680.35617393
6684.92173906
6687.83987857
6691.20436399
6694.88616546
6700.71895963
6705.73344946
6708.47421036
6712.82865661
6717.29748244
6722.74889517
6727.30316941
6731.43912285
6734.23815035
6737.75164078
6740.92995881
6744.19874342
6746.96034369
6749.11307184
6750.60117035
6751.92896599
6753.35607972
6754.89575394
6756.20424354
6757.15936985
6757.91655698
6759.26519199
6759.70030974
6761.47667463
6763.19763048
6764.52778188
6765.44145945
6766.90721314
6767.20431708
6767.38697175
6766.98575457
6766.25339349
6765.57537507
6764.85711367
6764.66019902
6764.34584509
6763.88498828
6764.342876
6764.64239146
6765.35362045
6765.96707862
6766.19776839
6766.61157283
6767.00427304
6767.64960361
6768.84580453
6770.7824235
6773.34937427
6775.91580231
6778.9517923
6782.03880043
6784.07929566
6787.18857892
6793.32422702
6799.26227745
6804.11334199
6809.05523553
6812.42790337
6816.49683627
6821.29061693
6825.50983029
6828.84650665
6832.93902498
6835.52299573
6840.06543543
6842.31686136
6843.99186605
6844.99594747
6845.86809963
6846.57987922
6846.51079565
6846.37443367
6845.62995926
6844.60737331
6843.29169796
6842.28194322
6840.10105055
6838.5704439
6837.58639337
6837.3228903
6837.37413843
6837.32630544
6838.42855495
6839.57495744
6840.23153708
6841.25118182
6842.32106409
6843.09481816
6843.34237458
6843.22450318
6842.9689595
6842.28185261
6841.99117472
6841.83376427
6841.17480099
6839.67704249
6838.04247594
6836.2010699
6834.07868778
6831.53869578
6829.39633853
6827.01172182
6823.95732487
6821.16317615
6818.56086815
6816.162326
6813.82865773
6811.6934932
6810.01597942
6808.44066221
6807.67761358
6806.79970446
6806.43669512
6805.97608922
6805.25408509
6804.90362817
6804.70219716
6804.42294259
6804.71541866
6804.79003616
6804.8103319
6804.72781077
6803.49187564
6802.23390932
6800.83896072
6798.72516526
6796.25614561
6794.03578358
6792.23931114
6790.60581095
6789.25778927
6787.60532456
6785.79152546
6784.49295373
6782.71076915
6781.73732649
6781.33332841
6781.52470912
6781.80489763
6781.58535937
6780.8593407
6780.27708583
6779.54361656
6778.55022664
6777.37326206
6776.4790369
6775.35391984
6774.73449561
6774.15554437
6773.46297325
6772.28825291
6770.86354373
6769.34138434
6768.16159703
6766.80351809
6765.40616494
6764.34047843
6762.49153119
6760.69397844
6759.04801645
6757.66746025
6757.16599106
6757.24098492
6757.67122389
6758.31494446
6759.4223585
6760.69216632
6761.49939582
6761.66478656
6761.19203249
6761.12839922
6760.78493289
6760.31566367
6760.21083953
6759.39245853
6758.86819845
6759.03379828
6759.35077978
6759.6810037
6760.07367603
6760.67725118
6761.10316894
6760.77496624
6759.96460038
6758.91259537
6757.71011476
6756.50721596
6755.7891288
6755.61697746
6756.32677069
6757.56277551
6759.31230709
6760.63522395
6762.94727922
6765.51242483
6768.71416103
6772.18791725
6775.6101814
6778.77561945
6781.86462788
6785.28237567
6788.17111702
6791.72438347
6795.46574791
6799.55788988
6803.65180912
6808.38335045
6812.67263707
6816.08241154
6819.1744936
6821.34251325
6823.53903893
6825.33602713
6826.59394466
6827.61121274
6828.71889163
6829.20452569
6828.97892379
6828.67834197
6828.94955352
6829.85049747
6830.93538547
6832.29344351
6833.38262484
6834.44148803
6835.06758922
6835.98245164
6836.85562834
6838.2547727
6839.85043444
6841.86051394
6844.49120949
6846.71737727
6849.0647828
6850.67926967
6851.57805301
6852.35642799
6852.29391684
6852.47640423
6853.32458066
6853.71868178
6853.79559928
6853.7447763
6853.65005124
6853.39063241
6853.09198119
6852.56434778
6852.22215691
6852.25805779
6852.69126584
6853.09329847
6853.86483618
6853.82469076
6853.8810198
6853.68618908
6852.99342978
6853.09437877
6853.13599479
6853.54602165
6854.46244528
6855.83564148
6857.26216278
6858.59517872
6859.8748138
6860.10921842
6860.50076166
6861.05881777
6861.46496252
6860.89087612
6860.19836772
6859.44941181
6858.26390239
6857.02635726
6855.21917937
6854.20408584
6853.09995452
6852.79924724
6852.99096948
6853.4165736
6854.72688926
6855.79575394
6856.70076819
6856.12473725
6855.00216413
6853.85753194
6852.89014594
6852.42090459
6852.06303889
6851.35517626
6851.34966324
6850.83088133
6850.24612434
6848.79297883
6847.40680506
6845.56878629
6842.5235057
6838.97221865
6835.6688574
6832.36580283
6829.46995936
6825.08912586
6820.30907549
6816.3117701
6812.58979533
6809.5997565
6807.58227519
6805.63169593
6803.56827738
6801.92468509
6799.89577348
6797.78146923
6795.68888254
6793.17796808
6790.4217972
6788.79696034
6787.50542102
6786.89541981
6787.38573751
6787.45383835
6786.98488276
6786.32833796
6785.9003502
6785.95448379
6786.23468623
6786.20219354
6786.04362612
6785.32440987
6785.24211177
6784.83731218
6784.57859728
6784.86463336
6785.52844058
6786.27791922
6787.25988581
6788.37038743
6789.3260086
6790.63001669
6792.3347471
6793.41058148
6794.65425296
6797.01634363
6797.87772762
6799.81162144
6801.7815625
6803.54776559
6805.11027948
6806.54795228
6806.61281919
6806.41363242
6806.00067132
6805.60747625
6805.26901417
6803.64114549
6802.7357967
6802.62200257
6802.59860532
6802.75352062
6802.89221745
6803.62836308
6803.71083542
6804.69496959
6805.5497951
6806.60066405
6807.36574086
6808.86709572
6809.30720377
6810.68900057
6812.30325744
6813.89133615
6816.24017047
6818.38328742
6818.83566212
6820.40469267
6822.15880334
6823.84064529
6825.95056561
6828.07229955
6829.87997925
6831.2442891
6833.16461294
6835.14783126
6837.96542602
6840.47157321
6843.18803079
6844.92489845
6847.37913539
6849.29462226
6851.97772988
6853.8685789
6855.59448324
6856.88919376
6858.93214929
6861.11039348
6864.51732431
6867.70352507
6870.61590761
6872.84847356
6875.62386684
6878.13091312
6883.46302567
6887.28304306
6889.95090797
6891.65473233
6893.8300353
6896.49655506
6897.31302637
6898.33254565
6898.64522685
6899.41869517
6900.24536313
6900.35496151
6900.22790406
6900.18547259
6899.6986258
6899.10049397
6898.48021944
6897.01450757
6895.99187284
6895.31667715
6894.92453451
6894.20295554
6892.89098109
6891.46367919
6890.7109666
6889.54334141
6888.38679802
6887.58184064
6887.11980595
6886.75048905
6886.35251975
6885.57468841
6885.38313345
6885.57725325
6887.02580574
6888.50430699
6889.89726924
6891.70600834
6893.93158369
6896.31910675
6898.86714178
6901.08284805
6902.94827861
6904.8234737
6906.37611155
6908.22907333
6910.1767532
6912.24605416
6913.51349229
6914.6958305
6915.8311233
6916.16915327
6916.70902546
6917.53604887
6918.59481448
6918.90287478
6918.90287478
6919.03550798
6919.36963492
6918.98929893
6918.12972706
6916.5438438
6914.1404159
6911.22513397
6908.00994628
6904.45115286
6900.48949743
6897.59063609
6894.83686975
6892.00409501
6890.00305519
6887.9389118
6885.75898792
6883.7900505
6881.53490275
6879.48547238
6877.87345975
6876.69016669
6875.53140694
6874.42275926
6873.28554979
6872.12743822
6870.40435661
6868.89509812
6867.14091078
6866.06515307
6865.18925122
6864.19683009
6863.25802679
6861.83132427
6859.53336172
6857.78508468
6856.30047102
6855.29655687
6854.94643449
6854.80011979
6855.02709471
6855.01472351
6855.31530533
6855.43246582
6854.96511326
6853.9946815
6852.8864311
6851.61529206
6850.83785799
6850.16869806
6850.07347815
6850.32212184
6850.20534469
6850.39485753
6850.91202943
6851.58245785
6852.32169802
6853.05754396
6853.44606235
6853.71339875
6854.23211793
6854.34246903
6854.56462093
6853.70431028
6852.69015766
6851.34698688
6850.3842636
6849.86174594
6850.05787302
6850.70410267
6851.20686126
6851.74538133
6851.52219792
6851.57517453
6851.84508274
6852.68137585
6853.81349744
6855.10853554
6857.51381041
6860.37421997
6863.75833204
6866.84858107
6870.1188572
6873.30949764
6875.56033115
6877.48332438
6879.81812871
6882.15742152
6883.90976886
6885.15727367
6886.29390466
6887.72727716
6888.90764295
6890.48591531
6892.49899179
6893.84115196
6895.80965029
6897.30419577
6898.69007681
6899.89508742
6900.91883731
6901.77429009
6902.18762058
6902.16899757
6902.14295881
6902.46355061
6903.35823578
6904.64734964
6906.87158681
6909.30930558
6912.48372059
6916.06683822
6919.2125381
6921.70726894
6924.48789646
6927.09246962
6929.37141885
6931.31171085
6933.21339077
6934.67667718
6934.98397082
6934.70971352
6933.58640858
6932.38859765
6931.43542285
6930.75852656
6929.90341529
6929.05590099
6928.21905031
6926.02666462
6923.72847904
6921.24580577
6918.01688778
6915.1770179
6913.2927622
6911.36640959
6909.81363235
6908.98612106
6908.69555468
6908.18356125
6908.17868247
6908.18328247
6908.39530044
6909.08313914
6910.26268948
6911.29218239
6913.11789268
6915.11610281
6917.3982581
6919.58109531
6921.84122638
6923.85010013
6926.53475502
6929.84368505
6933.76922355
6937.97396783
6941.9113548
6946.02430826
6948.43380676
6949.66611068
6950.04324061
6950.12464659
6949.87101957
6949.858962
6950.03676576
6949.6566319
6949.60463801
6948.96092442
6948.61473294
6948.36730895
6948.66929865
6949.58366622
6950.66821271
6951.38602805
6951.7273965
6952.04625285
6951.42400589
6950.49842409
6949.5592723
6949.44669787
6950.02909214
6951.1563001
6952.55867142
6954.53542187
6955.80082485
6956.65594308
6956.74403997
6956.69120972
6956.76223783
6956.05271641
6955.17599911
6954.56635336
6953.51728956
6952.24698689
6950.5987249
6948.03276383
6944.9876296
6941.70616712
6938.6445914
6935.31084928
6932.3357674
6928.50843184
6924.56700245
6920.54200647
6917.20436132
6914.08082505
6912.2294663
6910.44034688
6908.5827154
6907.03676846
6905.12351886
6902.86524172
6900.35375575
6897.1901577
6893.31391582
6890.41854629
6887.50496496
6885.1432646
6883.32910308
6881.53505608
6879.7461806
6878.21763698
6876.30872252
6874.54656186
6872.95381345
6870.28012188
6867.54785007
6865.33002502
6863.38908484
6860.70705752
6857.88788761
6854.89943787
6852.14397093
6850.26028675
6847.83380312
6845.32616441
6842.98033403
6840.83461042
6838.22824606
6835.91886715
6833.02887823
6829.73374122
6826.38659638
6822.92624984
6819.37902612
6815.86357024
6812.57677595
6809.2339802
6806.30419435
6802.56883081
6799.03735161
6796.18780779
6793.25985497
6790.16580745
6787.88967397
6785.80851757
6783.97825607
6782.55367234
6781.70059622
6781.27658119
6780.858811
6780.81699286
6780.74953323
6780.7322484
6780.61147761
6780.76427413
6780.96984513
