7032.47087908
7033.79946229
7035.13003884
7035.98798677
7036.9010301
7039.339181
7040.81300558
7041.42034437
7042.99963431
7045.67223163
7048.38247226
7052.14824455
7056.55681742
7060.86798886
7067.42381867
7074.48125707
7081.49618036
7087.16609287
7090.85598615
7093.64135306
7096.25143227
7097.19296769
7096.89884677
7095.96205074
7092.84304477
7087.91714666
7084.16815041
7079.89301226
7075.70450736
7071.45334494
7067.11276141
7064.09648866
7062.36814494
7061.19800368
7061.06035231
7060.57017401
7060.39070449
7060.38059844
7060.99497661
7062.33991769
7061.99164228
7062.12936336
7061.09840681
7061.66065171
7061.75780918
7060.38512874
7059.05377856
7055.52974996
7052.26352322
7046.91298979
7042.54493173
7037.53393371
7032.72165549
7028.16166611
7025.75643307
7024.16244405
7023.13126448
7023.44871992
7026.32630977
7030.76630896
7037.23189523
7044.21069461
7050.33199213
7055.99195889
7060.44388323
7063.50141653
7065.93014441
7067.58628214
7069.16421996
7070.66019422
7069.93437071
7068.1380028
7064.88294848
7061.07910077
7057.76515257
7054.65015417
7051.84510486
7050.3003567
7049.94470736
7049.77737904
7047.43263593
7044.75998285
7040.54516737
7037.17605407
7033.91612097
7030.34933332
7027.81142525
7026.20217262
7024.91487088
7024.58828514
7025.12258158
7025.37934496
7025.0740586
7025.07275526
7024.58465393
7025.19779847
7026.02234765
7026.245545
7027.38944537
7027.46524772
7026.65744671
7025.94830863
7024.7170641
7022.75402304
7021.24438818
7019.32731919
7018.30894294
7017.22827856
7016.22229442
7015.21925845
7013.99052998
7012.36695464
7010.47558289
7008.47871095
7007.44327289
7007.29086668
7007.62920331
7009.37998944
7011.86830817
7014.93635176
7017.71690262
7019.85935048
7020.58396824
7019.67788066
7018.58786993
7017.28221699
7014.80663189
7012.26405413
7009.81786022
7006.30690676
7002.81647207
6999.9562019
6998.06285076
6997.38678386
6997.71778838
7000.38881752
7004.13188257
7008.71337344
7013.04990062
7016.90380465
7019.85170473
7022.25316717
7024.74492196
7026.19261717
7027.29564031
7027.44685471
7027.45397773
7027.22987432
7026.61056857
7027.24067037
7027.8651755
7028.24317664
7030.01874698
7032.8010542
7036.37907699
7040.04813786
7042.68707159
7044.57310455
7046.10615059
7047.01038424
7047.25592641
7047.20571677
7045.90766776
7044.81988734
7043.81213986
7043.21179864
7042.69061219
7041.86255029
7041.51026034
7040.07127724
7038.7992879
7037.69572113
7037.50428465
7036.98066578
7036.10435272
7035.53648329
7034.54379034
7032.97145615
7030.27150976
7026.77381962
7023.02899125
7020.71170175
7019.93969009
7020.56690644
7020.57344401
7019.90553164
7018.93687019
7018.63468534
7019.23014777
7021.41984316
7023.18568382
7024.60188301
7026.34426369
7027.86159308
7028.3544338
7027.77600529
7026.19839505
7025.19056393
7023.24528164
7021.51026095
7020.25734069
7017.83692765
7014.33586418
7010.15463564
7007.14425925
7004.86018729
7002.91640348
7000.91212276
6999.59045347
6998.48526276
6997.32244665
6997.09381294
6996.58183345
6995.50485604
6994.1933416
6993.76344415
6992.59919228
6991.43085618
6989.38468762
6987.76679257
6985.49002485
6983.37369939
6980.98428056
6978.04454199
6974.88251909
6972.04517223
6969.82896414
6968.54670149
6969.32566192
6971.22596881
6974.66492537
6978.47986186
6981.78187098
6983.83718377
6984.57953939
6986.2528156
6988.38112196
6990.42253719
6991.40356984
6992.39905067
6993.81622561
6993.19434805
6990.36611755
6986.57804224
6982.42134004
6978.91619233
6978.23528847
6977.82661372
6977.04722117
6976.0677776
6974.92233693
6974.36322143
6973.60657794
6970.97140785
6968.22971999
6966.26736195
6964.35397992
6962.36455858
6959.93100768
6958.28382599
6957.06226237
6955.48430364
6953.9222846
6953.46485687
6953.58737008
6954.48962433
6955.55137297
6956.7631163
6958.25902784
6960.12219324
6962.15470818
6963.75981385
6963.98354787
6964.06931687
6965.5023618
6967.70724414
6969.90321922
6972.23445507
6974.26818274
6976.61549766
6978.18475821
6978.86734874
6978.40783011
6976.56565044
6974.53400671
6973.05303122
6971.62501144
6969.61259012
6967.37338205
6964.68098384
6962.53182417
6960.04183272
6957.02017938
6955.64928317
6955.27274567
6955.22138602
6955.91319745
6957.80249223
6958.84919331
6960.70088661
6962.62670256
6964.74576014
6966.13313966
6967.42718109
6969.3296207
6971.00615872
6972.58817381
6973.07578029
6973.70550572
6974.36007113
6975.14830125
6975.76979548
6975.61086564
6975.55565175
6974.3624687
6973.07009302
6972.2373684
6972.31114257
6971.92209448
6972.0279571
6972.06773312
6972.57557261
6974.6702293
6977.00909696
6978.88535842
6981.24698909
6983.65336517
6986.6893691
6990.79848924
6994.55198791
6997.20808101
6999.44813937
7001.71765862
7004.13347863
7006.25110045
7006.98540608
7006.95305975
7006.14700116
7005.14995216
7004.54247398
7004.00367512
7002.93291468
7002.0633413
7000.84569464
7000.19443984
6999.4906963
6999.46258057
6997.92936029
6995.89389717
6994.61603936
6992.60593894
6991.35632928
6990.89734732
6990.86990765
6992.31501711
6993.11896388
6993.88633372
6993.80040442
6993.07084514
6992.50662086
6991.22866547
6989.61204588
6987.93221816
6987.01469332
6985.19466332
6983.88569978
6982.84010689
6981.49397399
6979.97879824
6978.00711475
6975.09443252
6971.70441015
6969.52235354
6967.2943388
6964.82782127
6961.63516658
6958.57600237
6956.31534857
6954.23449883
6952.78527028
6951.77295069
6951.04575414
6950.24737615
6948.70513709
6946.80561777
6944.57699667
6942.33004528
6940.08092632
6937.21614676
6935.51247573
6934.64868023
6934.62446753
6935.21689815
6935.83371572
6936.27739224
6936.10728302
6935.3563965
6933.87742828
6932.1352776
6930.73523415
6929.31520163
6927.13691562
6926.12947481
6925.44765792
6924.91328482
6924.61077936
6923.08518392
6921.7782625
6919.59272802
6917.49944435
6916.23695471
6914.61238966
6914.67288657
6915.88847021
6917.8401925
6920.23205768
6921.52312306
6922.91103924
6923.95298002
6924.54804518
6925.50451665
6925.19364757
6925.95063954
6925.89801838
6926.34653884
6927.99483568
6929.15749845
6930.74283111
6931.89273935
6932.48293967
6933.29801007
6934.57204849
6936.79398566
6938.50918455
6939.21430112
6940.30255549
6942.15010182
6945.76436003
6949.47223511
6953.43235721
6956.37167063
6958.82420697
6961.2748824
6962.00449742
6961.89538693
6961.37178897
6960.16218533
6958.6639947
6956.46831932
6955.60879624
6955.037665
6954.14318195
6952.20290389
6949.36557794
6946.42744239
6943.39794118
6940.08423692
6936.50611656
6932.72438367
6929.99126853
6927.63259998
6925.52373906
6924.52751945
6924.23801246
6924.87360637
6926.29124829
6927.97672842
6929.77908329
6932.17190332
6934.20331704
6936.45100722
6939.92978859
6943.57144464
6947.98909204
6951.76452433
6954.73384227
6957.45276713
6959.93033859
6962.06841645
6963.04247245
6962.73400094
6961.60241601
6960.09811994
6958.28632811
6956.42296058
6954.86034214
6952.88488806
6951.00838266
6948.65623077
6946.38507365
6944.79699493
6944.15497497
6943.42726267
6943.38458726
6943.7124345
6945.68006163
6947.46145863
6950.20566256
6952.91305258
6955.44847246
6957.99263931
6960.92593093
6964.65762841
6967.51155616
6970.30127216
6973.05000638
6975.89527081
6977.89743274
6979.38291762
6980.14904685
6979.74000272
6978.41450707
6976.66554003
6973.72723722
6971.28965087
6968.46348339
6965.40677948
6961.33235446
6958.92454262
6956.12320118
6952.97692281
6950.46805047
6948.28342205
6946.60035343
6945.09174312
6944.33650752
6943.78813231
6943.65333153
6944.5038428
6945.44818004
6947.58148366
6948.91270142
6950.08494752
6951.18479249
6951.82982336
6952.27581382
6952.48617997
6952.58369987
6952.99250704
6953.45441628
6954.66649416
6955.365798
6957.84121583
6959.86871259
6960.15497867
6959.12588303
6958.70982041
6958.08984558
6957.28380093
6957.56900065
6957.4346529
6957.70794142
6957.48038104
6957.11811746
6956.66714367
6955.76342579
6954.36508991
6953.3903021
6952.67588099
6953.36925363
6954.38679353
6955.77941425
6958.30585718
6960.27213219
6964.64255994
6968.15745824
6969.8430708
6973.38071817
6978.5833966
6981.7780028
6985.25251175
6988.38623771
6989.9453713
6990.73489081
6990.04420847
6988.79337215
6986.852425
6985.45468852
6982.03859254
6977.57601155
6974.97709778
6973.27182373
6971.33682173
6968.42911585
6966.62540189
6965.41982674
6964.62704541
6964.58009757
6965.59222899
6967.29655516
6968.82032455
6970.00802942
6971.02123416
6970.84609979
6970.20222589
6967.32638543
6963.94736821
6960.69228601
6958.00234112
6956.08679849
6954.02174207
6951.72493649
6948.91042234
6946.02497068
6943.57291525
6940.57458946
6937.76172712
6935.83982116
6934.17899282
6933.97000667
6933.73838993
6933.27429918
6932.80160784
6933.63500852
6935.55972326
6938.50403395
6943.53611529
6948.96116865
6953.89113705
6959.08826761
6963.63249852
6967.11823564
6969.90572831
6971.52376972
6973.40863875
6974.76594406
6974.55743881
6973.45305658
6972.04272587
6969.49752751
6966.74797086
6963.79689957
6961.5719724
6959.75537846
6958.702328
6958.33804321
6958.44125735
6958.67506954
6959.39988942
6960.78529652
6962.5025445
6963.3426779
6964.4778104
6965.42262855
6968.03054019
6970.84090041
6972.80730783
6974.80697462
6976.75050753
6978.11908282
6979.72054334
6981.32710568
6982.2313672
6982.85393476
6982.62287559
6983.23062559
6982.51239207
6981.85852363
6980.31687002
6978.17042853
6977.01987907
6975.55901811
6974.89643059
6974.30034785
6973.53372377
6973.3602691
6972.54321931
6972.7851721
6973.4407969
6974.46325042
6976.12313785
6977.59742941
6979.30513588
6980.96899603
6982.17938028
6983.6505076
6984.30348391
6984.81899006
6985.13151096
6985.37840526
6985.58714748
6984.92205087
6984.06908627
6981.7930643
6979.23760655
6976.82308291
6974.88435212
6973.83648014
6973.07466514
6971.65542717
6970.97749239
6970.6749033
6970.38603056
6969.79157176
6969.85309321
6971.08912591
6972.49498905
6974.75185831
6976.69769121
6978.53323574
6979.20221447
6979.13803059
6979.54453079
6980.36986754
6982.33925103
6984.33295873
6985.1441958
6986.27161982
6986.44479571
6985.73395703
6984.80825674
6983.45224082
6982.34929435
6981.56257665
6981.42645164
6981.73229557
6982.11897398
6982.0254268
6981.33763688
6980.48647743
6980.56590401
6981.24837606
6982.72008883
6984.89776847
6987.5906685
6991.60462449
6995.68702283
7000.37433451
7004.27265637
7007.37583417
7009.72763061
7012.18134482
7013.98705211
7015.82085421
7017.32017393
7018.48462094
7018.95975168
7018.86490117
7018.40416284
7017.22684281
7016.9902288
7015.63008683
7014.83106763
7014.28447666
7015.31144654
7015.80186878
7015.56227174
7016.0581861
7016.95245308
7017.23837067
7017.67890387
7017.4200217
7016.47362841
7014.03002722
7011.39231319
7009.83090051
7008.32270838
7006.63777188
7005.00871139
7005.80567453
7006.75313419
7008.28296024
7009.59001408
7011.38014411
7011.97852684
7014.4507177
7016.47141902
7019.49730993
7022.54249295
7025.17617849
7026.5626659
7027.78193649
7027.26851428
7025.47342183
7023.37896029
7021.59280299
7020.27744127
7019.96972946
7019.35885704
7018.58717993
7016.96230822
7014.80942674
7012.79710299
7011.82970305
7010.83749101
7010.48844894
7010.27919097
7009.24293049
7007.18174922
7005.51205543
7003.10441784
7001.02488537
6998.54739755
6997.49778314
6997.33559846
6997.64379815
6998.1007589
6997.18995981
6997.01328514
6998.25455905
6999.8371805
7004.08583383
7009.28867953
7015.37418072
7020.23360192
7023.85170739
7026.00428918
7027.19693556
7027.57382155
7027.70416869
7028.21896394
7028.1708452
7027.11861716
7025.09309282
7021.27670664
7016.85819499
7012.64155345
7009.14158423
7005.58145263
7003.27328646
7002.62067256
7002.53523113
7003.77177263
7005.43191097
7006.90962464
7009.37162581
7011.916176
7014.39071564
7017.47830225
7018.96689561
7020.76578654
7021.47378159
7021.81688549
7022.55342839
7022.10253126
7022.78454331
7022.36537221
7021.26967422
7019.80134872
7017.59655001
7016.42003846
7014.88714575
7014.1356459
7014.74306135
7016.26662165
7017.57881912
7018.24229179
7018.26642086
7017.5866879
7016.30528252
7014.40340048
7012.88478866
7013.03506912
7013.14699537
7012.39785127
7011.46447736
7009.44776271
7006.47673719
7003.60394249
7000.1898259
6997.6486142
6994.72133046
6991.29682207
6989.63821009
6988.99726346
6987.47090135
6984.88238636
6982.247969
6979.47900177
6976.81866412
6974.04789871
6971.85181909
6969.74301393
6969.16691329
6970.61638578
6973.56652313
6977.85120279
6980.80391196
6982.91061924
6985.400311
6988.27221358
6991.5241873
6994.70196867
6996.3649367
6998.20899819
6999.83099141
7000.71202296
7000.14362383
6998.47698974
6996.01209614
6993.30999612
6991.89232632
6991.39788954
6990.2920855
6988.49681881
6986.42891876
6983.847248
6982.12401306
6980.03744818
6978.53948059
6977.61684696
6977.06778175
6976.51445806
6975.26520386
6973.64776881
6971.43120527
6968.86856177
6967.41924261
6966.53491441
6966.52514987
6968.44050432
6971.3218578
6974.90479422
6978.61521324
6982.1708215
6985.22877996
6989.03102464
6992.88766078
6995.941305
6998.86729935
7001.57096058
7004.28852635
7006.91004282
7008.45894491
7007.94758572
7006.13274117
7002.72359398
6999.08569458
6995.77942001
6992.37859462
6988.82686848
6985.24269843
6982.25661141
6979.84080534
6977.98492326
6976.65447217
6975.85495812
6975.47163214
6976.08863091
6977.28718063
6979.43214454
6980.15728503
6980.72797718
6981.2439294
6981.70992984
6982.60516561
6982.95062526
6983.33240397
6983.38227211
6984.1129535
6983.32976246
6982.80046329
6982.70263673
6982.77614605
6982.3787622
6982.2772417
6982.34994253
6982.56337535
6982.69586219
6983.20586925
6983.12886115
6983.12803175
6982.91436197
6982.53792204
6983.29540886
6983.5940322
6983.88492615
6984.49689281
6985.54702297
6986.00806797
6984.82950733
6983.42563055
6982.16810332
6981.22777365
6979.93540495
6977.59122638
6975.54663297
6973.74435477
6972.25474384
6970.79248894
6967.41792534
6963.61510915
6959.53116353
6956.71117817
6954.15440315
6952.03600073
6950.74310232
6950.56153493
6951.93034022
6954.59902756
6957.76035349
6961.28588754
6964.02949206
6967.75443592
6973.07599635
6978.24054361
6983.41517601
6987.60515849
6990.84418252
6992.33870012
6992.14704758
6990.75360443
6989.4078479
6987.33552209
6985.1670982
6983.09449361
6981.06236897
6978.97399894
6976.21306079
6974.10390017
6972.39503673
6972.0844534
6972.62456953
6974.05138356
6976.10288393
6978.07177257
6979.63893524
6981.36395443
6982.85264536
6984.09971109
6985.91778957
6987.55351309
6988.50390698
6988.40679829
6988.55452087
6988.57177086
6988.81991273
6989.1297503
6988.75163765
6988.57560419
6987.38013508
6986.11048756
6984.48314161
6983.66594546
6983.21237894
6983.12803175
6983.12803175
6983.33006913
6983.38227211
6983.31028915
6983.16450414
6983.82470106
6985.10398069
6987.93089392
6989.04470614
6988.32663989
6986.91708978
6984.32432329
6981.83732183
6978.91976081
6977.82760342
6977.13582684
6976.68192578
6976.95429429
6977.0688969
6976.21668503
6975.35212286
6973.53606559
6972.61914014
6973.22509893
6975.03631924
6977.90362183
6980.18416712
6982.74866456
6984.24064519
6985.4608776
6986.92026796
6986.87978103
6986.31335433
6985.70111585
6984.70801169
6985.12558673
6986.46205963
6986.82473442
6986.19086899
6984.04012721
6981.20187429
6979.39932427
6977.71118869
6976.51525958
6976.52151139
6978.0565438
6980.63792182
6983.89101766
6987.33440694
6988.36166258
6989.09710427
6989.25307199
6989.25307199
6989.46283178
6989.75707816
6989.68584792
6989.60556406
6988.20558334
6986.39123364
6983.67727121
6980.69121207
6979.02859252
6978.51332334
6979.28346014
6981.87343877
6985.60817503
6989.95858583
6993.34016791
6994.63816115
6996.15307206
6998.83154484
7001.07504623
7001.49117854
7000.78659864
7000.43566081
6999.51337567
6996.89093223
6994.33039358
6991.55166879
6988.22819999
6987.0231615
6984.93597631
6983.0084249
6982.36574979
6981.69789318
6981.11528286
6978.6434823
6976.45317358
6974.73750075
6973.16696475
6971.39102501
6969.55055988
6968.43714493
6967.4560147
6965.64639045
6963.95062305
6963.43868538
6962.66742646
6961.27739148
6958.74572129
6957.20429768
6956.78415083
6957.28120821
6958.09146952
6958.05166562
6957.88356367
6957.35590237
6957.11979716
6958.37540075
6960.18738076
6962.05688161
6964.15323891
6966.44773753
6968.57533297
6971.04500081
6972.7502888
6975.43655369
6977.32380635
6977.81213768
6978.71902677
6978.43645463
6977.77570711
6976.41857604
6974.04687417
6971.99916531
6970.71053932
6968.84492058
6968.41553192
6969.20685658
6969.94911463
6971.21105367
6970.88340157
6969.22675505
6967.56150793
6965.49471605
6965.5722887
6965.30492443
6965.34217742
6965.87952658
6969.25915714
6974.41681834
6982.50227208
6990.39761358
6998.84765876
7006.63747915
7012.36869706
7015.80767453
7015.88353264
7011.73469224
7004.38357201
6996.47723931
6988.38611922
6979.6418207
6972.20719661
6966.19684262
6961.8242473
6959.9065371
6959.12830151
6959.04994826
6960.17496774
6963.9859315
6968.51487788
6973.9163946
6978.38156832
6983.43358993
6989.60831709
6993.92320338
6995.93885864
6995.00048746
6993.43330387
6992.94060952
6991.88161391
6991.40703378
6988.72421889
6986.21463564
6985.11821976
6985.41657128
6986.68345184
6985.68509253
6981.79358006
6978.99625316
6975.9718677
6971.28249996
6965.71000281
6959.83216353
6952.53128781
6948.22245121
6945.77793698
6945.84506207
6948.49171821
6951.7147468
6956.41352362
6962.82298994
6970.55121918
6978.66570167
6985.39368282
6992.64983405
6997.00246121
7001.11543559
7004.38328626
7004.77142132
7003.54557831
7001.56759422
6998.08148074
6996.00636009
6994.05134113
6993.46494627
6994.19110433
6994.19610856
6993.41157238
6993.57074616
6992.88547927
6993.77272081
6994.24358609
6995.62441411
6997.79586981
7000.81957921
7003.09220694
7005.64022106
7004.698142
7003.09556633
7002.04776405
7001.35375716
7001.33532233
7000.24796706
6998.04816562
6997.7637953
6995.65196529
6992.33482497
6988.24248088
6981.29572813
6975.30387867
6972.44103668
6972.60490107
6975.92068926
6981.41858286
6988.82693818
6997.82396463
7006.97122276
7014.17250162
7015.71437826
7012.66545949
7007.20792737
6998.89792417
6989.73434303
6981.30533933
6972.93514589
6966.32680643
6965.94103409
6969.16250845
6973.3824815
6980.73366445
6991.10787377
7002.44958758
7015.30479746
7025.71681038
7033.80689895
7040.75020171
7043.48951291
7041.43187921
7036.17299022
7028.51591455
7020.49983711
7011.31227327
7004.17932525
6998.95221805
6994.14713255
6991.55725151
6989.7083182
6989.43194212
6990.56536007
6989.47546086
6988.64777533
6990.5704131
6993.25026587
6996.06119761
6997.79149982
6997.93214816
6997.69752052
6998.6942977
7000.90669337
7004.2510573
7008.71366617
7012.03626376
7014.39519715
7016.77820386
7017.22765129
7014.80944068
7009.15541209
7003.18917624
6999.0171198
6995.49475696
6994.71755289
6995.5295845
6995.96629134
6995.97466194
6992.95245799
6989.45725603
6986.71727574
6983.22529378
6977.27084367
6973.17611595
6970.56148553
6971.31856811
6972.4492888
6969.78481116
6968.06915924
6967.97393933
6968.74148341
6969.97410097
6970.11024689
6971.33220082
6974.60788543
6981.93494628
6987.16037378
6990.10817629
6992.14322122
6993.01662793
6990.19195893
6985.78107213
6979.99908003
6973.94906851
6971.61238933
6971.15324706
6972.08727613
6976.06947821
6983.38373574
6991.46404584
7000.05094786
7008.82713969
7016.96639246
7022.22022842
7025.21136846
7025.73590733
7024.03411812
7019.53833353
7011.7316883
7003.55381648
7000.399516
6999.56686804
7001.29530934
7002.92041105
7004.29225514
7006.49708172
7007.78912285
7003.56386677
6998.52028545
6992.82858569
6988.66628682
6985.6110117
6984.18922281
6983.54249134
6986.24482136
6990.23793101
6993.40152209
6996.76516418
7000.78624319
7005.29217565
7009.7967769
7011.28907117
7013.17432353
7013.89235493
7012.01221135
7005.54720358
6996.44671904
6988.58515963
6981.09215046
6976.28804072
6973.05209728
6973.54617861
6976.59177981
6981.3313781
6987.50121253
6991.03642051
6995.43506854
6996.49955626
6997.95889086
6997.50962465
6995.00034806
6991.57346301
6989.59459377
6988.86709056
6986.78080447
6985.76766942
6986.2683371
6988.00847354
6988.30646264
6991.31053842
6991.9507602
6992.7112649
6991.98995774
6990.19545075
6986.89015193
6984.52064551
6983.13994295
6983.2088244
6983.9993127
6988.24235543
6995.11649098
7004.69054504
7014.04657326
7021.79509127
7029.84767594
7034.19715978
7031.98617199
7022.94945314
7014.02249995
7007.06479782
7001.28583057
6998.07152802
6995.83319814
6993.11750722
6986.76027176
6979.53223626
6970.70853902
6963.10585481
6959.95878886
6961.85375
6965.0244641
6968.78852882
6972.06190646
6976.90134556
6980.74080141
6982.81500904
6982.12841094
6980.93578546
6980.74895595
6978.79593033
6973.68947544
6967.86333732
6966.71046696
6969.96812097
6976.31617038
6987.88007094
7003.39743058
7018.72142313
7032.38590462
7041.86851635
7043.97164121
7041.3517208
7034.44491832
7024.40105836
7015.42945733
7009.51899991
7009.15378118
7010.00578397
7010.80609953
7007.5630052
7001.79695975
6996.09058182
6991.44067647
6986.41864543
6983.48618321
6986.61436827
6989.09119397
6989.33588585
6989.88668651
6990.66606513
6989.17209813
6987.89366881
6989.13272636
6991.97185746
6995.70653796
6997.56991246
6999.640461
7005.20705483
7008.35007138
7010.65793089
7016.37159912
7022.44032426
7022.94577315
7020.90460186
7018.82764121
7013.9577585
7005.72647097
6995.60106564
6989.32245526
6984.20570613
6982.57750291
6983.99520058
6991.09385076
6995.78496092
6998.54965573
6998.13053342
6994.95947083
6989.36799521
6981.70416591
6977.77183196
6976.3753082
6978.34052381
6981.20239004
6984.7781198
6985.08365707
6984.84548185
6987.24380097
6989.02673828
6993.17822716
6998.56528177
7004.30696118
7010.13100839
7014.86567214
7015.6106623
7011.84682061
7006.51633897
6996.58846163
6982.212556
6968.04728138
6962.90161501
6961.69999167
6968.10729041
6981.15690585
6998.73032403
7016.5436947
7031.83987122
7039.68245914
7041.06479957
7038.04334138
7034.94710539
7026.19555141
7017.71769019
7007.67360024
6996.59005769
6988.07266439
6980.09899054
6976.00773372
6973.57445464
6977.63958906
6981.17792643
6984.0379666
6989.36852491
6995.27528839
6996.23764228
6993.98654393
6991.2611512
6988.31059566
6984.23746004
6981.26614877
6982.13036942
6984.50789098
6986.83228957
6990.52695011
6995.59484868
7001.17936855
7004.30855027
7008.3502038
7014.05524355
7019.04955614
7024.62655571
7029.81309234
7030.54543949
7026.05172489
7020.18557379
7008.95569562
6996.77745871
6987.89466547
6983.86503465
6982.48839542
6982.60017531
6988.44922977
6993.72395389
6997.20127859
6996.3710073
6993.10165814
6990.46285684
6988.29544356
6990.63964303
6993.45402476
6997.04144269
7000.08291086
7001.79687612
6999.34790826
6994.939196
6993.83737165
6994.94460448
6995.36579679
7001.67310139
7010.184905
7019.75379452
7022.25769747
7020.43159687
7010.43220354
7001.55285333
6993.17495837
6989.95340038
6992.50038996
7005.40569099
7016.83181472
7025.60626412
7032.39716764
7034.5304852
7028.87106207
7020.85098403
7017.08950507
7013.39317876
7010.11124932
7010.47434926
7009.47210783
7001.82532639
6991.26577907
6982.96204162
6971.64632475
6961.15494797
6961.79598521
6967.10772535
6981.32870174
7002.606545
7014.5167137
7014.10578078
7004.09087988
6999.97209976
7004.6101427
7001.39991742
6990.26770552
6981.5706824
6981.67577139
6985.80438574
6986.01884311
6987.01007939
6996.0817791
7011.53436941
7019.94606736
7022.36221494
7028.68360529
7040.22347436
7035.27981051
7012.60307379
6996.33185158
6983.79825108
6982.98123614
6982.45140728
6983.75669779
6985.30695897
6994.1469374
7002.30056864
7010.47489289
7009.14525725
7006.52098079
6994.54798033
6991.21496306
6981.96920231
6980.41932446
6988.87017116
6997.34840178
6990.53198223
6982.13512275
6977.29723789
6972.10286732
6951.26904907
6932.18761997
6936.90285919
6954.49343675
6971.25484423
6976.31166099
6972.62631195
6974.41275501
6978.69968588
6979.69498549
6975.94292955
6972.39751097
6969.34703099
6972.70478369
6984.40828017
6987.90131456
6987.6387733
6983.30741764
6973.43165963
6968.6228802
6968.41543435
6967.82469736
6963.15871991
6961.82471427
6963.59709947
6963.39051089
6959.77241935
6962.40774975
6961.51829185
6956.09178879
6952.89572593
6957.70972566
6957.53043038
6957.18080982
6959.05137007
6961.7874334
6963.71478965
6962.99374037
6966.62383371
6973.89561099
6975.41529613
6976.4695175
6974.03241206
6972.87301807
6971.15922706
6973.00190855
6973.99214119
6982.2383578
6997.15717439
7013.59409402
7023.47309989
7028.5312409
7029.8121584
7025.43590399
7012.84695022
6996.12489361
6980.96036756
6972.87905382
6964.82805824
6966.52926896
6971.87638725
6982.13438396
6994.6900714
6998.11600858
6993.60397067
6988.09495345
6989.29338468
6992.14410637
6990.9654621
6988.30294991
6981.00484812
6976.95344399
6980.07911298
6984.04639993
6985.72633219
6982.54966597
6980.67365542
6984.34292539
6997.3174912
7008.35922955
7013.23180256
7013.99959755
7008.11195889
6999.83924353
6995.93347804
6991.91844872
6986.92821341
6981.731278
6975.73735854
6968.65866956
6968.23582543
6970.30848579
6971.42296013
6970.99217753
6967.42960654
6965.61927138
6962.88980139
6964.67397233
6970.69954115
6977.25307096
6984.48158737
6988.69592194
6993.60612431
6999.6345507
7002.86109899
7003.3645197
7005.88343536
7004.91656512
7002.83774356
7000.84134556
6999.27271228
6995.59952534
6995.29883898
6994.46556375
6991.51633246
6992.14281001
6991.13069254
6990.88227188
6990.47264229
6991.32176659
6991.22076184
6993.60194946
6994.23627489
6995.36185194
6998.88797145
7006.52085533
7012.11247035
7013.54021134
7011.63789021
7007.40186597
7000.72136234
6995.47677516
6994.46496436
7000.18659894
7005.45495973
7009.06695278
7012.39985157
7014.08661413
7012.81758691
7011.14809525
7011.9865838
7014.1115935
7016.59297041
7016.33097976
7017.93285149
7018.98507256
7016.83290199
7012.51082995
7008.29887204
7002.91748378
6995.62744592
6988.0559441
6982.76098
6982.61622651
6991.92303478
7005.67752284
7023.91479703
7046.07531669
7066.41223786
7081.42341679
7087.34786238
7087.1137505
7078.53224999
7065.4109025
7053.79236654
7046.39727455
7037.40950384
7032.41788852
7028.17396065
7020.48994712
7009.71965031
7005.09007555
7005.64422863
7010.50724619
7020.73030385
7031.49156097
7037.151235
7040.77918168
7039.2992377
7035.27447173
7027.85651218
7023.65055517
7023.07111605
7023.44107417
7028.83323756
7034.79458069
7040.51688437
7040.4197478
7039.96201341
7037.22493948
7033.86319314
7031.91793872
7033.55338345
7034.92865662
7036.44004087
7036.7880584
7035.40923765
7031.61442266
7028.99119165
7028.20171395
7028.86834389
7033.07278151
7039.64211857
7049.12818727
7056.87445407
7061.28658844
7059.39619943
7054.91538572
7042.57193928
7026.66624943
7012.13954759
7001.43116951
6995.25207236
6997.05569571
7002.8669605
7009.82695566
7017.19927768
7023.89128129
7026.82300473
7029.55682381
7034.89621271
7039.66018401
7045.06833587
7049.68763732
7051.71553135
7047.46790257
7041.75284737
7033.74215053
7025.55323175
7019.63301676
7019.55049563
7024.00736148
7032.32028499
7044.31972844
7059.98095642
7078.20850789
7093.6943227
7106.00752766
7111.31300205
7111.52696457
7107.66583297
7096.02024765
7080.82485981
7066.52911957
7055.36244255
7047.79894193
7041.01421356
7038.71428556
7040.98022936
7048.25189512
7059.07134217
7069.7477921
7078.97844954
7085.1105222
7089.22201202
7085.00130715
7078.96736773
7071.81611731
7065.75785367
7060.83969192
7058.32962776
7056.58232648
7054.29605907
7052.08282704
7052.95279072
7051.72320498
7048.77928459
7045.69180949
7047.94127694
7052.04155951
7053.49720017
7053.40931238
7055.20929058
7057.94747966
7060.3612227
7059.1988178
7057.42065473
7056.75417813
7056.39026273
7054.640076
7054.11013562
7053.26589707
7051.80640217
7049.82024961
7048.43948432
7047.87406822
7048.41592677
7049.19322842
7047.39598233
7044.46368739
7042.23089144
7041.92315175
7043.49639896
7043.78292292
7043.70985269
7046.63767309
7052.95627556
7057.23262644
7059.1404815
7058.66020016
7057.18039558
7054.53543307
7051.1271083
7045.5116221
7042.37216009
7042.49819299
7045.26388447
7050.49184894
7058.07356135
7066.57992861
7074.7772598
7080.90368701
7084.48499252
7085.44492792
7085.79501545
7084.56047426
7080.42696021
7076.39757333
7073.40060663
7069.57731349
7065.78280516
7059.48548115
7053.6971327
7050.80128226
7048.4279913
7047.28092669
7046.40423727
7047.39208628
7051.83820486
7056.8008402
7058.56067299
7059.85438685
7061.46933372
7064.34774599
7067.22567038
7066.8205223
7065.76085064
7064.86768486
7064.07857656
7062.29963289
7061.14865828
7062.06119979
7064.66361234
7069.20311083
7077.34600875
7086.97247488
7096.7542954
7105.32289501
7110.42116052
7113.34390002
7114.13670226
7108.60770991
7100.72833597
7091.62969143
7082.33707345
7075.49332575
7070.47563683
7064.67769111
7059.9362807
7056.68215335
7056.22325502
7056.71079878
7056.1969305
7057.2014998
7060.84903131
7066.04549278
7072.09135037
7073.72176995
7074.41797228
7072.80246784
7068.59368114
7063.26061374
7060.77187684
7058.99829982
7059.37710247
7059.13100272
7058.46086703
7058.01118263
7057.40700808
7054.29118029
7051.74006466
7045.64396954
7043.44134538
7041.35384656
7038.90809173
7036.28090193
7033.27806676
7031.2083267
7030.36725936
7028.48003458
7028.77973822
7031.93911961
7035.74167096
7038.42555918
7039.69394519
7039.85813018
7040.4964562
7041.3504105
7040.18821469
7039.21574082
7042.71902065
7047.03325876
7049.88736772
7050.73035173
7048.20599971
7044.23330429
7039.72288334
7032.5718908
7027.81238707
7025.08495919
7023.5606392
7024.90049241
7028.01289808
7030.21062255
7031.7305377
7029.37243369
7024.88976605
7020.91511215
7019.53493929
7020.26638734
7024.37391839
7032.40194187
7042.0788825
7053.79205291
7065.640275
7074.10182714
7076.19956444
7073.53219438
7067.1984189
7060.17882592
7052.38752098
7044.1143735
7037.43453199
7033.36913273
7030.83311344
7028.80563062
7028.89887113
7031.31702599
7032.0864031
7030.3147079
7029.44646574
7029.32837131
7030.00228458
7028.09087497
7025.04657014
7022.96445192
7024.50831492
7026.08359728
7029.66829006
7032.0422989
7034.38033717
7037.3874378
7041.69941773
7044.09404291
7045.54847085
7043.03789094
7042.12001064
7041.6697617
7040.90876912
7040.81241316
7039.22780535
7036.6737973
7035.22468026
7033.5482677
7031.02328143
7028.33422867
7025.23188723
7022.75549364
7022.52081721
7024.12055622
7027.50842495
7031.71545529
7033.1935732
7033.66042395
7032.60768015
7031.00625448
7029.90827043
7029.6736846
7031.57996451
7036.19870838
7039.50169326
7041.99406137
7044.50958977
7044.14601589
7040.65207544
7034.76816557
7028.7798358
7025.82384391
7024.10585714
7022.86953868
7021.4953946
7018.14612401
7017.99961416
7020.29776489
7024.75143862
7030.85335342
7035.48407819
7041.49117036
7047.43732654
7048.9523629
7045.157067
7037.1901886
7028.19341305
7021.96070504
7013.60951097
7010.49141106
7010.17400441
7012.54143386
7015.87387264
7019.34983826
7021.487944
7025.5356542
7027.72373261
7028.75680794
7030.20552074
7032.19077421
7031.4627413
7029.97835066
7028.88990114
7027.12169079
7023.47252141
7018.18016397
7013.57777797
7011.81721337
7010.42544294
7006.38387304
7003.2097647
7002.90033835
7004.74483893
7008.67476136
7013.91836581
7019.40503123
7026.35768731
7034.27253
7041.31483023
7045.42406188
7046.41487998
7045.89926232
7044.59276605
7042.00931105
7036.53982592
7031.70813711
7028.76023703
7025.6068217
7022.94691618
7020.42180446
7019.39594973
7020.13509929
7019.52724475
7019.45619573
7021.62406902
7024.14068468
7027.08770658
7028.70701648
7028.51271546
7025.04893286
7020.32804819
7016.62834856
7014.08634231
7010.76061533
7006.02786128
7002.76391363
7002.94179406
7004.14103377
7003.14947688
7000.21742588
6995.1555073
6990.74767323
6988.3325014
6988.92443717
6990.39864509
6991.80710095
6993.53152771
6998.73118827
7005.60577685
7011.7246977
7014.77401374
7014.78372252
7011.75853555
7008.61780505
7004.51244158
7001.76278736
7000.5328392
6999.73225879
6999.26778471
7002.28231502
7005.75508155
7007.30072879
7005.56181902
7001.02227174
6996.36267852
6993.0859624
6989.16836935
6985.97537315
6983.83757408
6983.1269863
6985.36298134
6987.65382783
6989.43070151
6989.92557041
6989.18366782
6987.46750711
6983.75029265
6977.65336117
6971.20809155
6966.78174598
6966.88601254
6972.30270228
6981.19231884
6990.34766878
6999.18639267
7007.69577779
7012.88674018
7013.32651368
7009.20586568
7000.17618622
6991.3623511
6984.2545079
6976.11411907
6971.37686957
6968.69513498
6969.41803819
6972.83725659
6977.04919359
6980.09454388
6982.13975062
6984.48399191
6988.53110968
6992.04963223
6995.76894457
6998.60782476
7000.38441268
7001.53614698
7000.03986605
6996.53163077
6988.68608771
6981.00072206
6976.45230934
6975.12077097
6976.23893925
6976.81173625
6975.23790358
6973.4032233
6971.31455357
6970.73334415
6968.66704015
6967.2403237
6968.64869593
6972.15743303
6976.37881396
6977.88246882
6979.60957194
6981.59597541
6984.16014527
6986.37417881
6988.38872589
6993.12939751
6998.604779
6999.90730952
6998.42301646
6995.31884199
6992.33847709
6989.87584864
6986.21870594
6982.66967706
6982.12367852
6984.1366365
6988.73586524
6994.61426906
6998.61014567
7000.99989903
7003.18238079
7002.79439209
7002.55627263
6999.38563519
6994.2527373
6989.74628211
6986.86671983
6984.07349808
6985.43488763
6988.63800382
6995.22721844
7002.03017255
7009.68440459
7017.04759632
7023.21996772
7026.66681397
7027.2691764
7025.43180581
7022.99105522
7019.82809839
7017.48354346
7017.81651343
7018.75426431
7019.9739043
7021.43992284
7020.87779643
7018.40476224
7015.29384807
7010.28172793
7006.22122836
7004.50729098
7003.99723513
7006.0233728
7008.36875712
7010.59125884
7012.8025742
7014.58036091
7013.38806301
7008.82482575
7002.67818645
6997.12568533
6992.01237226
6989.2888265
6986.57176952
6989.03441888
6996.70748999
7004.70969775
7012.0417489
7020.32441698
7025.70817493
7027.51186798
7028.46327248
7026.40486514
7023.62489277
7023.45476961
7022.52426721
7018.66257107
7013.91111037
7009.46199481
7003.5081441
6998.73534918
6994.91048785
6991.1534904
6987.42752897
6985.92335835
6987.34109087
6988.9034584
6989.76217997
6989.44305877
6988.89977841
6986.53947895
6984.19687553
6983.9744797
6985.14807792
6985.88143567
6986.91699918
6990.11405871
6994.69090777
6998.02405049
7002.37751402
7003.56402011
7003.78879261
7002.30611652
7000.54380949
6997.39638809
6992.6311971
6988.67882529
6983.24689982
6978.4980179
6975.15696457
6971.75741464
6969.12125485
6966.74988753
6965.65605741
6965.5991011
6966.36599003
6968.4807264
6970.22768617
6970.7127975
6972.15440818
6973.14620204
6975.56226599
6978.23919149
6981.13352254
6982.47854028
6984.1673589
6986.9398737
6988.50992183
6989.70448487
6991.14546828
6992.32710256
6993.2273565
6992.97756978
6992.13839123
6990.11578719
6987.36724115
6984.97101294
6983.77066505
6982.89672168
6981.8996448
6981.9858529
6983.39652512
6986.1319333
6989.13167393
6991.72827376
6993.81784955
6996.51218534
6999.60865133
7002.56976595
7005.44463065
7007.76794196
7008.46981762
7009.24742594
7009.47643601
7008.48714427
7006.95167975
7005.68445071
7004.68319899
7003.44468507
7003.23047165
7003.67550727
7005.11883946
7005.74078672
7006.65821398
7008.3773159
7010.08889055
7010.39814267
7009.89976801
7008.92038717
7007.67377448
7006.53925531
7006.23819258
7005.95826195
7005.4181528
7005.19895605
7004.75201771
7004.1703692
7003.26670707
7002.45741455
7000.84134556
6999.65015584
6998.642492
6999.06388642
6999.98352308
7000.94952211
7002.10690187
7003.58625342
7004.98471475
7006.34618793
7008.16228005
7009.72395061
7011.3219472
7013.06350546
7015.23532359
7018.26354238
7021.28480542
7024.76563587
7027.10107445
7027.60042486
7027.54109189
7027.53872219
7027.39534173
7027.44579532
7025.97114831
7024.37838596
7022.39854794
7020.34892241
7018.43531736
7016.37067215
7014.61198936
7013.02136671
7011.48377643
7010.11515234
7009.82628657
7010.04339938
7010.40102115
7009.63298919
7009.13101121
7009.19759265
7009.53660535
7009.51105446
7009.33911221
7008.67450348
7008.41180889
7007.95854904
7006.57293285
7003.72843509
6999.98169005
6996.29543495
6993.80004199
6991.3176475
6989.37924429
6988.60175446
6987.34466633
6987.27454427
6987.13817532
6987.46275378
6988.41347526
6988.58580781
6988.12012797
6987.34205966
6988.85273997
6991.18047007
6993.50480592
6996.0508058
6998.24807724
7000.57191128
7002.20820631
7003.66870485
7005.9486856
7007.80437253
7010.17809561
7012.72258307
7014.6135436
7016.86391014
7018.79283457
7020.2501619
7020.64763636
7020.64763636
7020.95968332
7020.57445461
7020.02939697
7018.97130046
7017.66732025
7015.93467622
7013.71853086
7011.52835457
7009.39797124
7007.21612373
7006.47722507
7006.27116619
7005.79653727
7005.17431819
7004.39979048
7003.83134257
7003.67189697
7003.97314091
7004.77649526
7005.28821687
7005.9794986
7006.79867414
7006.62237584
7005.57989839
7004.3411266
7002.67650675
7000.30168943
6997.96599298
6996.78493719
6996.49969566
6996.32035159
6996.18134809
6995.72357886
6995.78310001
6995.33288591
6994.12651621
6993.23046499
6992.71376702
6992.95535738
6993.47165808
6994.68645414
6995.03645106
6995.9772686
6996.14415783
6996.22498532
6996.23056805
6995.41527462
6994.92222481
6994.18858827
6994.26345668
6995.31424199
6997.48408073
6999.73888696
7000.82380982
7001.15231221
7001.42673679
7001.36745261
7001.48011764
7000.8890949
6999.5989774
6999.02024223
6998.10385345
6997.56528459
6997.11780261
6996.58356194
6995.969358
6995.45302246
6995.30414291
6996.00470827
6997.91056303
7000.36540634
7002.41946458
7004.42762742
7004.97166052
7005.75662882
7007.18602164
7008.4052086
7008.79321821
7009.70352942
7010.53796859
7011.462721
7011.05216444
7009.57718288
7006.90994525
7002.9171353
6998.86748753
6994.2650388
6992.13210457
6990.83425071
6990.32282183
6990.18861348
6990.77557986
6991.72369467
6992.79581421
6994.16063284
6994.73913802
6996.71616029
6997.86330853
7001.11847437
7004.33605267
7006.44411904
7009.55782108
7011.04773171
7012.35176071
7013.07584181
7013.37627726
7013.64436639
7013.8321159
7013.25505345
7012.11671489
7011.52279972
7010.2360904
7009.36641946
7009.06944793
7008.71505314
7008.79767881
7009.59798741
7009.58977014
7009.58733772
7009.72748425
7009.98030975
7011.42995648
7011.87813543
7012.96079313
7014.59039726
7015.8335042
7018.65882137
7020.96466664
7021.59729147
7021.68327653
7021.29225601
7019.56078987
7018.22237242
7017.70352082
7017.59809031
7017.28007033
7017.64846026
7018.25819662
7018.57278055
7018.38885043
7018.35116532
7017.21040828
7015.97332315
7014.72661985
7014.44814589
7014.51512461
7015.43134612
7016.79154385
7018.56391511
7020.64061091
7021.9231872
7022.59359471
7022.20257419
7021.52833335
7021.26462119
7020.52948617
7019.80110478
7019.18529085
7018.38737286
7018.26642086
7018.02533231
7017.94591269
7017.10832323
7015.47223032
7013.38967301
7010.60307943
7008.14346886
7006.36773821
7004.63403479
7003.63612155
7003.06184
7003.43028569
7003.82371076
7004.033136
7004.67698202
7004.98458929
7005.05904649
7005.42853764
7006.54236379
7008.97782439
7011.50873489
7013.76711657
7015.20361847
7016.27168861
7016.63230734
7016.47989416
7015.59942019
7014.73166591
7013.32651368
7012.20258844
7012.05503313
7011.57672421
7011.17172947
7010.43392505
7010.02974576
7008.5053282
7007.15905591
7005.71114463
7004.42463743
7003.82026773
7002.14664304
7000.62869334
6999.14707664
6997.93771694
6996.85160924
6995.08921858
6993.20727683
6991.72294195
6990.6852248
6990.19653802
6988.91234476
6988.71417556
6988.7429325
6988.82200364
6989.84110474
6991.20485701
6993.48174322
6995.73925369
6998.5451324
7001.30628661
7004.36726294
7006.50280383
7008.39325558
7009.70875669
7010.61577124
7011.28047754
7011.66753928
7012.10286611
7012.38803795
7013.25981374
7013.78102807
7013.10247996
7011.89556662
7010.72069295
7010.22537799
7009.46379299
7008.95966138
7007.5669361
7006.45480358
7005.158497
7004.04144387
7002.83463508
7001.97754442
7001.84546182
7001.77741674
7001.83256093
7001.99756834
7003.55616527
7004.74779407
7005.83933116
7006.08744516
7006.33075007
7007.09487203
7009.249252
7011.66602685
7013.98184575
7016.70333545
7018.99581983
7020.4470905
7020.67575905
7020.04658423
7019.08765246
7017.4731168
7015.48535425
7013.38515665
7011.01314114
7008.50657577
7005.57240598
7002.7319576
6999.1280006
6994.73888014
6990.73195657
6987.01870786
6983.77437293
6981.59115238
6980.16079775
6978.81083153
6977.84858915
6977.31477363
6976.51041564
6976.48531082
6977.41779262
6978.98487862
6980.38455268
6982.08751976
6985.40735038
6988.72446282
6992.0832331
6994.10871562
6995.59040899
6997.27646761
6998.32998504
6998.68134105
6999.21369991
6999.21527506
6998.95863714
6998.1503831
6996.45136086
6994.65483265
6992.94214285
6989.71585244
6985.9589665
6982.28743138
6979.72821697
6977.22586826
6975.9171626
6975.4181328
6975.89005051
6975.37021618
6974.65273538
6975.01360502
6975.68240253
6976.68684638
6977.9154703
6979.25867593
6980.63140516
6981.77335402
6981.5652321
6980.87998612
6979.74022575
6977.97093509
6975.23991782
6972.76597757
6970.58647884
6969.18368237
6968.22484817
6967.98326478
6968.74050766
6970.20051135
6970.99767661
6972.31686469
6973.08572604
6974.55784305
6976.91175827
6979.11864092
6981.46763554
6982.367081
6982.21169176
6981.77532644
6981.23073577
6981.01557447
6979.65993492
6977.17937346
6975.07083314
6972.4798718
6971.10013105
6969.60616406
6968.3918977
6966.95973095
6964.69108292
6963.51798652
6963.00669703
6963.20747986
6964.73147227
6966.49290809
6967.96408419
6969.00730042
6969.58586136
6968.79778457
6967.94379542
6967.29106305
6966.90086495
6966.62538098
6967.29772607
6967.89967032
6968.73487615
6969.78916721
6969.51523052
6968.76632339
6966.78600446
6965.61704805
6963.98503241
6963.2452277
6962.77237605
6961.97964351
6961.16334645
6958.6304008
6956.81278231
6955.066638
6952.49898329
6950.19124227
6946.25423863
6943.5666495
6941.88608997
6939.12716606
6937.83950189
6936.86932801
6936.24651651
6936.09137818
6936.61305948
6937.24140491
6938.65034866
6940.30177488
6941.0250684
6942.33648527
6943.5269362
6944.69228231
6946.6162513
6947.63127513
6948.82825666
6950.09053025
6951.05751201
6951.44944555
6951.17626855
6950.89759247
6950.68666874
6950.00856669
6949.13577332
6948.47304641
6947.02709361
6945.3181535
6943.31267399
6942.01547529
6940.38584328
6939.33751827
6938.77794277
6938.27967266
6938.57679752
6938.78779094
6939.47144784
6939.68334035
6939.87916773
6940.81031831
6942.20564328
6944.04125751
6946.15682327
6948.27355297
6950.26597825
6951.59298632
6953.2924128
6953.84448892
6953.41962358
6953.34864426
6952.60711803
6952.65061587
6952.24796294
6951.78758006
6951.49649793
6950.97432876
6950.15541109
6949.01849435
6948.38575104
6947.68694901
6947.51773888
6947.40933232
6948.48433034
6950.05980785
6951.84634152
6953.76703475
6955.19770302
6956.35633034
6957.51916736
6958.18899639
6958.8716148
6959.26165956
6959.75450725
6960.05324907
6959.47909995
6959.40772335
6959.31788405
6958.39574527
6957.96188207
6957.02949785
6955.85924508
6954.99291262
6954.34242448
6953.87602676
6953.92654308
6954.08467837
6954.04087387
6954.18673554
6955.37381314
6956.47129538
6958.32095353
6959.22727111
6959.30418861
6959.9556525
6960.42987718
6960.78602834
6961.45145949
6961.51758094
6962.4406885
6963.33324094
6963.98825241
6964.14744013
6964.31950087
6963.45718991
6962.23317295
6960.09032782
6958.23287756
6957.52262433
6957.11077838
6957.15042894
6957.10171778
6956.7704972
6956.62196614
6956.51401261
6955.91825048
6954.74365559
6953.48686715
6953.23682255
6953.94260821
6955.28836475
6957.18793982
6959.83163384
6962.84179416
6965.19462908
6967.15559318
6969.44671847
6971.71085014
6974.51523037
6977.29987243
6980.04519847
6982.58972775
6985.46174881
6987.52191251
6988.83055545
6990.16020503
6990.43929929
6988.97958136
6986.74954541
6984.95263387
6983.094633
6981.45442797
6978.73608857
6975.89469929
6973.14236871
6970.44019202
6968.66487258
6967.43525896
6966.48354779
6966.6722173
6966.78800476
6967.31924847
6968.44414947
6970.27770763
6972.40158127
6975.22165027
6978.83362241
6983.11122783
6987.52068585
6991.44731162
6994.39859897
6995.92491229
6997.66479085
6998.90757719
7000.4722238
7001.84243001
7004.16282799
7007.54250734
7011.02608386
7013.96467243
7015.673048
7016.27732709
7016.08872728
7014.65503417
7012.70024521
7010.77850653
7010.1970462
7010.85358403
7011.73979405
7011.96884594
7011.15477221
7009.73135939
7007.7595853
7004.8918506
7001.47735068
6998.42584615
6996.77266356
6996.26422468
6995.74107975
6995.58766293
6995.61826684
6995.19558302
6993.88546251
6991.29374844
6989.28092984
6987.33867239
6985.55558175
6984.8668788
6983.90410674
6982.26963079
6980.56575765
6979.1098382
6976.38544213
6974.1466174
6972.2754717
6970.96558119
6970.56037038
6970.3714639
6970.49732257
6970.1878056
6969.66936521
6969.83315293
6969.27314531
6969.32638677
6969.2735147
6968.88369297
6968.43497039
6968.15285824
6969.31340921
6969.31199436
6969.18363358
6968.4472928
6967.75407349
6966.73045603
6966.60976888
6967.31432787
6966.89589556
6966.942474
6966.68363365
6965.88623839
6965.53702207
6964.35535992
6962.85530142
6960.34065818
6957.5917079
6955.99574646
6954.63333934
6953.94403003
6953.48725049
6953.28149827
6953.91426945
6953.94519397
6954.36101961
6954.82146521
6954.80347644
6955.78465546
6957.8129398
6961.24393
6964.74607377
6967.92096969
6971.07191775
6972.47318786
6973.25787738
6974.39048686
6974.53370005
6974.95641174
6973.93933882
6973.39676936
6972.81015147
6972.66670131
6972.99125886
6972.60333289
6972.05202344
6971.59208662
6971.4733928
6971.27012179
6971.84951909
6971.90713055
6971.97530806
6972.57182292
6973.99978694
6975.57768991
6976.79186567
6977.39663961
6977.62203938
6977.95618026
6977.87816155
6977.77599983
6977.03537967
6977.19964132
6977.32654543
6978.15195188
6980.0777748
6981.73548769
6982.70791278
6982.95687708
6983.7830014
6983.81302683
6984.23198186
6983.07578696
6982.57118837
6981.08463713
6980.4294096
6980.14180535
6980.20283195
6979.57816652
6978.69665406
6977.96097541
6977.07580387
6974.87557728
6973.34195275
6970.90387155
6968.87438843
6967.35721934
6966.53708895
6966.67625275
6966.07118608
6965.35010196
6964.52981823
6963.53560589
6962.62934407
6959.71434093
6956.93990946
6953.53165438
6951.09652833
6950.40858508
6950.04182605
6950.63167789
6951.21996154
6951.53074002
6952.03645375
6951.39980045
6950.37707511
6948.90093659
6947.08057204
6945.03370652
6943.22930953
6942.16480787
6941.96042868
6942.2551699
6941.88035391
6941.40176621
6939.94882281
6937.59761183
6935.0926704
6933.14947204
6931.69604773
6930.88980793
6930.87699067
6931.67953654
6932.32954376
6933.08011665
6933.69901815
6935.21769269
6935.79869302
6936.14852267
6936.17963537
6936.38031365
6936.57255164
6937.08058629
6938.09460648
6938.79485124
6939.25540835
6939.86133926
6941.41157256
6943.66050334
6946.51832018
6949.37322369
6952.2430284
6953.68828422
6954.23585095
6954.08214141
6953.57271282
6953.35681971
6953.08712058
6952.73292094
6952.23150053
6951.77241402
6950.99325843
6949.77050299
6947.47178074
6944.0872714
6940.42614203
6936.56477347
6934.48492737
6933.59703068
6933.90091613
6934.98377596
6936.66490701
6937.96616207
6939.00869527
6938.91214415
6938.15653218
6937.92297787
6938.27944266
6939.83557232
6941.47006917
6943.08889816
6944.8016716
6946.52992472
6947.68960447
6948.60897627
6949.68282429
6950.23478192
6950.22744284
6950.04923483
6950.35555968
6951.88582481
6953.0219958
6953.69113483
6953.54247134
6952.53104387
6952.4978542
6952.35841858
6952.32835831
6951.15421646
6949.38815974
6947.33962148
6945.24235116
6943.87951888
6943.41772116
6943.14037629
6943.07125787
6943.12614418
6943.75104659
6944.63402964
6944.53844731
6943.31753884
6941.65692656
6940.50300377
6940.582284
6941.12138255
6941.75981312
6942.16051454
6942.91361045
6942.71681429
6942.03588951
6940.85931524
6939.6843858
6938.67723075
6938.63093807
6939.32360677
6941.45992827
6944.73453954
6947.82878917
6949.17693631
6949.80346962
6950.01149396
6949.79238085
6949.1809857
6949.79277812
6950.52073436
6951.76622493
6952.70865945
6954.45008528
6956.06317821
6957.485908
6958.07228196
6957.62420756
6956.87709164
6956.80704626
6957.79468618
6959.74350908
6961.48688643
6963.74201326
6965.46368002
6966.74149602
6967.99909294
6968.71950798
6968.23254271
6967.70544596
6966.48990415
6965.14080914
6963.76840748
6962.27472624
6961.87968421
6960.99877813
6959.92600344
6959.29822952
6958.71164647
6958.02693019
6957.07205478
6956.58569587
6956.98942214
6958.02460231
6958.95825501
6959.13037151
6959.5280202
6959.71377638
6959.87688804
6959.12365273
6957.47773256
6956.96609458
6956.55614439
6956.12510391
6955.12314824
6953.95753032
6953.06499182
6951.98238987
6950.68536541
6950.22113527
6950.2013762
6950.26958855
6950.5036865
6950.38771086
6950.61644911
6951.22233821
6951.53180638
6950.82443163
6950.24187706
6950.45238958
6951.80349187
6953.36580364
6954.73196045
6955.27952718
6955.73103764
6956.20804322
6956.83061078
6956.69393516
6956.667067
6957.32480362
6957.8648849
6959.11866243
6960.55446039
6962.49730329
6963.68056847
6964.6232748
6965.50245938
6965.44088914
6965.1053125
6964.38731595
6963.51321228
6962.0010544
6960.87301704
6960.17319047
6959.91595315
6959.82731263
6959.34609038
6959.0558934
6959.18338297
6959.14911301
6958.91023385
6957.92953574
6956.25653832
6955.15725791
6954.4517371
6954.52148279
6956.47139993
6959.06605521
6960.98642784
6963.15513052
6964.7094829
6966.89271738
6968.62743838
6969.79170418
6970.01472729
6970.02550243
6970.69913691
6972.26761686
6973.59572614
6975.44056823
6976.36759973
6975.61943138
6974.00408724
6972.29900137
6968.67096409
6967.09425991
6964.40206381
6961.34700475
6959.51248476
6958.60387416
6958.62253202
6959.36235067
6960.40988811
6960.80607317
6961.23482062
6961.09228349
6961.22820638
6961.98239654
6962.4940136
6963.75365264
6964.73379318
6965.55838417
6967.29527274
6968.64433987
6970.40059721
6970.51730467
6969.55124988
6967.03873936
6965.67929435
6963.07252575
6961.62340174
6960.61571699
6959.88751681
6959.49135963
6959.08067762
6958.27132237
6957.30624333
6955.70055918
6954.56787304
6953.00488521
6952.37254615
6952.55208536
6954.16146345
6955.45928942
6957.50140162
6960.09453752
6962.07850159
6964.12398712
6964.17469162
6963.33285064
6962.05016283
6960.94060212
6960.26865431
6959.58269742
6959.04294372
6958.00729657
6956.44908995
6954.74189923
6952.35457132
6949.45832361
6947.05265147
6944.55703548
6941.35879807
6939.25181896
6938.24610664
6939.42427697
6942.34161496
6945.76408821
6949.15137846
6952.56288141
6956.52496896
6959.83382232
6962.72221519
6964.96305416
6967.51370979
6969.88861772
6971.19257005
6972.99116129
6975.28968838
6978.159054
6980.8793937
6981.98500956
6982.06964251
6981.72969588
6980.37011148
6978.02196019
6976.28176102
6975.18326818
6975.04550529
6974.80993674
6974.2889315
6974.81804249
6975.88557597
6976.67040488
6976.58554193
6975.53076996
6974.181431
6973.20999561
6972.00456682
6970.66030877
6971.02032113
6971.27216391
6971.74815192
6971.73315315
6971.72708255
6971.86193211
6971.61058418
6971.63274083
6970.03317606
6969.35258583
6968.89928416
6968.90645598
6969.15043694
6970.23800828
6970.47874834
6970.88423097
6970.1509011
6969.40018882
6967.60023152
6965.34826196
6962.915185
6959.92539708
6957.41997474
6955.65591135
6954.35160356
6952.66050586
6952.03098952
6951.98770774
6951.59265177
6951.13051951
6950.90615822
6950.41539447
6949.46233118
6949.23469413
6949.95423796
6951.45472161
6953.93639125
6957.05709086
6960.13791687
6963.35014244
6966.8395735
6969.78679055
6971.96116656
6973.33305943
6973.94878275
6974.79352312
6975.85840115
6977.68534508
6979.31061406
6980.44111868
6981.59341753
6982.84888173
6983.81329168
6984.20477219
6984.30774239
6983.76114445
6983.21405167
6983.55416557
6983.85386921
6984.42921015
6985.5471763
6985.9240832
6985.88073173
6986.14454843
6986.65858398
6987.0333233
6985.56549265
6983.89584765
6981.76631463
6979.84334928
6978.20253092
6976.76754145
6975.18887878
6973.14376962
6972.11547549
6972.58797169
6973.63860367
6975.15421155
6976.303611
6977.21956069
6977.71798413
6978.89497659
6980.9681527
6983.75906749
6987.23418977
6989.7262791
6991.85796575
6992.97818312
6994.5307652
6994.35216689
6993.65356002
6991.98151048
6990.87437522
6989.47440844
6988.89353356
6988.4633643
6988.03332049
6987.66387813
6986.97271488
6985.88602172
6984.60994118
6983.51146228
6983.14668264
6982.95907253
6983.63328549
6983.87882767
6984.34777629
6984.48441009
6984.09678382
6983.97882878
6983.90479674
6984.04798902
6984.72163743
6984.67685718
6984.93973297
6984.99911473
6985.78775606
6986.94345612
6987.63435452
6989.09570336
6990.17248562
6991.32297235
6992.10014854
6992.5232366
6993.52091985
6994.21940127
6994.60283876
6994.54745761
6994.24805366
6993.66811273
6992.57000322
6990.89575126
6988.44545916
6985.81824149
6982.87039019
6979.1051476
6975.56494932
6972.83191781
6971.00095237
6969.49436327
6967.64103906
6965.45105095
6964.21099673
6963.33676761
6962.28548745
6961.20508792
6960.30749639
6959.78765509
6960.10355629
6960.9504712
6962.45090607
6964.57160849
6966.1024103
6968.80936819
6970.14847564
6972.90025562
6975.14434247
6976.42550391
6977.74456653
6977.52026797
6977.64588269
6978.31651323
6978.67106136
6979.09764124
6978.62414141
6977.26443853
6974.70200412
6973.52316469
6970.61621154
6968.75377098
6966.31412857
6964.54890821
6964.40086503
6963.75497688
6964.19226917
6964.88290273
6966.77587053
6967.90807576
6970.31565063
6972.65287344
6974.82304673
6978.37197803
6980.1523714
6982.38759977
6986.06873912
6987.4401929
6989.17114329
6989.99574822
6990.81715407
6991.18079764
6991.13493011
6990.1754338
6989.0929573
6986.57571437
6984.00789936
6982.50697662
6980.2841752
6979.21317082
6978.66860803
6978.60496779
6978.92225596
6979.0391516
6978.78167034
6978.22104939
6977.59731789
6976.97116094
6976.58711708
6977.10948141
6977.89105548
6979.44008999
6980.67197573
6981.59485329
6982.34911314
6983.11204329
6983.90570279
6984.71468865
6985.14156823
6985.39392676
6986.08727849
6987.04742996
6988.11851101
6989.21455749
6990.21171103
6990.80513135
6991.49962611
6992.47544544
6993.70602784
6994.51966945
6994.765128
6994.05491658
6993.36024758
6992.47339635
6991.94907354
6992.20152268
6991.98192169
6991.84181001
6991.5233579
6990.79455833
6990.38447571
6988.68265165
6987.57780943
6986.01627129
6984.71175441
6983.61614005
6982.96933888
6982.37764705
6980.83274556
6978.58269266
6975.26323144
6971.35993322
6967.48893254
6964.14466619
6960.90582337
6959.9974567
6959.58138015
6959.47534329
6959.09870821
6959.04994826
6958.78971397
6959.1196591
6959.36478309
6960.00158276
6962.26560292
6965.32970864
6969.79936387
6973.83960256
6977.85001097
6981.07432896
6982.43487517
6983.0684409
6983.05256395
6984.06922566
6985.15983578
6986.18946112
6986.30130373
6985.74091278
6985.11033704
6983.89863553
6982.23399477
6979.36921521
6976.70383151
6973.51335834
6971.02382689
6968.88686418
6967.24034461
6966.33799976
6965.19069818
6964.29891937
6963.28620947
6962.90781107
6963.99819119
6964.78487404
6966.44361147
6967.95001936
6969.91997436
6972.31714347
6974.13071954
6976.36769033
6977.7813874
6979.27260137
6981.39395197
6983.24982709
6985.64888499
6987.07816629
6988.17683337
6987.971116
6986.65224156
6984.68898444
6983.17162717
6981.32435962
6979.13967544
6977.07005387
6975.64202015
6974.53194368
6973.20050986
6972.29999107
6970.78931773
6969.55716714
6968.47027884
6967.82348463
6967.77898316
6968.46292581
6969.95654432
6971.2490106
6972.61778105
6974.18056676
6975.47311668
6975.79470515
6975.89352838
6975.56398053
6974.69982958
6973.6471276
6972.3364983
6971.81867822
6971.81183398
6971.95439899
6972.20974752
6972.15664545
6972.41559732
6972.83957053
6973.35787849
6973.66099031
6973.93194398
6974.00541845
6974.44648134
6974.98214384
6975.91443745
6977.49238921
6979.53538656
6980.41921295
6980.56554856
6980.41532386
6979.81077295
6978.92239535
6977.04586208
6975.0638983
6972.91991014
6971.11561771
6971.17844946
6972.11298731
6973.33457185
6975.09956221
6975.46718548
6975.9113917
6975.60426534
6975.39452646
6975.12514794
6974.97589203
6975.17665395
6975.673788
6976.53726986
6977.95516268
6979.6076483
6980.33237061
6980.71468599
6980.16856199
6979.94965099
6979.26034865
6978.7554434
6978.70291982
6978.70291982
6979.38222762
6980.05632907
6980.68063905
6981.39007683
6981.62156114
6982.09283067
6982.11852095
6981.41312559
6981.42320376
6981.49244763
6981.79074339
6982.22107993
6983.13922508
6983.63042792
6984.64929902
6985.12716188
6985.39559252
6985.34456045
6985.27475203
6984.4289453
6982.92607802
6981.31587751
6981.007406
6980.60275276
6980.62964183
6981.24988151
6982.20263813
6983.44402356
6984.27499182
6985.76573881
6986.24542076
6987.15263046
6988.48602276
6989.44284271
6991.33728809
6992.47652574
6995.01115805
6996.37744032
6997.29682607
6997.71550929
6997.83901916
6996.67749245
6993.82442894
6990.09488509
6984.99516989
6982.96778464
6979.81928991
6977.42994079
6975.39796948
6973.76335415
6973.43745841
6972.31463439
6971.29098208
6969.81861415
6967.58977699
6966.07238487
6964.42909924
6963.70356148
6964.01700935
6965.41621644
6966.44516571
6967.81238192
6968.87195601
6969.38486944
6969.83477687
6969.45971694
6969.2751247
6969.25945683
6969.880735
6972.09330491
6973.82387197
6975.12475067
6976.56769953
6977.14269198
6977.00283121
6975.23669086
6972.99754552
6969.7000667
6967.80969162
6965.1070619
6963.63378792
6962.89059593
6961.09171197
6959.93440192
6957.50614798
6953.75277477
6950.50151893
6947.21117707
6944.46483345
6942.12981306
6941.09694682
6940.86258402
6941.16200887
6941.43733951
6942.05116707
6942.06049252
6941.27450664
6941.50459004
6941.9162966
6942.72540791
6943.39679815
6944.25804275
6945.24393327
6945.93812137
6946.1876293
6946.42773512
6946.21743866
6945.74794641
6946.08447092
6946.34669854
6947.13577896
6947.62879392
6948.23957573
6947.86239702
6946.86078287
6946.4050209
6946.04539187
6946.49426778
6947.60269243
6948.62888868
6948.91143991
6949.34201342
6949.55159897
6949.24964412
6948.42651676
6947.60909758
6947.04242693
6946.60791555
6946.47002023
6946.91859645
6947.62238878
6947.91387515
6947.64093512
6947.34250693
6946.68244244
6946.87706407
6948.08942073
6949.75721179
6952.2713811
6955.03931681
6957.66942691
6960.47513138
6963.76107536
6967.0536545
6970.13705232
6973.42965933
6976.78532113
6979.31633617
6981.88854905
6983.75679537
6985.60708079
6986.45690903
6987.71869474
6988.28595084
6988.23398483
6988.4345516
6988.34506078
6987.71324444
6985.95111166
6983.1744011
6980.0224285
6976.63221795
6973.68290999
6971.29144905
6969.68747247
6968.13812432
6967.37865811
6966.28065315
6964.77382708
6964.34569993
6963.88403463
6963.43804417
6963.78779019
6964.49518584
6965.79167364
6967.26485701
6968.6178202
6970.28857338
6971.48156825
6972.57217837
6972.96722737
6972.61511863
6972.24629658
6972.10364096
6971.78412249
6972.25180263
6971.92304932
6970.92279426
6969.25264745
6967.61846423
6965.78083577
6963.97489151
6961.85853818
6959.94395039
6958.98544378
6958.41341344
6959.02969434
6960.11569052
6961.74520405
6962.91812621
6963.04800638
6962.96434222
6963.30180764
6962.95954707
6962.80294511
6961.98685714
6961.74600556
6961.20460701
6960.43568293
6959.47666753
6959.14360695
6958.67058803
6958.8899172
6959.11289153
6960.39415752
6960.99898722
6962.01974014
6963.13942083
6964.28610908
6964.97263749
6965.13565853
6965.24361903
6965.6981404
6966.3891991
6968.09846678
6969.88617136
6971.49193915
6972.4720309
6972.49917784
6971.65310626
6970.02317456
6969.6001074
6969.52385899
6969.35512977
6969.00510497
6969.8869659
6970.68213087
6972.00273379
6973.27869585
6973.73560781
6973.16553596
6972.27521382
6971.84313486
6971.23462516
6971.01606265
6971.03120082
6971.34471142
6971.62524144
6972.23509628
6972.78269089
6974.06818051
6975.3440659
6977.16441651
6978.82532151
6981.29130238
6983.43278842
6985.71713917
6987.80996283
6988.8817757
6990.28020218
6991.4848434
6993.27135616
6993.67167424
6994.68232111
6996.08457395
6997.28660154
6997.65922904
6997.76054046
6998.10100981
6998.760914
6999.32292889
7000.42617506
7001.1376689
7001.67902563
7002.26798534
7002.81649297
7001.72058589
7000.48407925
6999.30641073
6997.50113556
6995.92278654
6993.88999281
6992.30072925
6990.96732998
6988.60141992
6987.67675114
6986.66058428
6987.04529723
6988.006759
6991.36953685
6993.27165585
6996.2451347
6998.96103471
7000.92284911
7003.89294069
7004.97067779
7006.26197317
7006.96136065
7006.96090065
7007.89603093
7008.8938675
7009.65013463
7009.20164901
7008.85023027
7007.21666039
7005.87952537
7005.22854935
7003.56055617
7002.51815539
7000.95963513
6999.84404564
6999.89807468
7000.41871052
7001.42693194
7002.50675298
7002.72715549
7002.14377153
7001.56660453
7000.79140773
7000.06611391
6998.97619378
6997.91273758
6997.45909439
6997.98163993
6999.51260901
7001.61937902
7003.46728081
7004.79700009
7006.96540307
7008.57029268
7010.26075614
7012.16667362
7014.21974218
7016.12923512
7018.78909185
7021.03454476
7022.69347037
7023.98694029
7025.03001712
7025.53364692
7025.07450466
7024.06640172
7022.58228988
7020.54390646
7018.64936351
7017.17852892
7017.3000594
7017.32921361
7017.32921361
7015.98687223
7014.29058908
7013.06143546
7011.46010039
7010.16140321
7008.61578384
7008.39589709
7008.63992685
7009.3732149
7010.00125367
7011.11768649
7012.5997144
7013.55476405
7013.58539584
7013.79547624
7014.35743537
7014.51574491
7014.77209011
7015.04657044
7015.54408085
7016.45768176
7017.0447736
7017.4000396
7017.36275873
7017.4024999
7016.57466103
7014.7768295
7011.60824115
7007.92992453
7005.31982441
7002.9839119
7001.46783705
7000.95510484
7001.45257343
7002.5500487
7003.4014033
7003.87964252
7004.22478854
7004.52608127
7004.87003547
7005.47059274
7006.55000257
7008.38075893
7010.41111326
7012.00425197
7012.71291611
7011.87390483
7010.72119477
7008.38284286
7005.47523456
7003.16861565
7000.90906306
7000.10236326
7001.17744492
7002.60020955
7003.96048395
7004.78668494
7004.5623585
7004.25356639
7004.14592649
7003.28749069
7003.17506262
7003.57291343
7004.79781554
7005.89986989
7006.06254246
7006.16953417
7005.51393028
7003.6022837
7001.10588014
6998.57614055
6996.14733601
6994.44434104
6992.58834048
6989.81548416
6987.42088686
6985.5201827
6983.63973942
6981.17573098
6979.42698697
6977.55851066
6977.33101301
6976.94901127
6976.58142285
6975.83449511
6975.14309489
6974.51776036
6973.09205452
6972.6630004
6975.04623711
6979.01445799
6983.3599691
6987.67788023
6991.3562805
6995.08682101
6997.39360022
6998.75682279
6999.36004249
6999.37783611
6999.93895191
7000.28082915
7001.26066999
7002.00708197
7002.08241735
7001.10045075
6999.17154026
6995.9898001
6993.59860401
6991.07067654
6989.03446767
6987.45163713
6986.08801031
6986.01940068
6986.362867
6986.08212789
6984.56008699
6983.25897829
6981.68926471
6980.41725447
6979.34618735
6977.87705337
6976.08994819
6973.3585894
6970.51502558
6968.05866985
6966.59992768
6965.68413132
6964.60121574
6963.53406559
6963.07932817
6962.96625192
6963.029237
6962.97860221
6962.3747413
6961.97199776
6961.61202024
6961.80163066
6962.1381482
6962.94096588
6964.15380346
6965.33477561
6965.68538586
6965.340435
6964.57787424
6963.84986224
6963.29071189
6963.89046766
6964.940326
6966.70392242
6969.65528644
6972.61435893
6975.7284234
6977.63533058
6979.41510365
6980.96917725
6981.60376055
6982.33177255
6983.04602638
6983.84236225
6986.01305826
6987.45335864
6988.02288686
6987.29724455
6985.42197976
6983.22975438
6982.06124403
6980.32041759
6979.67461309
6979.55594017
6979.7547227
6980.1614529
6981.42358013
6982.93331256
6984.88257455
6985.78823
6986.65815186
6987.2356534
6987.77526771
6988.00134355
6988.95185593
6989.24044291
6988.945402
6988.50330759
6987.36164449
6985.43479005
6983.8295659
6980.66508967
6978.82497303
6976.77978719
6974.19145342
6972.65142375
6970.99097874
6970.28646854
6970.68514177
6970.93319304
6970.65966059
6970.69988964
6970.62044911
6970.48437985
6969.72950667
6969.44631422
6970.08038177
6970.04453666
6969.95482978
6969.42429697
6969.10916941
6968.67207227
6967.18524224
6965.94120137
6963.29291432
6961.2878739
6958.79418851
6956.74524602
6955.30562867
6954.14435286
6954.7592677
6955.64797984
6956.66170034
6956.83822168
6956.75969418
6957.74028078
6958.97063318
6961.20000005
6962.93806649
6965.02497289
6967.44130865
6970.50781195
6974.07265505
6977.24918885
6980.14938837
6981.42610315
6982.72365034
6983.33049428
6983.99367422
6985.1996118
6985.51700452
6984.76254951
6984.06088991
6983.89978553
6984.63847509
6986.26487316
6988.11263556
6989.37341763
6990.38027299
6991.20457822
6992.02463892
6992.73196488
6992.37076766
6992.47771059
6992.48675027
6993.44887416
6994.90959573
6997.04062027
6998.14606886
6998.12079676
6996.92346675
6995.19135242
6992.85684778
6990.83711526
6989.64691524
6988.489877
6988.24286422
6988.55058997
6989.8707538
6991.43760284
6992.5875529
6992.66472131
6992.90091016
6992.58318291
6992.83301841
6992.54645264
6992.79547269
6992.90937834
6993.1783317
6994.23221156
6995.77535668
6997.70028749
6998.93208262
6999.96170098
7000.44228899
7000.40806084
7000.63900849
6999.35133038
6997.92329666
6995.86480568
6994.16694041
6993.03875669
6992.07266008
6990.90120156
6989.3047174
6987.2942685
6984.89444393
6982.56235777
6980.11031629
6978.31415748
6976.29853707
6974.64637205
6975.09071767
6976.20856534
6978.05655077
6980.0304297
6981.84914243
6983.76419718
6985.53320208
6986.45427449
6987.10021839
6986.99479486
6987.02574028
6987.48097255
6988.25097693
6990.38336753
6991.97847169
6993.10551238
6993.10297542
6992.84379355
6992.74178517
6993.35203729
6993.79411775
6994.3790699
6995.17003214
6995.86400417
6996.88891799
6997.22674584
6997.63758118
6997.67624902
6996.80967959
6996.78104113
6997.12342018
6996.69260274
6995.64628499
6994.14760649
6992.62129317
6990.81799043
6989.01518253
6987.74524229
6986.35823913
6985.74579853
6985.29946655
6985.82046482
6986.37487578
6987.15198925
6986.85752681
6985.54572661
6985.01178563
6985.46561699
6986.36935579
6988.1683652
6990.37713663
6992.71655489
6995.31436048
6997.33285937
6999.40653032
7001.31857417
7003.17728595
7005.08663949
7006.71981907
7008.25021663
7010.26585098
7011.6045751
7013.28790856
7014.68650929
7015.64206773
7015.13229763
7013.9791206
7011.9748817
7010.05850967
7009.20666022
7008.14581068
7007.66435146
7005.53490904
7003.41459692
7001.43079315
7000.02683273
6998.80636335
6997.73946411
6996.74437359
6996.00012222
6996.04058824
6996.54830227
6997.17116953
6998.03224685
6998.18449276
6998.11956313
6997.39359325
6996.57618103
6996.4848084
6996.4848084
6996.14458995
6995.12698733
6994.0415766
6993.60942794
6993.72331267
6993.62446156
6992.57413625
6991.16897008
6989.89309166
6989.51678415
6988.6537135
6988.4870264
6988.09310649
6988.14540704
6988.62187596
6989.31540193
6991.70123136
6994.55980093
6996.46500751
6997.6836578
6998.93583231
6999.42990666
7000.19835681
7000.55872463
7000.37593754
7000.16737653
7001.15098797
7002.64975011
7003.36101395
7003.89737341
7003.15760354
7001.93510598
6999.66487582
6998.00978354
6996.80546293
6996.42810997
6997.44803349
6998.22593454
6999.33728645
7001.22163972
7003.89310099
7004.71579623
7004.93606631
7005.75801579
7006.51684776
7007.69972961
7008.71029284
7010.86845735
7012.93354165
7014.73050197
7016.36616276
7016.31064918
7016.37666608
7015.38506738
7014.89582999
7014.37254566
7013.8227556
7013.25165224
7012.93930558
7012.82782539
7013.23671619
7014.51702037
7015.07362678
7015.11748704
7014.88034334
7013.18477109
7011.94732354
7011.06059079
7010.271824
7009.70407306
7007.29334092
7006.74427571
7007.0417839
7007.80727889
7008.21090061
7008.62110869
7007.69588234
7007.31426393
7007.368286
7007.54031886
7009.01277041
7011.80411035
7013.64455457
7015.80635726
7017.13997956
7018.9781656
7020.23874555
7020.61798032
7018.41495889
7017.16046348
7015.246036
7013.04379517
7011.35710928
7008.02451716
7005.308422
7002.40657066
6999.57155167
6998.26890267
6995.85706933
6995.13452854
6994.74182832
6994.77281556
6995.81211483
6996.47816628
6998.7177995
7000.64871029
7002.19253148
7003.7992332
7006.94878733
7010.08148874
7011.4067056
7012.31381075
7013.13109054
7012.49698117
7011.88983057
7010.3930757
7008.29943658
7007.13711532
7005.83961692
7004.7220341
7003.96805304
7002.45593
7001.08707592
6998.83979695
6996.20135111
6993.76835778
6991.66775594
6989.27644136
6987.61240697
6986.06982639
6984.99459837
6984.66423507
6984.59145756
6984.00475603
6982.46506787
6980.68153117
6979.55451836
6979.28063045
6979.28609469
6979.98251308
6980.54895373
6981.4239774
6982.23088629
6982.65231556
6983.39207846
6984.03855903
6984.85405457
6986.19468141
6988.42714282
6991.00031055
6993.6966327
6996.0398843
6998.28109266
6999.80903689
7000.84815494
7001.75673767
7002.71221247
7004.02783904
7005.06465709
7006.69974636
7007.63289725
7007.81686919
7007.72828443
7006.24654227
7005.02969016
7003.72954327
7002.11504246
7000.43587687
6998.65257017
6996.84608228
6995.80902029
6994.61783754
6993.38159574
6992.20403177
6991.09951015
6990.23314283
6990.61304669
6992.55115718
6993.89034129
6995.72456158
6997.20884767
6999.34447917
7000.57481067
7000.57079613
7000.36677936
7000.81150831
7001.13457435
7001.8033649
7002.86574777
7003.20731834
7003.43643296
7002.54217295
7000.97383239
6998.92840262
6996.8253126
6995.52996087
6994.05515355
6992.44209547
6993.00117612
6994.01095178
6995.52449663
6996.0341343
6996.14296601
6995.87486295
6995.51939482
6995.53987874
6995.54926691
6995.74631398
6995.80517302
6995.7308343
6995.09810494
6994.54285064
6994.26127517
6994.18833039
6993.81502682
6993.76293536
6993.84700376
6993.98289181
6994.44810468
6994.90828543
6995.67866617
6996.11231332
6997.60777879
6999.74963422
7003.52568681
7007.41135171
7011.06332291
7014.08630746
7016.45071904
7017.76018439
7018.0926177
7018.97880681
7020.20775831
7022.14359668
7024.13000712
7026.77610568
7028.84934452
7030.10250872
7030.33903909
7028.46266612
7025.74208247
7022.75513819
7020.19967347
7018.08378013
7016.4262624
7015.58830354
7014.45166558
7012.46613333
7009.59667013
7005.85026661
7002.3659304
6998.40852647
6995.55909417
6992.61973196
6991.03909687
6989.98961489
6990.06837936
6990.41491932
6991.27059513
6992.69464916
6994.34614508
6996.17282416
6997.89727183
6999.86317744
7001.44522041
7002.20295813
7002.80065784
7002.78550573
7003.36971909
7003.82293712
7003.74115478
7002.71333459
7000.96897452
6998.91895869
6996.81723473
6994.4883407
6991.4415895
6989.37192612
6987.25295914
6986.06165094
6985.4842191
6986.38125305
6987.89178699
6989.60006498
6990.37968056
6991.13238617
6992.50903934
6994.08515807
6995.42998763
6996.36766185
6997.34081875
6997.75251834
6998.29744355
6998.51268849
6999.12588182
6999.92088648
7000.14265504
7000.00733851
6999.40034124
6998.45914733
6997.3098106
6996.07413335
6994.54838458
6993.39989118
6991.93903022
6990.57158401
6989.19739114
6988.05464077
6986.84959531
6986.22633775
6986.27457497
6985.52876238
6985.05292771
6984.695522
6985.62629623
6986.13743935
6986.82647684
6987.17368589
6987.75012107
6987.48024074
6987.00343727
6986.52191533
6985.92986107
6985.06828194
6983.41760146
6981.43442496
6978.57593206
6974.20549734
6972.00992651
6968.49881275
6964.127695
6961.46470887
6959.27035076
6956.86007863
6955.96330953
6956.21605139
6957.35208995
6959.92518102
6961.64434566
6963.8259353
6965.96204074
6967.02942088
6968.483807
6969.68283065
6970.16263108
6971.72379286
6973.05317759
6975.37108042
6977.31518484
6978.33911594
6978.00724718
6977.39302931
6976.01852977
6973.70922754
6972.80599753
6973.119766
6973.88418766
6975.19930544
6975.48548788
6975.84098389
6976.19673778
6976.55601136
6976.44628056
6976.13196845
6976.71846089
6977.75458198
6978.67150742
6979.49992478
6980.56387583
6980.52272678
6979.39263337
6978.21449788
6976.9835182
6976.80299626
6977.42921594
6979.33725221
6980.73756051
6981.56105726
6982.91655045
6983.58451857
6983.79947775
6983.67669272
6984.40121291
6985.67628284
6986.86570226
6990.11875628
6992.8110848
6995.280669
6998.9381811
7001.36916018
7002.7777415
7003.25756284
7003.23258347
7003.35803092
7003.13441538
7003.44908295
7003.7530381
7003.58386281
7003.39206391
7002.47478301
7002.37428008
7001.93585173
7001.54887364
7000.64000515
6999.98118823
7000.31079184
7001.61343387
7002.82792327
7004.5578979
7006.08854637
7007.14412683
7009.03469009
7010.18035379
7011.16953402
7012.59454289
7012.29305501
7010.29706125
7008.05802743
7004.88906969
7001.8643009
6999.23210686
6996.98418669
6994.81528885
6993.19728926
6992.32864286
6991.50392641
6991.14831192
6991.45230191
6992.32724892
6993.75876749
6995.71623977
6999.0253301
7002.78600755
7007.0227218
7011.03953536
7013.94678124
7015.8523363
7017.40562233
7017.68636144
7018.40090103
7018.36920985
7018.18861821
7018.04944047
7017.457205
7016.38032517
7014.518254
7011.63085083
7009.41161789
7006.2214723
7003.44491507
7001.93874416
7000.33440515
6999.57031107
6999.16330905
6999.27400167
6999.77549177
6999.67286309
6999.97897187
7000.20464347
7000.07426147
7001.1306783
7002.76572575
7004.47365526
7005.63126501
7006.78608688
7007.95769874
7008.3763959
7008.91049021
7009.82395172
7010.73141233
7011.23453334
7011.71680104
7012.16135575
7011.53348426
7010.39841448
7009.55895017
7008.21499182
7006.78810809
7004.95922659
7003.48161746
7002.44808213
7001.75657737
7001.7510504
7001.67922775
7001.54453849
7001.02529658
6999.96809219
6998.72937615
6998.20405668
6998.05471713
6998.43489281
6997.86304369
6997.60505364
6997.50837707
6997.64097542
6997.81803343
6997.92234181
6997.61117303
6997.1342232
6996.65127944
6996.35232853
6997.16252711
6997.66088086
6997.94209391
6996.61525312
6995.05370104
6993.84520558
6993.67933393
6993.47499656
6993.63663761
6994.05500719
6994.66335658
6995.47859425
6996.47353144
6997.16201833
6997.71044232
6998.49445578
6999.91227891
7001.70424894
7003.9251755
7006.40947272
7009.01438041
7010.88367915
7012.57410079
7013.64156457
7013.83537074
7013.08256756
7011.71914983
7010.15675442
7009.16959541
7008.10801405
7006.67874669
7004.46949435
7002.00390379
7000.35106271
6999.39820851
6998.23808967
6996.94115582
6995.99224647
6995.41393644
6994.70310472
6994.69847685
6994.05411507
6993.78170474
6994.24467336
6994.1431668
6994.65260235
6995.07394102
6995.35546074
6995.9524356
6995.11230219
6995.00865593
6994.52028279
6993.3439873
6992.83255841
6993.16479657
6993.68049787
6995.04756771
6995.28867717
6995.16317396
6994.29780331
6993.59298644
6993.27623494
6992.75877728
6991.81232125
6991.13092951
6991.03940354
6991.1966955
6991.21055822
6991.94925475
6992.21673751
6991.47988098
6990.18305864
6990.03920424
6990.22351072
6991.3575211
6992.3153656
6992.80749541
6993.1568093
6993.66966
6994.27683848
6994.59229362
6994.61373239
6994.68043929
6994.13300499
6992.67312675
6990.90020489
6989.17853116
6987.53644432
6986.33680733
6985.04960317
6984.9143633
6985.96425649
6986.82888139
6988.92652111
6990.10292114
6991.75035374
6992.13737365
6992.58083412
6992.6562392
6992.6562392
6993.07630241
6994.16572769
6995.66025922
6996.87494376
6997.23722128
6997.05412056
6995.75412701
6994.87991879
6994.00794784
6993.43686538
6993.28904523
6993.46383112
6993.88106464
6995.52095603
6996.6508752
6999.23880473
7001.75316919
7003.23953225
7004.58660605
7004.58691272
7004.01695935
7001.85090515
7000.19575711
6995.96173316
6992.95120345
6990.67552996
6989.09828912
6988.67713863
6989.24498018
6989.86127502
6990.6607124
6991.76443948
6993.25271224
6994.31414723
6996.53503198
6998.66429319
7003.87670131
7007.5065298
7013.45775991
7020.35627544
7024.08361686
7028.31851202
7030.64973393
7031.96737473
7031.66400504
7030.33264788
7028.81373637
7026.97148003
7025.60928897
7024.25258305
7023.2833013
7021.40812014
7019.15492391
7016.85764439
7014.9441857
7013.45485355
7012.26128717
7011.55954393
7010.67214209
7010.59679277
7010.60762367
7011.27973875
7012.30373258
7012.92271772
7014.1283556
7015.39753615
7017.09899778
7018.69257558
7020.7772935
7023.56367102
7025.368758
7026.21448806
7026.15158661
7025.86895174
7024.96801476
7024.05994779
7023.03570306
7021.84778213
7020.23457768
7018.28794326
7015.05592377
7012.24494324
7009.84388504
7007.73557472
7006.23779531
7005.6536865
7005.71315887
7006.424813
7008.09457648
7009.48024843
7011.65986565
7013.71860056
7015.36735739
7016.74318117
7018.11963222
7019.20523113
7020.38402874
7020.86964886
7020.65849513
7020.18606167
7019.14714574
7018.72586979
7018.69181589
7019.02359404
7020.50835407
7021.96481019
7024.27298334
7027.10006384
7029.39395609
7032.05509525
7034.66018416
7037.59988092
7040.41199053
7043.23313983
7044.52670733
7044.71339744
7044.26363638
7043.39532452
7041.50568823
7038.81028607
7035.89765262
7032.77981756
7028.69495194
7025.39686676
7022.48966967
7020.58082491
7018.06020864
7016.35811277
7014.78350646
7014.30417997
7015.19063393
7015.94142288
7016.29853586
7016.04588459
7016.26255832
7017.32348453
7017.91378939
7018.32810958
7017.94014876
7017.08981173
7016.03027946
7016.09902848
7015.86536265
7015.07541799
7014.41055835
7015.24929781
7016.27828194
7018.02498383
7019.38127156
7020.86911219
7021.65421989
7023.41527238
7024.59018787
7026.38293153
7028.67552742
7031.36448261
7033.75673113
7036.22170836
7038.85111452
7040.24931797
7039.77454965
7038.44009099
7036.9980691
7035.09816645
7033.77940353
7032.87935867
7031.16143463
7029.21551809
7027.32315665
7026.10255484
7024.8716588
7023.91798218
7022.58286836
7020.66298361
7019.45119149
7018.70213103
7018.82494394
7019.94614403
7021.125318
7023.62913731
7025.99899222
7027.69213204
7029.46483784
7032.11385671
7033.76345688
7035.32125926
7036.52258987
7037.77064529
7039.98945307
7042.98126917
7045.20797361
7046.72517755
7047.92030514
7048.29160841
7047.68418599
7045.82824814
7044.39707806
7043.12750024
7041.96241898
7041.66320322
7041.43659072
7041.80744095
7042.67864523
7042.45887
7041.18548673
7040.52220921
7039.81853537
7038.99837013
7038.70085497
7038.61218657
7039.14604392
7040.10859993
7041.07032654
7042.73916305
7043.62536611
7044.34348114
7045.1000619
7044.4985219
7044.01039269
7043.80672441
7043.46326506
7042.85437203
7042.4046249
7042.41766519
7041.72556104
7039.99899458
7038.14860461
7035.89399353
7033.51470864
7031.88698633
7029.16486238
7026.63257886
7023.98898938
7022.55520566
7022.27210382
7021.8697018
7021.89243693
7022.21689691
7022.11003065
7022.58908532
7022.80403056
7023.63221792
7023.87052556
7024.27552727
7025.06342982
7025.74968641
7027.13834835
7028.43048009
7030.09277903
7031.09372409
7031.98948259
7032.57166777
7033.57501737
7034.24283912
7034.79475494
7035.43381975
7036.35538701
7036.78854628
7036.47546083
7036.33701491
7035.87353052
7035.79240333
7035.30994048
7034.8895009
7034.2212749
7034.1631686
7034.17556768
7033.68431605
7032.86886929
7031.87423877
7030.67136785
7030.04555938
7028.8349312
7028.8833357
7028.6169402
7027.50902434
7026.97091549
7024.06135567
7021.39995166
7019.15592754
7015.90357746
7013.36650576
7009.90527407
7005.03810257
7002.46211909
6999.46993359
6998.29640507
6996.86365984
6995.35122317
6995.57430204
6996.75318328
6999.10122305
7000.83100254
7004.339656
7006.90495495
7009.81640355
7011.38169138
7012.35707162
7013.1433781
7013.55745436
7013.50265865
7013.16586232
7012.72242974
7011.38187259
7010.96590058
7008.07766802
7004.79822675
7001.89422875
6995.96792225
6990.21692436
6985.55549114
6981.54923667
6978.81078971
6976.75722631
6975.84050995
6975.41361644
6975.36914285
6975.38449707
6975.77539214
6975.97745042
6976.45095025
6977.64011876
6979.42953091
6981.95402232
6984.51175916
6987.24116643
6988.9542535
6990.5525916
6993.07416969
6995.02141744
6997.71371808
6999.95788856
7002.18486482
7003.68759968
7002.97877524
7002.1436391
7000.59135672
6998.88801327
6998.10437617
6996.3989
6995.90306231
6995.35605316
6994.80753856
6993.99508877
6992.99960794
6991.72710982
6990.61869214
6989.12722727
6987.95168451
6987.63623634
6988.15524127
6989.01775435
6989.75099362
6989.49372145
6988.99647589
6987.93494331
6987.16690438
6986.08532001
6985.21555148
6984.21303128
6983.67812151
6983.72005813
6984.25613881
6984.96547204
6985.23344965
6986.3587061
6987.95895389
6989.05960037
6989.83853292
6990.69087722
6992.31199924
6993.51165713
6994.67383203
6995.59625656
6995.7187628
6994.81403431
6993.25075375
6991.35012626
6990.14738777
6988.83420756
6987.22729675
6984.6400363
6981.69447804
6979.21928324
6977.75962803
6976.83225502
6976.28594981
6975.57638658
6975.77390062
6977.42456018
6979.01703677
6980.84855282
6981.53518577
6981.51884882
6981.59332693
6980.9951951
6981.11209074
6981.24494
6981.33440991
6982.01877074
6981.47502341
6980.83602829
6979.52363566
6977.76146106
6975.97382618
6974.0150645
6973.75727658
6974.46647042
6975.69013889
6977.46013348
6979.34545554
6981.57791694
6982.56285262
6983.12382206
6983.46742081
6982.9792916
6982.56810777
6982.4511494
6982.44673759
6982.85956627
6982.5935332
6982.30169834
6982.03167861
6981.29593025
6980.32192305
6978.75618219
6976.35333277
6973.91280521
6972.5143857
6970.17230501
6967.89824153
6966.60873736
6965.43492308
6964.54423852
6963.82038743
6963.42351934
6963.46963081
6962.48451391
6961.22313245
6959.82887384
6959.02108677
6958.13339917
6959.05231795
6959.80007508
6960.79773742
6961.87496573
6962.45082243
6963.06673394
6964.08350716
6964.23944701
6963.99472028
6962.66403222
6961.16897796
6959.3033174
6957.25482793
6955.7653773
6953.66005698
6951.12402376
6948.78093943
6946.14065359
6944.02374965
6942.17298332
6940.059153
6937.85531612
6935.77011032
6934.80634159
6934.33990903
6934.3643587
6934.45381467
6934.62530389
6934.63121419
6934.14088953
6933.07153696
6932.06461888
6931.40856893
6932.07383978
6933.10382754
6934.47595041
6936.39359091
6938.39050467
6940.41072508
6942.35059193
6944.4710992
6945.64993863
6946.48557658
6947.13154139
6948.03511988
6949.17757055
6950.93222486
6952.04168799
6952.18726391
6951.48474006
6949.48778449
6947.23983643
6944.85019458
6942.17166604
6939.43358848
6936.41131483
6933.641337
6931.67842836
6931.03642233
6930.81886346
6931.45987979
6931.81647004
6932.68168735
6932.696714
6932.99009613
6934.61267482
6936.59382314
6938.24078876
6939.13996938
6939.86815562
6940.23274707
6940.46917987
6940.21201922
6939.16450966
6937.34100178
6934.95216145
6932.68433583
6930.48464591
6927.84809582
6925.30463988
6923.31027703
6921.66199413
6919.3239698
6917.85399248
6916.1517154
6914.55698063
6913.71636632
6913.00078825
6911.79126824
6910.02863364
6907.51780282
6906.11138907
6904.48389676
6903.0217255
6901.44957252
6899.75998027
6899.41874425
6899.09179609
6898.64531775
6898.097988
6896.66474094
6895.81799331
6893.55200769
6892.46452696
6892.03819103
6891.71361256
6891.97664866
6892.99561734
6893.82577712
6895.03090622
6896.3531958
6896.75234995
6896.60166525
6898.43190584
6899.75795906
6903.11414359
6905.4340746
6908.16375369
6911.84981364
6913.6830512
6916.124673
6917.41274141
6917.57848064
6917.82611372
6917.79614406
6917.6288018
6918.1975982
6917.53965946
6915.87397325
6913.92747823
6909.40881911
6906.64972793
6902.41341095
6899.34709584
6897.83557917
6895.67142073
6894.85310942
6894.22597672
6893.17404141
6892.63556316
6890.5167774
6889.13057575
6888.91430627
6889.69205398
6890.82790436
6892.51108449
6893.81107107
6894.92413056
6896.36281397
6897.40582808
6896.92547705
6896.07712638
6895.99328101
6896.78441052
6898.35182411
6900.26402825
6901.75839949
6902.4079746
6902.23422022
6901.45926039
6899.82870142
6898.83740241
6897.82303373
6896.58542587
6895.73533278
6895.69950858
6896.5466744
6897.68391871
6897.54682491
6896.01251735
6893.90181644
6891.8364185
6890.40324115
6889.05035462
6887.94942239
6887.0273324
6885.47016426
6884.08472928
6882.64283982
6881.26353816
6879.5114278
6877.55893884
6875.98838889
6875.39806312
6875.24528055
6875.31860865
6874.93910206
6873.3217855
6872.41405307
6871.68454259
6871.28635723
6872.04647162
6872.68169614
6874.23084217
6875.72081553
6877.53161765
6879.01079496
6880.12378476
6880.64267818
6881.27371391
6881.98957077
6884.02562631
6887.21962615
6889.91766284
6891.93956991
6893.91282855
6895.64904802
6897.29438274
6899.28408984
6900.87143674
6902.23819295
6903.547728
6905.09193252
6906.82390048
6907.91591151
6908.49565033
6908.04645381
6907.4261514
6907.61781787
6907.11042444
6906.72967027
6906.52267048
6906.7561551
6907.11230625
6906.9897791
6906.91548221
6906.96420034
6906.90816403
6907.28034548
6908.05732652
6908.68146226
6909.89753377
6910.86464796
6910.43224839
6909.96820643
6910.82896314
6911.48815642
6912.09723763
6912.56636747
6912.93408831
6913.20848501
6914.067569
6914.5935715
6914.47585344
6914.00637512
6913.66416334
6914.35137477
6915.08995282
6917.0531054
6919.57860046
6921.87603331
6923.77842413
6925.02854258
6925.94976833
6926.56626529
6926.57455225
6926.47248114
6926.46394327
6926.86002378
6927.39183204
6927.63248846
6926.40258909
6924.46104951
6921.66794624
6918.95079866
6916.00444585
6913.35443032
6911.32848083
6909.55253412
6907.88949639
6906.7514854
6905.91561048
6904.43831499
6903.03977699
6902.44805031
6902.30914439
6902.30112925
6903.49650078
6904.81335401
6906.65607035
6909.17937692
6911.87797119
6914.54778064
6916.01706099
6917.45016864
6918.81537758
6920.19127105
6922.3050944
6923.87831373
6924.46510587
6925.16175427
6924.12697136
6923.12691145
6921.19737368
6918.88858721
6915.70391281
6912.35288586
6908.42790494
6905.41818371
6902.46470787
6898.39176043
6893.34939881
6888.21552515
6882.32251286
6875.94259803
6870.06010997
6863.47702868
6857.10372808
6850.83847162
6843.78738261
6836.65257368
6831.27476785
6827.23735886
6823.26637798
6819.80049054
6818.26533965
6818.82738242
6820.63664425
6823.21522742
6826.44079299
6829.7702836
6834.11420562
6839.02136222
6846.01042099
6853.43133569
6861.01658871
6867.95511723
6873.65131941
6879.62684586
6885.27940385
6889.88636894
6892.84019325
6896.44003814
6900.13021021
6904.37126657
6908.48652003
6912.34473133
6915.74134005
6918.07284075
6920.70715357
6922.64637921
6924.99358262
6926.81221868
6928.30194113
6928.94141018
6930.27809915
6931.45592797
6931.10363105
6930.06826966
6929.19499538
6928.71792707
6927.43100169
6926.05057095
6924.86929213
6923.98492211
6922.12264185
6919.87438016
6915.52332815
6911.99652561
6906.79037627
6901.99913258
6896.72384392
6890.87244068
6885.25856447
6880.40793902
6878.13846856
6875.69070646
6872.91963439
6871.02813022
6871.15114525
6872.59903562
6875.38815919
6878.51225304
6881.81504973
6885.28518869
6890.02269607
6894.58177939
6898.67026924
6901.93305992
6905.9916498
6910.37858178
6913.74842689
6916.22433957
6918.26624965
6919.82462354
6920.29392762
6920.70252569
6920.54765918
6920.01129972
6919.42299516
6918.90346749
6918.32981322
6918.12664676
6915.89941262
6914.0449175
6911.40856256
6908.81116819
6907.13990623
6906.15425267
6905.82333179
6906.94587006
6907.93256907
6908.50575638
6909.21520112
6908.94010746
6907.02936694
6906.98043972
6908.17825064
6910.60837246
6912.96503374
6915.53447965
6917.23961431
6917.15409621
6916.38938183
6916.18440324
6915.68523405
6915.23345874
6915.48241607
6916.30776676
6916.25911832
6916.17590022
6915.00743169
6912.22547993
6907.93716907
6903.48974018
6900.64262182
6897.75563682
6895.66180255
6894.35533416
6893.92899823
6893.71098632
6894.69294595
6895.53328147
6895.97411436
6896.77939235
6898.14691522
6900.91032761
6904.57262092
6908.20083244
6912.2327981
6916.55533015
6920.44339262
6923.13221539
6925.13340157
6926.73075694
6927.5204716
6927.6484142
6926.88720557
6926.80458687
6927.39663415
6927.55679066
6927.21081525
6926.86273499
6925.90213747
6924.80898341
6924.50717492
6924.7558674
6924.92479178
6924.21019643
6923.93057247
6924.76197982
6925.22692087
6925.79382151
6926.89197981
6927.99260537
6928.7297407
6930.64428666
6933.09686482
6934.94754751
6936.85421076
6937.97021146
6942.12126822
6946.8496244
6951.01834235
6954.68207838
6958.06908984
6960.05467089
6961.46167706
6961.75666222
6960.74069747
6958.96985258
6955.72509249
6954.26214759
6952.92252438
6951.42965163
6949.69351579
6948.23767301
6946.36901548
6944.15130891
6942.0303974
6941.05938019
6940.44274383
6939.99130307
6940.15863139
6941.81119368
6943.64435457
6946.43187512
6947.87313034
6949.6655534
6950.30869548
6950.73723384
6951.44421829
6952.34013709
6952.91645378
6952.80370511
6952.66967797
6952.41988428
6950.86721856
6947.76031197
6944.02992479
6940.72589446
6937.00447727
6933.38039877
6930.43519596
6927.51109737
6924.22186369
6921.21626154
6919.30832982
6918.04858623
6917.46327166
6918.01206505
6918.91414506
6920.14598201
6920.79005106
6921.6026054
6922.81119147
6923.92243884
6923.65146426
6923.71129905
6924.01797238
6924.69498019
6925.68632101
6925.45062701
6924.23421398
6923.21913439
6922.68101856
6922.63537407
6922.70980338
6922.35275314
6922.22274054
6922.1391182
6921.98432138
6921.33324082
6920.78074653
6920.51117983
6921.32961658
6922.97067191
6925.50928392
6926.78286234
6928.10460132
6929.74000423
6931.77733523
6933.51174955
6935.0474162
6936.55764348
6936.97997184
6936.34206399
6935.83869904
6934.76920011
6932.8052948
6929.69460367
6927.27876276
6925.23499874
6922.77457968
6921.72894497
6921.46942856
6921.5854739
6921.89282329
6922.22858114
6922.2947235
6922.13025275
6922.20572753
6923.23832195
6924.01415299
6924.8428561
6926.6529752
6928.79955608
6930.18522803
6931.65782595
6932.67889251
6933.32657883
6934.2055334
6934.70583169
6933.9815206
6933.46932505
6932.65330677
6931.74025648
6930.36517846
6927.97053934
6925.0142129
6922.64410709
6920.30689124
6918.6553535
6917.5546443
6916.59526647
6915.84233086
6914.68076232
6913.59105129
6913.53090287
6915.15853457
6916.53372411
6917.87092883
6918.84428089
6919.83794959
6920.84260252
6921.98710926
6923.97763181
6926.51395776
6929.41991425
6932.82816236
6934.59624726
6934.79487645
6934.87842909
6935.11140492
6936.54311167
6938.28142206
6940.47049017
6941.47348432
6941.40157803
6940.16309896
6937.58247366
6935.73045976
6936.5332635
6938.00198627
6940.59156065
6943.12232479
6945.48805364
6946.66048095
6946.21780109
6945.76000397
6945.69151283
6946.1765684
6947.03700451
6947.80997101
6947.16224984
6945.53052693
6943.38844846
6940.90785913
6937.26464186
6933.944407
6932.28426169
6931.00270994
6930.16735078
6930.45436958
6932.18904178
6934.53106671
6937.86142854
6939.57654379
6940.68899692
6942.63637709
6944.79937857
6947.8788664
6951.13339102
6954.18219828
6956.69942727
6958.28925538
6958.88603509
6958.76023915
6957.95376935
6957.28545275
6957.10109051
6957.40993838
6957.66739176
6958.53111059
6959.67926248
6960.55650251
6960.30263852
6961.10013833
6963.01974429
6965.59764444
6968.68814438
6971.26120059
6974.48562312
6978.45967763
6981.60984509
6983.00806248
6983.88519797
6984.12712288
6984.1483177
6984.36524234
6983.69389392
6983.4823917
6982.84844961
6982.19139602
6981.77418341
6980.62373153
6978.89399387
6977.53188644
6975.1908303
6972.61064409
6971.35358383
6970.48278379
6970.29267853
6969.42825576
6967.71976868
6965.52720875
6962.64737466
6960.02244304
6958.59153084
6957.17052256
6957.01389969
6957.24038673
6957.86958247
6958.09295406
6959.64768978
6961.40672105
6963.87252768
6967.09600233
6971.27230331
6975.34474893
6979.51003083
6983.04718335
6984.56813001
6985.20780119
6984.79193373
6983.98703211
6982.11028974
6977.98044872
6973.68192029
6969.90033377
6966.41834634
6962.70569703
6958.58933538
6954.02257147
6950.23628737
6947.9765466
6947.43086169
6947.92701302
6948.96239531
6950.49495348
6952.23315932
6953.63978215
6954.98171232
6955.77176153
6956.07202972
6956.73680572
6957.15939894
6958.05685804
6957.64310936
6957.29622789
6956.96134125
6957.07083508
6957.75005925
6958.00170688
6958.02800352
6957.47079771
6956.79795081
6956.58243406
6958.33463503
6960.50047317
6962.6736713
6964.29224241
6966.2661771
6967.51369585
6968.01476778
6968.6526129
6968.53374483
6968.21147334
6968.98445378
6971.01475932
6972.81651479
6972.08931128
6970.93057244
6969.91743739
6968.3626041
6965.77014426
6965.13726156
6964.94234024
6964.77425223
6964.67837717
6964.03236358
6962.38043553
6960.60116428
6958.65248774
6957.63894149
6958.40863223
6959.48480116
6961.43292709
6964.21356855
6966.30859463
6968.09880133
6970.37081572
6974.22872732
6979.54126201
6985.28471172
6991.55187091
6996.52753957
7000.35916846
7002.66167525
7004.60034331
7004.97010628
7003.92835368
7001.93533598
6999.76830602
6997.94833875
6995.54527328
6993.16397414
6991.08587046
6988.45805339
6987.39098689
6987.29873607
6988.10039678
6989.17333874
6991.50141732
6994.23249035
6997.81575434
7001.87009968
7006.41561301
7010.67712542
7013.89534493
7015.61046715
7017.17637528
7018.75798612
7019.92876162
7020.45174625
7020.24024404
7021.23126426
7022.92597226
7024.08583322
7023.635647
7021.95998716
7021.17445431
7020.86544614
7020.9550415
7020.90428125
7020.7369599
7019.51248295
7016.97818518
7014.53645186
7010.63477061
7006.3055407
7002.47288726
6999.14526452
6996.16892811
6992.60163864
6988.08657589
6982.78671907
6976.33062552
6972.1527494
6969.26627319
6967.99525264
6968.73978978
6970.55446706
6972.69531885
6975.29867928
6977.55400127
6980.1469908
6983.77796232
6987.73824472
6991.96248322
6995.25929993
6998.59168296
7001.31984962
7003.84488467
7006.13646996
7006.07714396
7004.80110523
7002.60644743
7000.80951498
6999.12558909
6995.46894123
6991.88208785
6989.01154436
6987.34379511
6985.37420254
6983.21870742
6980.23579162
6977.64466996
6976.47806234
6975.90321625
6975.74184005
6975.80888847
6975.89347959
6975.41052887
6973.56359586
6971.17304795
6968.672135
6967.13553441
6966.44784904
6965.71773916
6965.3890904
6964.58106636
6962.63574225
6959.17855995
6954.62172784
6950.52141042
6948.08661195
6947.67356024
6947.79893102
6947.52331463
6948.41762343
6950.28647611
6953.27367828
6956.45848509
6960.54789494
6964.71080017
6969.61898829
6974.78648373
6979.57291137
6984.71349684
6988.46907247
6991.32769083
6993.36741939
6993.39775845
6992.99468037
6991.64830354
6989.66192795
6987.18568073
6986.33512764
6985.73912157
6985.75516579
6985.69192283
6985.17519698
6984.37742535
6984.51049067
6984.91346421
6984.74835226
6984.25459851
6983.75496931
6982.24120143
6980.12311264
6977.65451117
6976.53720016
6975.90320231
6975.03528773
6974.87435061
6975.82565057
6976.98330214
6977.98152205
6978.26174541
6976.48272507
6975.17599183
6974.37274899
6973.47577777
6971.69905743
6970.05821119
6968.4704252
6966.97866063
6966.39040486
6965.09286464
6964.38272989
6964.32419844
6965.36495437
6968.35594804
6971.54851212
6974.30938057
6976.85266227
6978.61259263
6979.77721389
6981.42783861
6982.14337486
6981.1084665
6980.01699911
6978.19222275
6976.77904144
6976.00995705
6975.82583178
6978.80260032
6982.80700086
6988.16824671
6992.85900142
6995.50259089
6996.7103406
6998.02090716
6998.47955458
6998.52703908
6998.59702174
6999.2992668
6999.12457152
6998.29945083
6995.86698023
6992.74887335
6989.51023961
6986.85682287
