7096.02166119
7094.70968674
7092.69272118
7090.32756385
7085.36277488
7080.21322639
7073.8353258
7066.60880272
7056.67929447
7046.41426534
7039.19317862
7034.16127153
7029.88257884
7026.91718484
7026.22432796
7027.49769032
7030.14045737
7032.44456719
7037.60659839
7045.42268755
7051.59616016
7056.59705213
7059.68155814
7063.08109413
7066.69767324
7071.19736783
7076.28063457
7079.33085667
7079.90320064
7078.31767283
7076.33639906
7073.08999412
7071.71695822
7070.6254978
7069.91194791
7067.18686184
7062.7647399
7058.32971706
7057.45251188
7059.12886172
7060.74143889
7064.87962263
7069.64151696
7075.45361115
7078.74044726
7080.82530457
7083.77528859
7087.85527542
7090.30080024
7091.29879015
7091.42041821
7090.50661519
7086.67782296
7081.7246664
7075.80621474
7071.11840124
7067.56553207
7062.30494945
7056.5481946
7052.9374073
7049.75929836
7047.81433667
7045.20711503
7045.68133274
7047.63277624
7050.15301615
7050.28767056
7048.64714493
7048.06008794
7048.27273318
7048.90599921
7050.46518856
7052.27005949
7051.83619628
7050.20236155
7049.03939908
7049.28298975
7052.71472571
7055.12707481
7055.72402876
7056.28111608
7054.82556602
7055.78201658
7059.23229192
7062.65552486
7066.27530306
7069.89209126
7073.84843579
7075.82029351
7076.48401709
7075.10895998
7071.19416177
7067.0298417
7059.84520646
7051.95307799
7043.14562013
7034.35189256
7025.33290461
7018.36559824
7014.36169952
7013.03129721
7013.30127512
7013.47726676
7015.44876904
7020.53316486
7027.15533915
7034.04390196
7039.66223876
7044.50582483
7049.85115888
7055.55313196
7061.29817773
7066.6205815
7070.0902953
7070.15666069
7070.54730485
7070.12710921
7069.70313599
7068.28271317
7067.10462647
7064.56501083
7061.68590159
7058.63394403
7056.31080696
7056.543734
7056.69950657
7056.71344595
7055.74709843
7057.09893951
7059.80659437
7062.40921601
7066.79176406
7073.52607368
7079.71398053
7087.43123948
7092.89541371
7099.2567822
7103.53276368
7109.02111577
7112.73176478
7115.29808828
7116.20951464
7115.80979595
7113.44150225
7111.22841659
7108.49873053
7105.36285094
7102.55791314
7099.12115203
7096.47755558
7094.49620514
7092.01096005
7090.2506812
7089.2569428
7089.9279288
7091.52113024
7093.18276706
7096.3796175
7097.65424137
7096.22385887
7095.70600393
7095.83815622
7098.21551051
7099.52818889
7100.83660183
7101.12571154
7101.37410432
7099.93912182
7099.61564457
7101.26063777
7104.04810256
7106.09586718
7105.38885485
7103.0075139
7100.37234381
7097.80040274
7094.5525969
7092.47025565
7090.20231852
7088.14430846
7084.46661214
7081.36843857
7080.06065291
7082.46840899
7083.98974595
7082.75262597
7080.60603812
7078.61437254
7077.55923117
7075.12367997
7071.21764963
7064.1856506
7056.15127076
7046.74253774
7041.07415856
7040.33118961
7043.60101967
7048.35755431
7052.91238612
7058.84191958
7065.66803397
7076.00854484
7087.15448006
7098.74025847
7108.26976924
7113.32174904
7117.29517628
7117.61794262
7117.63146382
7116.11235019
7112.90468976
7108.35242977
7102.2170256
7095.80671595
7088.8134684
7083.68642504
7079.52852405
7076.47272619
7074.66772285
7072.19270926
7071.95294496
7072.56691192
7074.66772285
7077.7204401
7080.23573152
7082.22167499
7083.548007
7084.23535782
7083.04451659
7081.94456011
7079.62803728
7074.08281252
7068.13991119
7062.4500584
7055.79428323
7048.16107875
7040.36555018
7031.67852856
7023.20358764
7016.20547525
7012.83512135
7011.39268127
7010.90080237
7011.15138364
7011.98672886
7013.98601929
7016.78295588
7020.78735642
7026.0074312
7033.19819977
7040.88130724
7049.82599829
7058.86805592
7066.31328787
7072.66358849
7077.42939281
7080.58910177
7082.4918829
7081.68479977
7078.56369592
7073.56643516
7067.80793789
7062.30808581
7057.42100888
7052.23918376
7047.44090068
7043.31135935
7039.49392075
7037.55599844
7035.19836141
7032.0486191
7026.71276383
7022.52414741
7020.6233875
7020.15775645
7020.1293689
7020.87746058
7023.38594958
7025.70905877
7028.84172534
7030.3534511
7032.00261915
7031.58757411
7029.43205808
7026.95719086
7025.45724388
7023.81745703
7023.05905718
7020.57846784
7019.38810055
7018.30851648
7017.01056505
7017.23510058
7017.90193264
7018.31990495
7020.53099729
7024.22342753
7025.60102858
7025.0946109
7024.30090958
7025.53265592
7029.64867605
7033.1007635
7036.73524775
7039.06291512
7040.00417175
7037.25065632
7034.0315656
7030.72549315
7027.10125435
7021.33878436
7018.21536657
7016.11310595
7015.95826034
7015.06165851
7015.10375544
7014.80023241
7016.26963821
7018.73230848
7024.36630618
7028.90082831
7028.33042888
7025.78028901
7022.97217303
7017.76325672
7013.94168509
7007.17125155
7000.94271142
6995.34230763
6986.89528032
6981.46417029
6979.12882232
6979.51363982
6980.30841448
6983.43326802
6986.81583282
6991.8445687
6997.97579105
7002.36894696
7006.24411551
7011.66085404
7016.37582841
7018.78732024
7018.93792827
7015.92331432
7012.09349754
7008.04270674
7003.9426263
7000.31345296
6996.35499661
6989.23416889
6981.32159831
6974.35437558
6971.13871395
6969.78416864
6969.84184282
6972.27692706
6976.29568516
6981.48788815
6986.73810684
6993.23617185
6999.18036955
7003.93200449
7006.16353196
7007.1788067
7007.8708551
7008.32096465
7008.13633756
7007.80684546
7006.99998536
7007.40477102
7009.70670629
7013.15542739
7016.52207342
7019.91790154
7023.95290599
7026.58487002
7027.0733059
7026.35480055
7026.32873391
7026.62494574
7025.00679281
7020.51178185
7015.01750553
7009.69822418
7004.24135418
6999.33713181
6992.88899766
6987.09078012
6983.66008264
6981.43092487
6982.76854778
6985.54541167
6989.53910676
6993.15229163
6994.47726455
6997.08319679
7001.91728317
7006.97175812
7009.53069374
7008.68174368
7004.31908713
6999.44382383
6994.6391356
6990.60855691
6987.30653384
6982.88363827
6976.36494297
6971.82596023
6971.47551028
6972.65638486
6976.83904916
6980.26273513
6982.85398921
6986.56371822
6989.96812603
6994.07445829
7000.02729143
7004.31621562
7004.58004627
7002.66754939
6999.3678333
6995.94950702
6993.94422963
6991.71755307
6989.47520864
6987.97646045
6984.08265495
6979.55165251
6976.28445002
6975.09753272
6975.66296973
6977.46986186
6978.63735463
6977.40783859
6975.721773
6973.16471223
6972.75912506
6971.41492277
6970.00450145
6967.99969103
6965.91592099
6962.87717797
6958.41600486
6954.74793368
6952.11647843
6949.77183289
6949.43840989
6952.23239134
6956.37620659
6960.42062709
6963.99854533
6967.32660716
6971.69104097
6977.33725654
6984.3640283
6991.74991334
6997.15023824
7000.48950733
7002.49662471
7003.50904885
7002.75218931
7001.25643111
7000.15545009
6997.95372501
6995.246335
6992.43363296
6990.27994299
6987.62070656
6984.73120551
6984.80480544
6987.55499632
6992.02134095
6995.44506874
6998.6944567
7001.86301717
7003.62080783
7004.03496772
7003.96955021
7003.26600879
7002.51972924
6998.99327519
6996.01460392
6993.87472091
6989.47152168
6985.55039499
6978.97132127
6975.58436557
6972.87935221
6971.84668112
6969.80866013
6965.24774378
6962.02155095
6954.37305496
6948.5319808
6940.71246953
6936.15085621
6931.50221238
6926.50288162
6923.79186736
6920.4611222
6920.51746518
6923.75200073
6929.23247707
6935.83105199
6949.05348088
6959.69561903
6973.47475192
6985.61816826
6995.51465412
7005.64037309
7014.40049281
7020.6328384
7023.53026398
7021.53703719
7017.28548447
7010.06858654
7002.43329114
6993.04049781
6982.25288132
6972.55127496
6958.34338069
6948.60200528
6942.24016982
6938.00127406
6936.24071642
6936.548024
6938.71570213
6941.8558402
6946.04246329
6950.65927655
6955.27687042
6957.31427111
6958.2853859
6959.27456612
6959.23344495
6956.32348089
6952.66970454
6949.28379429
6944.77043214
6940.21379518
6936.33374785
6931.11892821
6925.6459652
6919.88634581
6915.90808858
6915.41867694
6918.63573251
6924.15041609
6932.95519759
6944.40200038
6954.30305139
6965.08047819
6975.77347416
6986.08386204
6993.9126639
6998.35248189
6997.52509605
6993.08538261
6984.27447475
6974.07661253
6966.30157485
6960.52408517
6956.76288499
6955.17389325
6954.87500506
6955.59604737
6959.70649872
6966.07841234
6973.1558886
6980.37871077
6985.48805809
6990.35780837
6994.84193964
6999.78503894
7002.49348138
7004.32344319
7004.77556001
7004.73105854
7003.99411837
7001.26645352
6997.44280492
6992.03641639
6984.55546478
6974.5972414
6966.46266529
6958.08148064
6950.27184542
6943.47459949
6939.06064603
6938.68270065
6939.98481995
6942.15557172
6946.40668535
6952.05263607
6957.39571891
6962.04094759
6965.52382714
6967.3654353
6967.79999547
6965.30422615
6962.11010086
6957.73291948
6952.28161826
6943.66842657
6934.65975376
6926.23546855
6919.37382966
6912.11701631
6905.12615239
6898.88811257
6893.73597135
6888.47501934
6885.16082023
6884.30854563
6884.79433302
6885.30025585
6887.54616876
6894.37519647
6902.23594043
6911.51997175
6918.75522088
6926.88063185
6934.94474439
6941.70316217
6948.91693769
6954.44463368
6958.14166392
6959.13894989
6957.84788451
6954.36413376
6950.696425
6948.84711533
6944.91623805
6941.42147518
6937.86608995
6934.297992
6931.89059835
6929.57271643
6928.2633138
6930.66456018
6934.95376317
6938.96373249
6942.13293417
6945.2081217
6947.88936144
6950.3656923
6952.92970186
6954.79915393
6955.33646127
6953.39125564
6950.13999283
6946.81528343
6942.21031864
6937.7404822
6932.57706403
6928.76876268
6927.15665248
6926.394949
6927.45525491
6929.2643634
6931.08594067
6933.44730649
6936.37764992
6941.70151036
6946.01362271
6949.11306476
6950.62206538
6950.07711926
6951.92125741
6952.96332364
6953.87804667
6955.12024755
6955.04511429
6951.78142452
6949.4713138
6946.03007815
6943.62562571
6942.23393195
6941.02340831
6940.11251861
6938.80778568
6938.09395003
6939.44277322
6941.82076175
6948.06883096
6954.39480039
6959.75948927
6965.52631532
6968.89866255
6971.60876378
6974.05354982
6977.30269385
6978.7209491
6977.43399584
6973.56234698
6970.01936083
6967.25558602
6966.58363123
6965.61082978
6966.483198
6964.56205174
6962.64678093
6960.29430843
6960.77136977
6962.77948383
6966.15779014
6969.14940412
6971.35529707
6973.74051317
6975.1933799
6976.59649001
6978.84290473
6981.07235523
6983.06916444
6982.89550068
6980.68717531
6979.2273598
6979.24826887
6978.37174672
6979.08340085
6978.80498265
6978.85572199
6978.56787379
6976.85931005
6976.39834869
6977.13967977
6977.3237911
6977.56596692
6977.13592311
6977.44460371
6980.50320337
6983.83799792
6986.96729812
6990.1072968
6992.64109972
6994.7576273
6997.48249033
7000.63377991
7002.86379495
7003.02342176
6998.83741898
6993.6034327
6987.62963473
6981.27418351
6974.52403875
6968.66623036
6964.60984987
6961.32337619
6958.46296663
6956.43756774
6955.72557906
6955.5548565
6955.87277891
6959.39070903
6964.33025379
6970.41708619
6977.21299394
6983.28219302
6990.01938113
6996.32925755
7001.85772717
7007.92624322
7013.56666698
7017.48490821
7019.38564722
7021.44609667
7022.11929206
7020.73832465
7020.5547709
7020.62584083
7022.06046788
7022.81527137
7022.22275014
7022.01779247
7024.30758654
7026.08639779
7026.76538499
7027.34094199
7026.56458822
7024.11266522
7022.21725105
7021.4155067
7022.31831156
7023.6809208
7023.70203199
7020.87184998
7016.6705069
7012.80211289
7010.71431438
7008.22888807
7005.67488002
7002.00107976
6999.35583149
6997.68571953
6995.88947011
6996.47946134
6998.89863377
7002.42731812
7005.04139793
7005.92877189
7007.64215169
7011.71630489
7013.32270692
7015.7946399
7018.50974537
7019.1485523
7018.21205597
7018.0138798
7017.28546356
7016.89859698
7015.50842958
7012.51657863
7009.5298295
7006.99294598
7003.11669015
7000.81334003
7001.47346725
7003.75637527
7009.04830756
7013.37534899
7022.12578781
7028.19375326
7034.22518359
7039.00457881
7043.70723775
7052.10250814
7056.62102786
7060.10594256
7059.43929171
7057.04882743
7050.16284341
7045.76469023
7039.7917356
7036.15251197
7030.59996904
7024.85562023
7021.04964677
7016.92968877
7016.79500648
7021.00902741
7025.80823746
7032.26523707
7037.89228599
7043.55850456
7054.88327506
7063.13496983
7070.73192496
7075.71699574
7078.63730282
7078.6645543
7076.76844317
7073.85832578
7071.3173162
7067.00301536
7062.0745315
7058.15401118
7051.96248707
7044.97035466
7039.59574792
7034.44215004
7030.29260571
7029.15180685
7029.88404248
7030.23127243
7030.56268119
7031.71755883
7033.90875967
7036.5923691
7039.30148761
7042.25656647
7045.78246294
7048.96991127
7050.64410051
7050.41061589
7049.99403752
7047.53234301
7046.16586559
7048.24631806
7051.4693118
7052.96068607
7053.9222245
7055.82299836
7057.79953274
7061.03765072
7064.5814593
7070.22412729
7075.48073022
7077.89496113
7079.38299692
7081.50882207
7084.12203066
7085.41796785
7085.40988998
7084.88605505
7083.6191048
7082.05599849
7078.90522467
7075.82761169
7073.65258053
7072.01163671
7071.27862745
7070.35284352
7067.05242349
7063.73896317
7062.07934059
7060.95185383
7062.00866793
7064.66349255
7066.89755698
7066.92940846
7066.46377044
7065.14677085
7065.32993431
7067.30102536
7069.34356969
7069.31066578
7069.61706032
7069.57127643
7069.1942162
7068.27630106
7067.10783253
7064.4891806
7063.26474546
7059.18956772
7052.7036439
7045.0167031
7036.26834822
7027.27354509
7019.67562117
7013.94320448
7012.42533145
7013.11691985
7013.38178201
7014.42062128
7017.29238446
7023.44512922
7031.51153479
7038.89187893
7045.03524248
7050.24250697
7053.09534048
7052.7374469
7051.93272649
7049.73434687
7047.78018519
7045.29033313
7042.60316915
7038.4090885
7031.48985905
7023.29675846
7014.71569007
7008.56567046
7005.65349004
7003.99717806
7003.64215599
7002.13912144
7002.53874952
7005.33045885
7009.47738955
7014.54610357
7018.76260572
7023.53712913
7027.4125904
7028.6829558
7029.09814023
7030.28187238
7028.76303754
7026.06012206
7022.78664685
7019.32535243
7016.06015024
7012.10094117
7009.01050396
7004.49585938
7002.63984487
7002.59522492
7003.80298159
7003.89163605
7004.58951808
7005.97630517
7006.73039775
7007.39729254
7007.60347688
7007.17948276
7006.17932527
7004.15276245
6999.30952487
6993.79126584
6990.63384991
6986.51946069
6983.7463674
6982.09589602
6982.00940217
6982.33619003
6983.84079276
6986.63030664
6989.38357116
6995.35334762
6998.83267262
7001.06191403
7004.71978158
7007.14037583
7007.66685227
7007.27107842
7006.48944163
7002.62375186
6999.62496607
6995.62439189
6993.53736004
6991.99858491
6990.71947952
6989.00292154
6988.66331643
6991.2652411
6997.6886677
7001.79046269
7006.77901831
7009.73792353
7011.83793295
7015.02287916
7017.62381413
7020.49978004
7021.40268248
7018.82382748
7014.53950328
7012.22134257
7011.89272865
7011.4900339
7009.72755264
7008.54591836
7006.39944899
7005.67339548
7006.95768631
7007.49760032
7006.69769597
7004.89564777
7002.19277411
7000.14429161
6998.65946885
6994.94838075
6989.21525315
6982.80158411
6973.91564754
6966.31812786
6961.42240155
6957.14791158
6954.95967983
6953.49433038
6953.56302365
6956.25949216
6960.71403013
6966.55630308
6972.26766434
6977.67716135
6981.34154557
6984.90446503
6988.33927463
6991.7475088
6993.25890001
6993.80231977
6992.61325581
6987.63046413
6982.66244819
6979.237661
6977.03736472
6975.06262154
6971.20349722
6968.06058521
6964.47500031
6961.89648683
6960.83616698
6962.53982407
6967.04320562
6971.36640675
6973.88619363
6978.52426444
6985.57688679
6991.93142498
6997.17983852
7002.08689755
7005.62100432
7008.4350515
7010.81775154
7013.37464505
7016.40958262
7018.04796159
7017.18282094
7016.84421946
7016.66745418
7016.55561156
7017.53943907
7018.8497826
7019.78801439
7020.47519098
7020.62767386
7019.92614668
7019.11900779
7018.29585952
7019.28303247
7021.2071757
7021.10614307
7019.9738333
7019.29437216
7018.20181749
7016.65091511
7017.87721115
7019.73967959
7020.69380924
7020.66629988
7020.38694773
7020.54731333
7022.60684279
7022.76649747
7020.98001259
7019.63880727
7018.42817212
7017.35504198
7016.84182885
7014.56340234
7008.47079904
7002.28710886
6995.20630807
6990.08010107
6987.41205495
6984.99779615
6982.0499588
6978.30976526
6976.67672508
6976.19855556
6978.2230205
6980.04718353
6979.43613687
6978.5363708
6978.51426294
6977.87446631
6976.91072545
6977.07216438
6976.20231919
6973.82363369
6971.56435989
6969.68819601
6970.55592241
6972.94246972
6974.52341148
6977.42237736
6981.31635711
6985.15719993
6987.47023792
6990.58159117
6996.00129879
7003.5189946
7008.44186089
7010.92295205
7012.50898167
7011.94422072
7009.70626023
7007.23532392
7003.65194144
6999.55597311
6992.01565368
6983.69215019
6977.55308693
6974.5647278
6972.85631042
6972.04670426
6972.64634153
6975.35736973
6979.69944478
6983.55330699
6988.78550903
6992.5937128
6994.3464365
6995.11098362
6993.04236568
6989.60906154
6984.01871501
6979.51081012
6972.72334964
6968.38136519
6963.28912847
6958.12323606
6952.92961822
6947.51233606
6946.35554873
6947.95141259
6949.9998463
6951.28694592
6951.97688948
6952.63737215
6955.13436117
6958.63246949
6967.32493443
6974.11811006
6980.31852053
6984.67912102
6988.30719315
6993.44311589
6996.05932842
6996.00911878
6993.86471244
6989.96976391
6985.86052529
6982.39210785
6978.3686243
6976.95582632
6976.08789082
6975.18294627
6974.86804174
6975.2750786
6975.3708282
6974.8358348
6972.74922113
6967.57256752
6962.27838402
6958.31776011
6955.1786884
6952.19603047
6952.43937023
6954.72455734
6958.73858302
6962.8372974
6968.99591064
6976.37621296
6982.509345
6990.00765811
6994.54770721
6998.19899538
6999.95026241
7000.12849829
7000.76734008
7001.04637162
7000.92117508
6998.43329544
6996.09864445
6993.14384437
6990.90196692
6988.04036553
6984.75964185
6982.10488692
6979.52965617
6979.12018688
6980.02063598
6981.56591383
6983.83616489
6985.783789
6987.40190708
6988.19813144
6988.72610636
6988.08732034
6984.98796192
6981.21494115
6977.3146399
6972.23517164
6965.77846477
6958.91437951
6952.33025276
6947.43694493
6943.9234545
6942.4453784
6943.7224347
6945.67512578
6949.12868384
6953.07231565
6960.44055344
6967.84868573
6973.19530917
6977.55657875
6981.68193129
6983.45239285
6984.79741757
6984.06964254
6980.78652127
6973.75082831
6966.55642156
6958.55506411
6952.8405177
6948.5289908
6942.71952419
6937.40388799
6933.02513146
6930.15042009
6931.24979808
6935.88372193
6941.99619582
6948.96694521
6956.10691171
6963.05227749
6970.20703367
6976.32194695
6981.43466062
6984.81825694
6987.09431375
6987.59027689
6985.79327475
6980.95425383
6973.67781384
6965.91567705
6959.56394068
6952.67491787
6945.47966082
6939.86227886
6933.85499154
6928.76783572
6924.56406022
6923.56023668
6926.16946559
6930.45284888
6936.86909671
6944.59147838
6953.86794759
6962.09887966
6968.53015414
6973.53687277
6979.20886224
6984.93035046
6990.12800375
6992.07486817
6989.71682689
6986.09282506
6981.28039351
6976.2790973
6972.64376972
6969.16570623
6964.68998737
6959.30735851
6954.11583855
6952.42300539
6953.47428556
6955.6719473
6957.98672771
6961.06868978
6964.30236806
6968.19790204
6971.3612213
6973.59118059
6973.51597763
6972.26360798
6967.37907498
6961.1156167
6954.57426294
6949.0581924
6942.00086551
6934.26376386
6927.31931807
6921.77306877
6919.71305144
6916.99705385
6916.58485244
6918.19778507
6921.88692563
6924.71098826
6927.97153469
6933.46252132
6941.06606978
6947.9250811
6953.82916126
6960.25252514
6966.34448723
6970.12693799
6972.97446757
6976.27229488
6982.41832085
6983.95847598
6981.13915274
6978.73407302
6975.39441363
6972.74965325
6968.35081007
6963.09818684
6958.57438409
6951.19918359
6944.9553171
6941.47959543
6941.93754588
6943.50421371
6946.59315244
6947.79913881
6952.50223683
6955.72858997
6958.86324986
6959.88426763
6959.729199
6959.09123539
6957.66029531
6954.59848261
6948.81477597
6942.23444073
6936.20065465
6933.33358903
6930.98568865
6930.1850246
6929.44725504
6929.92606577
6929.77467016
6930.35043625
6932.45002749
6939.34352484
6944.89171171
6952.34246366
6960.1440001
6967.7052286
6975.84742955
6982.21417166
6989.88016157
6996.78749376
7002.01648277
7004.39983099
7003.40375775
6999.50158165
6994.09933311
6987.75741703
6981.17480967
6974.34070105
6966.9518539
6959.61157851
6951.56709958
6945.88179103
6945.18022203
6945.93185431
6947.63786715
6950.36636139
6954.07596495
6958.47806298
6961.63697739
6964.07473102
6968.80051538
6972.878941
6975.29039101
6975.96011549
6976.42440139
6974.6057723
6968.80944355
6965.17193446
6960.84920727
6954.44957519
6944.55133296
6935.47135325
6928.79668326
6925.33037764
6927.34033169
6934.03710257
6941.89001259
6950.85936938
6959.80878589
6969.40495478
6977.53630392
6982.85663769
6985.13970601
6983.50902158
6979.6084973
6972.6120646
6964.31000684
6956.76885802
6951.39312218
6947.69260012
6943.71424532
6939.17877531
6935.37024396
6931.85733202
6931.25768777
6934.84229691
6939.81792376
6942.58408917
6945.730263
6949.13501929
6952.90642309
6956.28673668
6961.2772229
6965.80271929
6966.3030803
6963.85089245
6961.76418817
6961.42304276
6963.02049571
6964.87821779
6966.00013576
6964.17637697
6960.54038031
6957.83223756
6958.76108815
6961.90990348
6964.59213292
6967.35760834
6969.44269565
6972.32518519
6976.95621662
6982.74504598
6988.65092432
6992.08945573
6993.90625876
6994.50308725
6994.74549307
6992.64837608
6988.13385696
6982.01255247
6974.5283042
6966.76183227
6958.49543144
6950.26052665
6944.50635755
6940.05595261
6936.23624188
6934.32934167
6933.53980125
6935.1412548
6937.11126555
6940.00872599
6943.53218307
6946.63499845
6951.63584164
6958.92361435
6965.85745226
6972.86267374
6980.53882546
6986.71110626
6991.78952209
6995.49957171
7000.13238041
7003.99627897
7008.74206635
7014.01630259
7017.42198585
7019.43691626
7020.31279023
7021.08105916
7019.59903125
7017.35719561
7014.98667859
7015.15400691
7015.88531557
7016.9544242
7017.44651916
7016.96452328
7017.93848867
7020.44194556
7023.35557567
7026.66327903
7031.09851096
7035.65773367
7041.31105832
7045.2909604
7047.42954008
7047.93979109
7047.04829804
7044.91313351
7044.72300037
7043.46120769
7040.95358292
7036.82160221
7031.70891641
7026.49886405
7022.02159792
7018.44515725
7014.06946738
7011.35354646
7009.83021617
7012.18267473
7017.05083592
7022.32618034
7026.78824557
7031.3966046
7035.85365166
7042.35546637
7047.36033106
7051.00924257
7055.90942251
7061.02921739
7066.01059423
7069.07502056
7070.55531999
7071.53477052
7072.31977368
7073.91080754
7076.15756378
7077.9767156
7080.98155805
7085.71649362
7089.77207259
7093.87917848
7097.36799621
7100.89312601
7103.66128476
7106.20145798
7107.75464643
7109.40673477
7109.92527971
7108.46556178
7105.63522642
7103.44541952
7101.70112218
7100.83513819
7100.27861542
7099.5272689
7098.36487794
7098.71962819
7099.53522131
7103.10781471
7106.27212367
7109.83593525
7112.47890443
7113.59607604
7113.57140334
7113.69190928
7112.36712454
7109.99708146
7108.7175788
7106.13601259
7103.10259441
7100.17482976
7096.09275203
7092.5456677
7090.05553685
7090.52279184
7092.66491212
7094.39905463
7096.15533984
7097.84854936
7100.04658747
7101.88393715
7104.36967708
7105.56324347
7108.09720669
7109.92362092
7111.86299989
7113.44818619
7113.46226496
7110.93150082
7107.68487983
7104.3318247
7102.694993
7101.57043352
7100.25198423
7098.90739164
7098.15403784
7097.62747777
7098.41282243
7098.14922876
7098.76179481
7097.87984327
7097.09304891
7096.20002253
7095.44708692
7095.91482281
7095.85627742
7095.77110083
7097.09311163
7098.05883188
7098.52761323
7099.845721
7100.75770494
7101.89118562
7104.72722218
7109.12265021
7113.68348292
7116.98237659
7119.33081364
7119.48659318
7118.74702543
7117.74417068
7115.43343269
7113.40302957
7109.239051
7104.24938023
7098.82571384
7093.14102559
7088.10854698
7082.19003957
7074.60840381
7067.86550056
7062.01089823
7058.53030474
7056.33074027
7054.65355407
7053.7424065
7054.72959339
7057.4453331
7060.05199716
7062.17928594
7062.87541858
7062.07829513
7062.89953371
7064.80539544
7066.0854487
7065.66008852
7063.33465145
7060.44320586
7057.42853615
7054.46795123
7051.10995459
7048.22443323
7047.45658248
7048.75308422
7051.30810287
7053.90856391
7056.66988539
7059.6734733
7061.47555634
7061.95054072
7062.211695
7062.97850029
7063.96645385
7065.40632211
7065.64677641
7064.17861121
7062.89347008
7061.78305906
7059.70720659
7059.11025265
7058.4413018
7058.41502607
7058.97037097
7058.54229261
7056.42371594
7054.15584851
7051.28740289
7050.33729475
7050.24773424
7049.66980754
7047.06990408
7043.9824708
7039.19582711
7034.81307694
7031.62019226
7029.34145211
7027.25200875
7026.21352494
7026.16968559
7027.90994748
7029.99012116
7031.39771975
7033.64990538
7037.0511838
7042.28082099
7047.38584013
7053.15353739
7058.83188323
7064.26266568
7068.82237627
7072.85991768
7076.26781731
7076.94959935
7075.4826887
7073.81148946
7072.77293595
7073.02371237
7073.28088696
7074.14330943
7072.51346136
7069.98868419
7068.40364426
7066.82723281
7064.51510785
7061.58093805
7058.34379584
7054.92321138
7050.76899735
7045.50346625
7038.91648193
7031.086314
7025.27338345
7020.81997457
7018.76872511
7017.2245415
7014.57902839
7013.14240801
7012.32099519
7013.30421633
7016.07049326
7020.30492145
7023.86039729
7027.22984513
7030.53082971
7032.53789134
7034.12746854
7033.18774524
7031.53857719
7028.91058588
7025.68055274
7023.10015047
7019.97616814
7014.61575866
7008.53976413
7001.52627659
6995.8102317
6990.97797835
6987.0329526
6983.93279964
6982.07646453
6982.09521996
6983.67565293
6985.67709002
6988.97628339
6992.88712978
6995.66203519
6999.43134808
7001.08950006
7000.86481119
7000.37029775
6998.10742759
6996.01788665
6993.35601567
6990.92950416
6988.91904132
6984.71277765
6979.18152712
6974.32260774
6971.29102259
6968.35088674
6967.74679583
6966.37041448
6965.41275119
6965.41492574
6965.26951709
6965.10184029
6964.41400158
6963.80400038
6963.21430188
6963.05356688
6963.25161063
6963.57386121
6963.70469623
6964.06041527
6964.3109129
6964.80831877
6967.17296034
6969.84638009
6971.03779284
6971.43237487
6972.07445756
6972.8214759
6972.09088512
6969.18472651
6965.843715
6962.83634256
6958.33445948
6953.32300146
6946.47873801
6937.05591228
6927.39326648
6919.43266081
6912.44825779
6905.64692762
6900.59188813
6897.12303857
6894.76687911
6894.09368372
6894.41456825
6896.09452142
6897.50503334
6900.43314647
6903.91294542
6907.65722319
6909.85420887
6910.27371451
6911.1351682
6911.72278973
6912.96422394
6915.27020164
6917.06250621
6917.41725646
6918.36289703
6920.35946928
6923.36016476
6927.35954712
6931.26134686
6935.63753854
6939.74243504
6942.79780078
6947.52972544
6949.92753577
6950.19377793
6949.86004826
6950.83499638
6950.46936644
6947.74369492
6944.88858929
6941.80046602
6939.07375602
6935.17882143
6930.17694673
6925.33577218
6922.41918691
6921.60093834
6922.3705106
6924.3592977
6927.72160858
6934.81611876
6943.22744035
6951.58859411
6958.74594301
6964.2651081
6971.22800962
6977.66163288
6980.96150928
6981.24716899
6979.37071239
6977.49194881
6973.96039295
6969.01700092
6962.03324609
6954.22234935
6947.35146168
6943.23395701
6943.63591994
6945.64199187
6949.21527527
6954.68321313
6959.18724287
6964.66331437
6969.35788149
6973.44771649
6976.87912488
6979.94444333
6982.45536476
6984.238086
6982.60947854
6977.79373639
6972.21235985
6965.74437601
6959.43499444
6954.05711891
6949.45628018
6944.68374313
6940.63077082
6936.76372893
6935.01148614
6933.33894175
6931.88431866
6930.67841593
6930.90904297
6931.54923687
6934.17122728
6937.26058419
6939.73973777
6941.33327376
6942.7644299
6944.99618737
6948.92476465
6951.46794877
6953.09472321
6955.24776499
6957.35102925
6960.22794304
6962.32653064
6961.09302097
6959.49433438
6959.00228124
6958.22854807
6957.38531316
6956.75719773
6955.67746729
6954.42956521
6954.39684948
6954.86969416
6954.78977969
6954.86938749
6956.56314065
6959.19451226
6961.17470573
6962.64478063
6963.46604011
6963.55002487
6962.96066092
6962.21402591
6961.67240433
6961.30936014
6960.27064633
6959.23183495
6957.88023085
6956.32922391
6955.48863748
6955.7129012
6957.40823647
6958.22085354
6959.20871649
6959.52647859
6959.55196675
6958.80757598
6958.1875663
6957.37973044
6957.1111604
6957.08434104
6956.31605817
6955.80371626
6954.76769972
6953.43314347
6952.84285255
6953.48839918
6954.32247592
6955.08054819
6953.94598023
6953.07538929
6952.3895927
6953.45002406
6956.04948146
6958.75326119
6961.95092708
6964.94488984
6969.72195022
6975.41188665
6980.80770913
6986.17687952
6992.28895613
6999.71843658
7007.08746891
7012.78339231
7016.90985303
7019.93092092
7019.9108273
7017.33677442
7012.79071745
7007.49148093
7001.25045808
6995.56303771
6990.49589884
6986.49048072
6982.56466343
6978.9882158
6975.05685064
6972.66351485
6972.56975161
6975.99637879
6983.07250293
6989.83754889
6995.10345635
6999.40165023
7003.16131011
7005.97871669
7008.01793647
7009.37981389
7008.8700647
7007.25826116
7005.76618296
7003.10721835
7000.24292667
6997.31586596
6996.91490666
6997.30568324
6997.40671586
6999.44938564
7001.1672818
7002.38874088
7002.36831969
7003.52045127
7005.36796275
7008.50430931
7010.81411337
7011.05790615
7010.00836145
7006.75974712
7004.1534176
6999.79275439
6994.01113865
6987.05183349
6982.30040764
6979.57525885
6976.97793417
6974.14644882
6971.49794571
6969.38697995
6968.72209243
6970.21625457
6973.26983606
6977.05099743
6981.1424494
6985.82484745
6990.41949012
6994.69273949
6998.56006017
7002.33894245
7005.95666459
7007.51557515
7007.00124688
7005.25824589
7003.03696387
6999.58642369
6994.15649154
6988.37732914
6982.5129344
6976.14444985
6969.87409158
6965.77194811
6961.83904264
6958.88611742
6960.89082329
6964.26813991
6966.05808176
6967.03960229
6968.72391849
6972.21237379
6975.46384569
6979.53602646
6983.02351995
6985.606961
6987.76791338
6989.32027941
6989.99774024
6990.23116213
6989.25682735
6989.16232532
6988.01489132
6986.11222867
6983.2227555
6981.93292376
6980.98723441
6982.28980674
6983.65240901
6985.14921267
6986.9586348
6986.83772462
6986.99386658
6987.67235196
6988.84859867
6991.55641384
6995.19441777
6997.89065629
6998.99194398
6998.38181034
6995.40740453
6991.68104583
6988.90798739
6985.91677069
6982.5931625
6978.56792955
6975.02828885
6970.28359572
6965.1040218
6959.81137164
6956.72210534
6956.91884575
6959.1231496
6962.81888348
6966.93490361
6969.57861854
6972.34122245
6975.11156271
6977.56870601
6980.62142326
6983.73122924
6986.69183506
6989.18958378
6991.48166391
6992.30388521
6989.60324185
6985.82449199
6981.81065449
6978.80075902
6976.29273001
6973.02362479
6968.5217696
6962.6162049
6958.83249959
6956.56423489
6954.46319396
6951.52750477
6948.20555537
6946.84746945
6946.55814368
6946.75162228
6948.14834815
6950.66759139
6954.97125648
6960.15858766
6964.78384122
6969.30419397
6972.57589888
6975.19234141
6977.1491237
6977.56635722
6976.01728089
6974.10642189
6970.26486119
6966.00604605
6963.05713537
6961.52925386
6962.20387107
6962.57271403
6960.01722144
6957.73342827
6957.27066176
6958.61248739
6962.62980276
6966.90680879
6972.2456889
6977.13030554
6981.12483003
6983.35947991
6984.92200774
6983.56648667
6981.66334312
6980.0974559
6976.84919006
6973.17593343
6970.24326909
6966.76442499
6963.62473298
6961.06819493
6958.47306571
6956.6258818
6956.65541237
6956.33737845
6957.82043788
6960.65826564
6965.28494102
6972.11792055
6977.46878853
6983.04472174
6987.95359289
6991.16755392
6992.62134762
6993.94093297
6994.8024215
6994.39824221
6993.33427721
6992.49524502
6993.05325931
6992.50774864
6991.91991105
6991.96028646
6992.35390668
6993.84222822
6997.92010323
7002.73352448
7005.63554309
7007.16123611
7008.578655
7011.41685913
7014.53026844
7016.95809722
7017.82906453
7018.41461607
7019.818228
7022.12906357
7024.55717811
7025.11517149
7024.84000813
7024.65649619
7026.83103947
7029.87156673
7032.69024876
7035.24742802
7039.28064823
7044.06429496
7049.98964662
7055.16610508
7059.31523123
7064.65275922
7068.51605142
7072.94571457
7077.39487891
7079.86327129
7081.43334032
7083.17623676
7085.77719265
7088.2431317
7091.05241161
7093.54624336
7096.56152641
7099.38976388
7102.72839176
7107.28753083
7111.9512292
7116.08524507
7118.77309207
7122.11819479
7124.09466645
7121.85662929
7116.8083504
7109.02731182
7099.90037034
7090.0595723
7080.22513759
7071.49873026
7061.10853247
7051.06569705
7042.3322573
7035.22261593
7029.98579995
7028.37851974
7030.75511433
7036.62324483
7045.39703909
7056.74655198
7068.25231835
7078.96236916
7086.726332
7094.51070906
7101.55768596
7107.62869716
7113.29911149
7117.69474164
7119.81924951
7119.39075994
7117.98804013
7116.12719563
7112.20758137
7108.79968174
7106.95118056
7106.91186454
7107.63991836
7108.39655488
7108.9962967
7108.49141933
7107.90324022
7107.54276785
7107.28090963
7108.28859438
7108.66217673
7109.6354103
7108.52180717
7107.07705316
7107.65805349
7108.39376003
7109.96619876
7111.63969103
7114.4647085
7116.5909588
7118.37254399
7119.58702641
7120.14062192
7120.56793361
7121.21541084
7121.8863132
7120.57302846
7117.23447725
7113.68606171
7108.52054566
7102.76546354
7097.09193376
7090.83593304
7085.59068374
7080.23796182
7076.01488029
7073.43060287
7074.50203938
7077.26420419
7081.45215152
7086.51903948
7090.81739367
7096.68349598
7102.96173001
7109.34128938
7115.58641041
7121.87663927
7128.04090493
7132.72663448
7135.18561081
7135.58287617
7134.74728004
7132.59016098
7129.67501148
7126.01328271
7120.49997914
7114.56480022
7109.2212086
7101.89990471
7094.65378286
7087.51028273
7081.01641347
7075.69365424
7069.65127453
7065.07784062
7061.61230166
7058.75640148
7056.74041865
7055.30619584
7054.20568179
7053.92062147
7055.73044087
7057.50429668
7057.95711744
7056.77847316
7055.21161715
7055.6736379
7056.57551579
7056.78481558
7056.37318569
7055.23656864
7053.41734016
7052.64328639
7052.03413548
7048.76130845
7045.3249028
7041.48146724
7037.9435829
7033.46911162
7027.44904188
7023.69865169
7021.00384196
7018.39856487
7017.42135858
7017.75794582
7018.2630044
7019.40376841
7020.94251566
7023.2278352
7027.19032699
7032.29639158
7035.75963054
7036.60017516
7035.75398509
7033.8788597
7032.56939434
7030.30438448
7026.80950313
7023.4956525
7020.28903056
7017.75016764
7015.8163923
7014.39219888
7012.97309333
7013.21554097
7015.39108788
7018.80427053
7022.6496088
7026.91014545
7030.3692026
7032.52116408
7034.541956
7036.79581435
7038.91104557
7039.48472076
7038.17149177
7037.1793564
7035.81524867
7034.74804974
7033.95238993
7034.81028907
7037.23943512
7040.4864046
7044.33583409
7048.49987538
7050.03467081
7051.37996038
7051.99921733
7053.05986476
7054.38333919
7055.6512652
7056.15642833
7054.70610554
7051.31569983
7047.17723731
7042.67272666
7036.61815696
7031.78899815
7027.80324153
7023.86523425
7020.45448403
7016.51288736
7015.5611971
7014.63938591
7012.91404612
7011.86160202
7010.93148992
7009.15895836
7007.30803172
7005.68238638
7004.75214882
7004.93743803
7005.20214686
7004.66936981
7003.57432
7001.35344222
6998.42803333
6997.36270227
6996.56984428
6997.88787538
6998.74011514
6998.28952468
6997.38878285
6995.52357532
6993.51518945
6991.87916624
6991.86266898
6992.25412859
6993.998642
6997.6775162
7001.13179214
7003.36449051
7004.47565425
7006.50435677
7010.07121411
7014.30084018
7019.64220848
7024.68890525
7030.21294215
7034.32910167
7036.63481452
7037.19204123
7035.47247931
7031.50651661
7027.97420802
7024.01844895
7018.32588495
7012.42699721
7005.12987117
6995.67168124
6986.00390575
6977.67479863
6970.57570239
6962.69699754
6956.44381259
6951.52585296
6950.09916438
6950.80883216
6954.74621913
6959.85682796
6966.33599815
6974.89231717
6984.29733534
6993.29462664
7000.86457423
7007.35277713
7013.74631074
7018.57698197
7021.01070014
7020.90190328
7020.06648836
7018.32516707
7014.70707553
7010.37722532
7007.18921245
7004.62415047
7001.19083935
6998.11382576
6994.56893688
6991.53678022
6990.39437833
6992.11998994
6995.50688292
6998.91849041
7002.15037052
7005.83502956
7008.43162939
7008.88485439
7008.81692779
7009.77766471
7010.86638604
7013.14002437
7015.26358437
7015.21950805
7014.665118
7012.95631032
7010.96100655
7008.94438251
7007.78454246
7006.13983501
7005.97563608
7006.07514932
7007.04385259
7008.03813463
7011.11350337
7015.1986408
7020.11595922
7025.30537433
7030.35317231
7033.54027216
7035.04314641
7035.41330665
7036.18380588
7037.02560503
7038.30140679
7040.29222904
7042.32758761
7042.88502342
7042.24283618
7041.06077676
7039.79598711
7039.03824242
7038.44693392
7038.50136719
7038.58507317
7039.1396514
7040.11478073
7040.66566503
7039.36170573
7037.99731921
7037.89960416
7037.83910725
7038.11120395
7038.87083046
7039.43523596
7041.1092858
7044.40804008
7047.58175811
7048.10727274
7047.95833046
7047.22832513
7047.50167638
7047.75843976
7047.93442443
7047.64838835
7046.19067769
7043.92559813
7041.64023678
7040.01476568
7039.1398605
7040.28783814
7043.41402289
7046.73278018
7051.04680919
7054.48913909
7056.50456434
7056.21462524
7055.14777479
7053.5761097
7052.53170165
7051.91314166
7049.31651396
7042.57396615
7034.37245314
7025.30851069
7016.43868805
7007.39350103
6998.73599605
6992.12254782
6986.72784745
6985.07141699
6985.49957201
6986.67087024
6989.4072472
6993.55181517
7000.70151833
7007.3736862
7014.08224283
7020.03674172
7024.48929333
7027.81279
7030.05507867
7031.72411034
7031.66723767
7031.11725943
7029.04997968
7025.51139837
7022.0631303
7017.66174319
7012.12490993
7006.08991809
7000.45820645
6998.21055809
6997.53783664
6999.13949928
7001.5990541
7003.74141135
7006.22195887
7010.45832463
7014.92202077
7018.80078568
7022.51503106
7026.42665806
7030.52079336
7034.43985004
7036.81902342
7036.81031131
7033.74580831
7029.09639781
7021.99247855
7015.72916663
7008.35395219
7001.94751072
6998.29259831
6995.75018782
6994.93708985
6996.90796485
6999.3355706
7002.98506756
7008.3269307
7015.00489736
7023.76116284
7030.91130509
7039.78602046
7046.05567479
7050.32649173
7054.61096927
7058.89677104
7060.98600532
7060.44146344
7058.84456806
7054.90495079
7050.18486763
7045.39919969
7037.00671717
7031.91661317
7027.46765096
7023.48886403
7020.5020661
7017.32286292
7016.98559962
7017.97224288
7019.30382306
7021.20874388
7022.1119251
7022.17160655
7022.47876079
7022.13001144
7020.35764716
7019.83226495
7019.1293996
7018.15640996
7016.64864299
7012.94328396
7007.99150043
7003.54243367
6999.90078458
6997.55083511
6992.9869218
6988.77134662
6986.56556519
6983.75528164
6980.58598935
6978.77468541
6977.24470603
6978.0506531
6980.10124044
6982.57804524
6983.95450326
6985.48932657
6988.9161489
6994.5827299
6999.76065897
7004.98460192
7010.0214087
7012.73819387
7011.75235213
7008.73553575
7002.78288382
6994.54920569
6986.84169037
6979.27318551
6972.68218665
6964.73648217
6956.72710957
6950.31488326
6944.02802076
6939.03973696
6935.91275766
6935.52549381
6936.74594228
6939.26062037
6942.19391199
6948.55647926
6954.12998702
6961.16365877
6968.28641014
6974.19336181
6977.12153767
6978.6852364
6981.22201538
6984.28163263
6986.75240864
6988.61355981
6990.38356137
6991.73551396
6994.16962941
6997.0681562
7000.10012469
7004.92156805
7011.56940473
7019.8790037
7028.82883141
7036.33811481
7042.58128433
7046.59624395
7050.3789038
7053.64538841
7056.9148003
7058.68726216
7058.49963811
7054.97931738
7049.95263756
7045.14229692
7038.70446396
7032.16647656
7024.88085051
7017.41264647
7010.49831671
7006.21368585
7002.16970444
6997.58801144
6992.7305069
6989.73617475
6988.59695801
6987.37818923
6986.33374633
6985.8245129
6983.20988249
6980.59573995
6978.48208388
6977.41682949
6975.2215932
6972.87870403
6969.95917755
6965.89454495
6961.78900027
6954.86007599
6949.57180279
6945.43421844
6942.82436924
6942.31295429
6944.18361909
6947.5983281
6950.57305452
6953.85284427
6956.10841716
6959.42354324
6963.10029169
6967.03346897
6971.55481141
6972.04192305
6971.577672
6971.46890998
6971.61911377
6970.39455318
6967.29281113
6961.98131493
6956.58232123
6952.37593211
6947.18287185
6942.15376657
6939.9336694
6938.17783025
6938.54665927
6940.07041472
6942.00812096
6943.34865023
6943.71246107
6944.04657407
6946.12163897
6948.38699034
6951.04527889
6952.97824575
6954.30277958
6955.26706407
6956.92866604
6957.1690855
6956.45292197
6954.27174355
6953.50297977
6954.3858304
6955.80494989
6957.06214257
6957.99104195
6959.73140142
6961.89801319
6963.92473632
6966.49068345
6967.70366739
6969.56123613
6970.81738336
6973.03554993
6973.99578503
6973.52037551
6972.41644631
6970.88353269
6968.09500851
6964.1654485
6960.85716666
6958.20796658
6956.77844134
6954.78215485
6952.36659272
6951.28089623
6951.44953485
6950.84851757
6950.09807711
6950.02210052
6949.87307461
6950.95972595
6952.58521796
6954.26719931
6955.16973931
6954.80820755
6956.35575752
6959.26135856
6961.40467065
6962.1692805
6964.39811766
6967.47373034
6970.9827532
6975.77726568
6980.42452254
6983.66587445
6983.51512006
6982.78818139
6982.7678299
6980.96413685
6976.6398136
6971.36046858
6965.61941644
6960.2880845
6955.88356102
6952.25690374
6949.82335981
6947.71757949
6947.23644088
6948.65043765
6951.49839238
6954.20670937
6958.04298008
6962.82718438
6967.63361503
6971.54740263
6972.93292822
6972.64855093
6970.22442305
6967.16688277
6965.15966781
6963.66604233
6960.9342584
6957.51297697
6953.34531144
6950.68146108
6949.50343013
6950.91484114
6953.36366961
6957.33750806
6961.53100326
6965.43527723
6969.5192089
6975.50974806
6981.67163705
6987.8808363
6994.32029319
6998.96067098
7001.14991333
7000.7380395
6998.33693251
6995.98229941
6994.91629926
6996.36428721
6998.65848613
7000.9297478
7003.27197485
7004.80610119
7007.49277729
7011.52975417
7016.39867505
7023.38101504
7031.21553206
7038.57956712
7045.40986332
7051.94115982
7055.93137704
7057.8612842
7059.37900389
7059.75857321
7060.33510597
7059.66287937
7058.20349598
7056.22807674
7054.51485724
7052.9848012
7051.99043552
7051.93669921
7051.02297285
7049.8618225
7048.12936666
7046.20747464
7045.22913925
7045.22774532
7044.64633378
7042.41017844
7040.70873771
7040.07254441
7040.668662
7040.87398906
7040.73571041
7040.41935619
7040.67242563
7042.53214801
7045.20997261
7046.50417434
7047.86737601
7050.55384302
7054.3336453
7058.70817123
7061.79664996
7064.22461117
7066.32527573
7067.13480523
7068.75490967
7071.12899517
7073.10426805
7073.68066838
7073.95310659
7073.47081101
7073.607633
7073.42962015
7073.6734896
7075.13279632
7076.05455176
7076.33451724
7077.97518924
7080.65488868
7083.42317985
7086.3566457
7089.93859242
7095.36803669
7101.22633992
7105.03137945
7108.8749544
7112.66911424
7115.19597535
7118.50162265
7121.95058071
7124.61788108
7127.14049068
7129.5253792
7130.78772945
7131.66528312
7131.66953463
7131.50608843
7133.60432058
7135.30973402
7137.06943438
7139.53608434
7143.05696264
7146.06250903
7147.73216099
7150.12923951
7153.16175859
7156.13356471
7157.73372887
7159.57365733
7161.92948922
7163.96191355
7165.53127865
7166.45366136
7167.21139212
7168.78222085
7169.3320597
7170.47007765
7170.39452621
7168.37547671
7166.26596761
7165.59158041
7164.34574135
7163.95077599
7163.48233615
7161.76786908
7159.83453283
7157.20634637
7154.22246875
7153.02745267
7151.60773379
7148.37344914
7143.07291626
7137.45577127
7131.74306486
7126.57176397
7120.82489911
7117.1484643
7115.20176019
7114.54890933
7114.55734265
7114.13484005
7112.55808708
7113.18744311
7116.71481716
7122.74540416
7129.11249477
7135.90633252
7140.63785991
7142.81169925
7143.94614872
7144.48302394
7144.6743489
7144.45375124
7141.43874698
7139.90073852
7138.33046737
7136.65899631
7134.10321099
7130.90808903
7128.48034388
7125.78759718
7125.98024638
7126.61762453
7127.49692062
7129.00453427
7131.66827312
7135.49331566
7140.23472607
7145.33618369
7149.59954307
7152.4933026
7154.3561474
7154.85434084
7156.80536616
7158.34086554
7158.69841063
7157.45348461
7154.47366334
7149.67970147
7141.71124792
7133.5970721
7126.46359438
7120.47412159
7115.95121793
7112.12568054
7106.39095688
7098.95492492
7089.08521661
7078.82241778
7070.70495226
7066.41386746
7063.64759053
7061.25524444
7059.53637949
7057.72711767
7056.7034096
7055.45172297
7054.67516011
7052.84234073
7050.75240949
7049.8664225
7049.42496233
7049.08351722
7048.44000574
7047.23494634
7046.1229323
7043.54512276
7040.91517993
7036.85986581
7032.20954924
7027.28197841
7023.49600796
7021.47219816
7022.30996187
7024.20121513
7025.79332233
7027.14188764
7027.83711422
7031.06338372
7033.71576895
7034.76728608
7036.45820257
7038.98123035
7040.6191075
7042.05995151
7042.76068415
7039.81278406
7036.77358104
7033.54326912
7030.60638115
7027.5364418
7023.39906654
7020.41078407
7020.46764977
7022.74981204
7026.38177325
7032.04938577
7038.69540336
7045.18286051
7051.2714423
7058.0680749
7064.15449609
7067.72708948
7068.98853368
7069.9840842
7070.29562934
7068.87869136
7067.38104438
7064.64558044
7059.46215229
7051.71199641
7043.25741395
7036.62073574
7029.21300073
7022.59225522
7016.57448549
7012.94377881
7009.43198202
7006.70609444
7005.62020977
7004.99360676
7004.97044648
7006.03579148
7008.89311347
7011.95735162
7013.99477322
7015.58606496
7016.60523576
7017.6911971
7018.54266321
7019.3815351
7019.37112936
7018.67827247
7016.27146427
7014.99609464
7013.7546674
7011.11511337
7007.17318913
7003.82212036
7000.26863785
6997.13059069
6994.30512715
6991.89422077
6990.71819013
6989.46378532
6987.48347336
6986.58005518
6986.99300931
6986.72318473
6986.76882923
6987.98854589
6989.33754333
6990.53684577
6991.20364298
6991.35906009
6989.30960881
6985.33216703
6981.04757101
6976.41929261
6971.68760492
6964.20219968
6956.64746693
6950.44781616
6945.09742211
6941.20754055
6938.81836567
6938.31437344
6938.35803158
6938.74309998
6941.53760416
6945.8184923
6950.56036968
6956.34860662
6963.79311372
6970.83943546
6976.37740477
6979.44585261
6981.04319405
6981.40652399
6979.71495234
6978.42928151
6977.48472124
6974.84399631
6971.61166318
6967.19745183
6962.51010531
6958.09780366
6955.47219598
6954.26660688
6954.03604257
6954.02181743
6954.57374718
6955.93186795
6958.01033405
6959.35846028
6960.62086629
6961.63651042
6964.01309108
6966.76642529
6968.05121795
6965.20344443
6960.93888627
6956.49152708
6952.70718753
6949.66744785
6944.47713364
6939.28202429
6934.78414879
6931.59028138
6928.36859096
6924.74409429
6922.05964848
6921.61806984
6922.58177584
6923.82872308
6924.92781531
6924.38778282
6924.55763417
6925.56493559
6925.83801501
6926.07988416
6925.68131547
6925.89107526
6925.23941621
6923.41752531
6921.5306072
6921.11172883
6921.01057772
6920.67433896
6921.66475282
6922.01728671
6923.64266024
6924.52696056
6927.0903777
6929.85446614
6932.32321398
6935.13608329
6938.29258619
6940.61105357
6941.85984081
6943.30961299
6944.12030642
6944.58539384
6945.48648415
6946.44854531
6947.03450806
6945.23144228
6940.13778374
6934.29669564
6930.63251355
6927.10796919
6922.96486485
6919.14005928
6915.7277827
6912.95018002
6910.47316613
6907.16480065
6903.70951411
6901.59232441
6901.480433
6903.03826326
6905.35538549
6907.9503335
6910.54516303
6914.92739744
6920.49139157
6926.74078502
6931.6412786
6934.44118429
6935.53758622
6935.79314384
6935.22611077
6933.0303657
6930.37656562
6926.55159975
6922.16320414
6918.38909609
6914.49448908
6908.3908667
6902.68476756
6900.25282666
6901.37918432
6904.31415562
6907.49423699
6909.52278617
6911.99329734
6914.1389861
6917.36549954
6920.0712935
6921.95202253
6922.27397342
6921.78600452
6919.92240002
6916.62664968
6911.43463487
6906.56310035
6903.17515495
6899.01995819
6894.35093498
6890.21968608
6887.44665552
6886.69327385
6887.47447852
6890.94840899
6895.10198181
6900.77043765
6907.45708854
6916.41790049
6923.15863617
6928.83281414
6935.28285799
6942.78427958
6949.74563383
6952.82919196
6952.91512127
6950.49915489
6946.22848432
6942.09116482
6937.73746432
6931.37297341
6925.03691884
6920.29355692
6916.18803314
6912.58543523
6908.90434467
6907.33549533
6907.07176226
6908.51491324
6911.99453794
6914.96084498
6915.88664284
6916.15236227
6916.9688963
6916.93162937
6915.51710291
6914.15896123
6912.05330637
6909.19197681
6906.54605248
6905.25463165
6904.08952949
6901.48407118
6901.36922463
6903.39123624
6907.4049692
6912.88304796
6917.83391847
6923.70214654
6928.59685528
6933.87558697
6938.52568747
6942.27547827
6943.47308707
6943.55640972
6943.17674979
6941.5595308
6939.42586475
6936.58342305
6932.05389122
6927.96482288
6923.09404109
6917.0709465
6911.45569727
6905.8883995
6900.53380971
6898.12584454
6896.98818901
6896.7736968
6895.97805093
6895.98914668
6896.22647856
6898.1368915
6901.05775615
6905.11392755
6908.8878962
6912.3767209
6916.74813137
6918.98982065
6920.41310801
6920.39668742
6920.75078252
6919.75830563
6918.01474708
6916.81606494
6916.43712986
6916.96772539
6918.25559168
6918.14242483
6917.05660288
6915.35732276
6915.87659952
6917.51793363
6920.86758756
6924.2016921
6927.68933195
6931.84093234
6934.02520531
6934.78702727
6932.64227245
6931.19554602
6932.09982147
6933.10924168
6934.58838414
6935.79340172
6934.75061064
6932.65786364
6928.75264876
6924.33801227
6919.73757778
6913.96820779
6909.69159903
6907.12910887
6906.30309606
6906.4788577
6906.5469446
6905.55232105
6903.486491
6902.27519372
6902.84012892
6906.24303824
6909.77839955
6915.50982655
6921.92814437
6928.03377403
6932.19479047
6933.97552536
6933.27353121
6931.55020566
6929.90540064
6929.60308337
6930.11013528
6929.11314204
6927.44730946
6926.82343857
6924.87104719
6923.48760554
6924.01746228
6923.6105439
6924.40006342
6926.52999371
6930.28834329
6935.12450663
6939.58020157
6943.31203844
6945.23711561
6943.98273171
6941.65137738
6939.55952947
6936.12389745
6931.77731998
6927.65628865
6923.70174927
6920.70536802
6915.73616026
6910.46182645
6904.87181446
6900.74309556
6899.73698596
6901.03150133
6903.63262449
6905.56315195
6908.8699144
6911.80498328
6913.83710792
6916.06899781
6917.66626258
6918.27135712
6918.61341557
6919.51347436
6918.77127905
6918.63438039
6918.78314843
6917.80547516
6915.20799715
6910.57702148
6907.8243703
6904.58823868
6902.00769702
6900.83606425
6901.16328423
6903.06195324
6904.91349321
6907.96354804
6910.64602838
6913.89813453
6916.76660105
6922.23635104
6928.96091007
6935.30325827
6939.93408758
6942.43867356
6943.59790028
6942.6277264
6941.5825726
6939.43259748
6934.12102461
6927.74492916
6920.84796091
6915.74255147
6909.95497665
6902.08830149
6895.40855756
6889.97727329
6888.026931
6887.44239704
6887.4041195
6886.63758603
6886.47651649
6888.03413766
6890.67982502
6892.43843114
6892.89326614
6894.13228884
6895.4242533
6897.10086799
6897.17126883
6894.49196666
6891.89227229
6888.88590348
6885.22519926
6883.43754347
6881.44727879
6880.73999465
6881.97000554
6884.22233056
6886.57653154
6890.17215977
6893.38767504
6895.79320778
6895.74400177
6895.5867795
6896.12249079
6896.25269156
6896.16721529
6893.26275728
6890.0816444
6885.60265676
6879.71677446
6874.61287048
6867.55125027
6862.84454891
6857.78183579
6855.70898029
6854.83762965
6855.23950197
6856.04108602
6858.21737172
6862.46170384
6866.34214844
6869.70230569
6873.47576555
6877.25271026
6879.56365037
6882.31444762
6887.22822544
6892.8172547
6897.90722627
6902.18805169
6904.88712687
6907.18598851
6909.7500817
6914.01800622
6918.91569102
6924.37410132
6929.37840147
6935.02172461
6939.98351662
6941.66258464
6941.35345101
6940.52630214
6939.68623146
6939.3239888
6938.51650839
6935.89649041
6933.66138052
6930.20111762
6925.84602318
6922.99822179
6920.4607319
6918.64797129
6917.8792563
6917.98611559
6918.16966934
6916.57341518
6914.73589126
6912.98488907
6910.17451492
6908.59932316
6908.97593036
6909.4031166
6908.36440279
6905.89395435
6902.15374688
6899.83903616
6898.9830258
6899.7596026
6901.62865043
6904.42560794
6908.7659336
6914.7016213
6921.26617019
6927.22906756
6933.72553652
6940.42979981
6947.3854877
6951.91366742
6954.72614642
6955.49463141
6953.73494499
6951.12200124
6948.50859052
6944.9604468
6941.11853761
6935.27259861
6927.92593201
6921.30642015
6915.98907637
6914.21134542
6915.11769785
6917.76013733
6922.46083081
6928.43333938
6934.86927658
6940.0221984
6943.84244579
6946.1144114
6948.36710581
6952.62087489
6957.09679587
6960.91718266
6962.49951835
6963.04920386
6963.40173775
6963.80748522
6964.31441168
6965.23560955
6965.49984444
6966.89136396
6968.56123895
6970.95807353
6973.71252289
6976.17865012
6977.69825163
6978.44828785
6978.97159309
6977.20073425
6974.66570467
6972.05943091
6968.39552063
6965.28630011
6963.71140805
6963.21113067
6963.37791535
6964.12353975
6966.91232181
6969.84445646
6972.22716347
6976.28989335
6980.49111096
6985.30032949
6990.4059062
6995.39456636
7000.29119874
7007.13138493
7013.01131511
7016.6081003
7017.64088987
7018.57719106
7021.29526561
7023.60502088
7024.3657486
7025.12011997
7025.47194992
7026.52033069
7029.40717629
7031.73798002
7031.8800223
7033.14502104
7035.09527969
7037.11732615
7038.70376699
7039.86310523
7042.30354218
7044.1601979
7047.29934628
7050.61587326
7052.45113203
7052.21116561
7050.7318489
7048.7376812
7048.15424845
7048.59096923
7049.71441356
7051.50053601
7052.52243196
7053.74407922
7056.61649756
7057.84929633
7058.91844678
7060.29482116
7062.70243087
7065.04034369
7066.83977825
7067.0949386
7065.10223453
7062.27330706
7059.18252833
7055.84369834
7052.33348367
7049.57676218
7047.34269775
7046.0532354
7046.64809844
7046.75982257
7048.70806002
7053.26247365
7059.2888858
7066.4968695
7074.59467353
7082.8488077
7092.57745645
7100.45620312
7108.41920637
7115.91029888
7123.30270057
7128.98543035
7132.22620377
7132.29192795
7131.13921092
7130.39575409
7130.30862599
7130.96009686
7131.93054255
7132.65852667
7132.2204259
7131.75260637
7130.73894162
7129.65089635
7129.62734577
7130.27503209
7129.11199992
7128.95400401
7128.79133145
7126.39891566
7122.35628637
7118.00343618
7114.5157336
7110.64058596
7104.89212505
7099.2588731
7092.72471903
7086.4707465
7082.70760178
7079.95658847
7075.52367048
7070.16857189
7065.03358309
7061.27092624
7058.20802628
7055.80801352
7054.76144487
7055.58289254
7057.56862692
7059.37670389
7062.60813097
7064.61247442
7064.95322256
7065.03727702
7065.8854883
7068.61014224
7071.34219799
7073.18484463
7072.64379457
7069.62242698
7065.87712467
7062.49375835
7059.67897935
7055.14345358
7050.74244283
7047.86403056
7043.77895586
7038.7709548
7033.1434877
7027.91510505
7022.98818937
7019.75205776
7018.76872511
7018.85184563
7017.20278213
7016.01190605
7015.71869816
7015.38877394
7015.67639911
7016.85868853
7016.67782508
7014.16761456
7010.42999981
7007.58005872
7004.88535354
7000.26265786
6996.70076293
6994.11150916
6990.91168266
6987.33958411
6984.33658166
6980.58677693
6976.90034061
6974.01727956
6974.39622857
6976.45533985
6979.48043622
6982.66458788
6986.60618454
6989.02799152
6989.91067488
6990.08234531
6989.1061078
6986.11794382
6982.68634725
6979.20990073
6973.84940063
6968.23389352
6960.98549956
6951.7584106
6943.38480201
6933.42933863
6923.87930212
6916.88119669
6912.39918421
6910.19673429
6909.36197452
6910.71931467
6914.26552779
6918.91557254
6923.01220996
6927.31276657
6931.96402403
6936.95503298
6942.39052694
6947.11065889
6948.50926658
6946.98607568
6943.58841453
6940.30034479
6935.29175131
6927.70955102
6920.62319538
6914.65687589
6909.13387747
6903.37532444
6898.95616462
6894.68595404
6892.43555962
6892.42024722
6894.58644778
6899.95187544
6905.39426939
6910.20717488
6916.08234477
6919.81680921
6922.58934492
6925.58352375
6927.65097077
6929.07554753
6930.27924087
6930.5983551
6931.19199147
6929.55136827
6926.54476945
6924.09660311
6921.53025174
6916.76631529
6914.04237923
6911.28043745
6907.23552907
6903.27604818
6900.49167793
6898.79771569
6898.48370327
6898.98374368
6900.30318964
6901.01036226
6901.81143055
6903.21265188
6905.6945097
6907.22954907
6907.82002121
6908.81810173
6909.17034289
6909.26413401
6908.63682009
6907.18606518
6904.29345564
6900.73763132
6897.79369699
6894.12338854
6889.46107017
6884.87490264
6881.1774124
6878.76234512
6877.54724936
6877.15659824
6876.83655007
6877.35857985
6877.94487018
6878.86124502
6881.56032717
6883.53484034
6884.75899669
6886.0115615
6885.89893828
6886.9215312
6886.02987088
6883.76212193
6880.24633151
6877.25333753
6872.78374503
6870.40115651
6870.11546891
6870.72085619
6874.53648267
6879.52468981
6886.30568939
6895.84654682
6904.56516901
6913.67028142
6919.59541701
6925.36995851
6931.46801908
6935.79830141
6937.33836593
6936.03497118
6932.31197884
6927.28175144
6921.64195496
6916.18919708
6910.99011501
6904.05160043
6897.48535791
6893.25634517
6891.6708313
6891.65116283
6892.58465523
6894.4335955
6898.09819578
6902.92660883
6908.68588671
6913.91739178
6917.41153435
6919.69748812
6921.66248767
6922.64473305
6922.88071282
6921.38780522
6918.56826592
6913.70217472
6906.69251355
6899.09863902
6890.77455007
6883.59707967
6876.10215384
6869.72161173
6865.2414253
6861.03479921
6858.44353816
6854.56253598
6851.10396671
6849.04170514
6850.4747431
6854.66715103
6859.19166469
6863.23290004
6866.29761213
6869.40100599
6872.19863956
6871.50264631
6869.19080014
6867.80522577
6867.81386819
6868.42664333
6868.88071863
6867.57160176
6864.83697419
6862.31338884
6860.84194788
6860.39881499
6861.27358079
6862.77387626
6867.45576551
6873.19335371
6878.89776619
6883.74867043
6888.30749587
6892.77165202
6897.75029673
6901.98501068
6905.74027268
6908.29356286
6909.02660697
6909.65557968
6911.01769407
6911.10662732
6911.22417114
6912.88407251
6912.028787
6910.78296885
6909.12536051
6905.48184355
6903.47922161
6901.62823922
6900.00281691
6898.92710798
6895.61977402
6891.92054135
6889.22449799
6887.12364524
6884.45909093
6882.66279273
6881.8271966
6882.45795354
6885.01833886
6887.44361674
6889.53986252
6890.74374404
6891.4402182
6891.87740594
6892.14408719
6891.48354876
6890.80130671
6888.64819523
6887.97426106
6886.68750295
6884.97373284
6882.64711093
6880.13948616
6878.09353366
6876.69304415
6877.18189821
6878.74742998
6882.60145946
6885.99403273
6889.12267082
6891.92521801
6894.31962016
6896.67744538
6897.15836096
6895.40321878
6892.7149048
6891.46192181
6889.72085143
6887.85827844
6884.84339964
6880.61398266
6876.97873175
6874.77860971
6872.24610315
6869.46101502
6867.73023191
6867.99981951
6870.47872916
6874.30850411
6877.73780069
6881.50749692
6885.79426748
6890.82429275
6895.37041245
6898.32717101
6900.77304432
6902.87237767
6904.93643743
6906.6069606
6907.68315741
6907.16517005
6903.89630877
6899.57828612
6896.23383158
6894.70680038
6893.24481033
6891.01056469
6890.49280035
6890.62288265
6891.36245736
6891.98334523
6890.274203
6888.73754666
6889.89505883
6891.10584035
6891.62290771
6891.08973339
6888.78436206
6885.87510194
6881.84434203
6877.94396412
6873.12546893
6868.59001286
6865.39705848
6862.47013717
6859.5960461
6857.2286515
6855.65461671
6855.07299608
6857.36713924
6860.34821504
6862.58074615
6862.48114928
6860.28688177
6858.94870129
6858.19290811
6858.87816803
6861.09243854
6863.17867585
6864.43754126
6864.76860153
6863.18390312
6860.44655737
6859.44257353
6860.68519956
6863.42407864
6865.67640366
6868.3689343
6870.49364429
6875.23240622
6878.82925414
6883.12934378
6887.5640948
6893.57600303
6900.83479577
6908.71251092
6914.47735061
6920.14018192
6927.50178456
6931.70423581
6934.08782797
6932.2146053
6929.82464981
6927.34993592
6923.02267843
6919.31593941
6915.70438545
6912.17713685
6905.65634368
6900.17787461
6894.03681105
6889.5219783
6886.18451436
6884.16043972
6884.54516661
6884.7385755
6883.89796119
6881.89807834
6879.39630812
6878.37239096
6878.37357581
6880.26612543
6882.51942621
6883.44235256
6883.81808854
6882.35013244
6880.31233447
6879.20073862
6877.70971283
6878.09227912
6879.13166899
6879.64087454
6878.55179078
6875.72028452
6870.9026257
6865.47198265
6862.59468553
6860.24645757
6859.92285486
6859.06558299
6856.8800973
6854.1305546
6850.5984551
6849.07376571
6849.76076806
6852.93783155
6856.75122773
6858.77222874
6861.60931075
6865.32227371
6868.65002189
6869.6367906
6871.43517972
6872.87950857
6872.69843603
6870.10145984
6867.63446836
6864.02730531
6860.75454797
6859.17863137
6856.32663422
6855.34850792
6855.10101423
6855.15593539
6857.06319106
6861.04553253
6867.73295008
6874.14422852
6880.6399796
6885.91790978
6891.39667157
6898.26504319
6902.26693464
6902.23874225
6899.01861304
6895.28328435
6891.14998636
6885.37668547
6878.40089699
6870.2934051
6862.22159802
6855.10749604
6850.38720379
6850.22348578
6853.97185475
6857.88603266
6860.74520859
6864.7872803
6870.86018029
6877.5193009
6883.20154977
6888.69353306
6893.25601759
6895.48508476
6895.62434613
6893.82923278
6890.5855739
6888.25573896
6887.16206217
6885.512922
6883.304283
6880.15008009
6877.91922172
6876.94332572
6878.53255444
6881.38078795
6885.21558109
6889.90216792
6896.1042302
6903.28729726
6911.43828698
6919.5560522
6926.87678458
6932.36249515
6935.31202614
6935.71854028
6933.0604887
6924.85788841
6912.79521593
6898.11265789
6885.52601108
6875.63846036
6866.74889955
6860.60929963
6855.38475031
6852.22016257
6853.55785517
6858.00800223
6863.74147832
6867.15718399
6866.9299024
6864.16635062
6863.5124543
6863.85829032
6865.6393946
6867.65426228
6867.58770174
6869.68718146
6874.66932497
6880.92587629
6887.04528501
6889.17552198
6888.16785116
6884.42779703
6879.4775747
6878.08997912
6875.4261636
6871.14956182
6869.39299085
6871.79335208
6875.46533326
6881.65469677
6887.72239737
6894.23215055
6899.01949819
6904.83987934
6908.50035356
6905.2410547
6900.72205406
6896.7564747
6894.52885723
6892.80291804
6889.67752087
6884.32422743
6876.95614995
6872.62156035
6873.67405323
6874.27254051
6872.3169152
6867.33065958
6860.11340619
6853.30130088
6848.20778173
6844.88219415
6841.21697357
6835.14748873
6830.63615476
6831.27825836
6836.20123616
6842.1313272
6850.3083766
6860.31977871
6868.83220959
6876.25339611
6888.01496404
6898.25272078
6906.60105031
6912.75035204
6920.99920318
6928.69953275
6937.91317718
6946.69113234
6951.7402685
6954.61053321
6955.29472676
6955.76972508
6953.45306982
6949.34867514
6947.50189547
6953.22529338
6963.84020792
6975.10839847
6985.34933338
6996.97773842
7009.46869138
7020.45635191
7025.06164427
7018.64740372
7007.31748262
6996.58864153
6985.5796886
6977.93549988
6965.40314696
6952.59351886
6941.45667212
6935.00074585
6929.5958558
6927.15624824
6924.70401857
6921.59978137
6922.34632577
6923.95762053
6925.84545864
6927.68465528
6928.55076472
6928.66354127
6926.41305625
6926.68561295
6927.4307913
6925.47676204
6923.91061694
6921.16479605
6918.73634696
6919.28728701
6921.32024801
6922.32517276
6926.51998524
6932.93640034
6941.01953316
6950.08210258
6957.75961339
6963.48266979
6969.69568842
6976.79659678
6985.82437351
6993.86531183
6998.4457921
7000.5152673
7001.65235132
7000.66488564
6995.09583848
6983.59050423
6972.19678956
6963.57139394
6955.70394514
6949.21953375
6950.72879921
6957.0887877
6966.63667754
6977.78128852
6988.66561642
7003.18209373
7013.69560624
7017.71546556
7017.22387241
7013.25706638
7009.92736668
7007.5421924
7004.27199991
7003.88983787
7005.16354871
7006.44898258
7008.79380933
7007.66207803
7005.03605914
7002.78923321
7005.51970684
7011.58613199
7022.54567679
7033.31556935
7043.93242843
7053.77488525
7060.69390561
7069.31186457
7070.56327241
7070.07363774
7066.39016355
7057.4341816
7042.45499354
7023.07753383
7008.77150632
6999.23549282
6997.37526165
6999.41795234
7004.54533024
7010.58494299
7021.72139246
7028.1883169
7029.05855239
7032.16731292
7038.83814262
7046.963686
7049.47695622
7051.97426584
7059.37447359
7063.27192424
7066.60469758
7073.98837322
7078.65619068
7077.47859185
7069.52240496
7058.94521039
7043.11279289
7026.61483969
7017.11572373
7014.36707315
7015.50076989
7018.11872485
7021.75412212
7029.87052128
7038.89139105
7043.29024119
7050.11774952
7063.66898748
7078.64894917
7092.75246537
7108.77458389
7122.48474473
7127.3984389
7118.42175697
7104.98181799
7088.09704699
7073.01569026
7060.12706072
7056.11927988
7053.18106767
7050.40253105
7049.99773146
7053.6074733
7053.82039733
7049.50622892
7047.0087799
7044.26195537
7042.37170575
7045.72649633
7042.94565972
7040.96905564
7033.58550544
7034.14126852
7029.3328097
7023.94624296
7010.3939247
7003.34678053
7007.98030711
7015.43065481
7021.98013523
7011.01311893
7003.56177456
7005.13820692
7024.67301436
7035.03304036
7039.0813151
7032.60236097
7018.59107468
7013.75258346
7012.50903046
7014.14093459
7008.27363348
7014.09772948
7022.65540759
7041.00522833
7050.27038573
7038.36922187
7019.04482938
7002.99166786
7000.78270128
6991.20206783
6980.59610934
6958.08885458
6942.80953077
6929.60619882
6930.00506721
6930.52515941
6925.31855704
6912.42392661
6921.86368868
6936.93424937
6952.44565689
6967.56780722
6959.85963675
6949.04547271
6946.94489178
6951.31319378
6961.10059702
6964.67512799
6961.25319838
6955.58735617
6950.59972752
6951.8337878
6966.789948
6974.00189048
6958.35647673
6931.11119186
6913.20035704
6924.34666862
6952.68258453
6972.10410662
6978.39832215
6975.72343179
6972.60505309
6977.31303687
6994.79802363
6990.40195438
6992.13905204
6989.68338632
7001.32092862
7010.76065584
7023.47026889
7014.44072883
6990.91444963
6954.10269371
6935.30870857
6929.32815697
6917.95829259
6896.22250584
6879.25698401
6878.0006277
6889.75046564
6908.60542861
6902.49347744
6893.85205851
6899.2200789
6909.45113079
6910.66734867
6908.89952164
6904.40752159
6911.7261073
6924.47061759
6945.01130462
6962.90601158
6969.22023708
6967.20414273
6958.63135434
6935.89031526
6910.07485532
6899.04859665
6893.06732717
6881.11991245
6876.21366888
6888.64924068
6900.60156903
6914.05281286
6921.31695135
6923.12963529
6916.08394082
6934.85244478
6957.21917666
6966.86050217
6958.59640134
6948.77981601
6940.06789169
6948.41641637
6976.79724496
6980.96081928
6959.3156385
6940.38803743
6937.23031483
6934.65373195
6932.82971529
6925.05555579
6920.32077356
6912.37563362
6890.99267349
6867.28479902
6856.90226092
6850.98694562
6853.74645498
6867.0468538
6887.88593417
6894.22682571
6887.29573385
6879.35874149
6882.27193252
6883.36129506
6895.16992234
6916.12692987
6915.59415283
6906.58090093
6892.07997998
6883.99769746
6894.45895124
6894.8891902
6886.1978195
6875.65602398
6869.41243628
6867.72263494
6871.60008258
6872.40055148
6872.18393351
6874.49891605
6870.33759293
6882.55085951
6905.54893378
6903.40252714
6886.38034871
6879.16951441
6890.92378508
6906.14064653
6919.73809353
6927.54882997
6926.3247921
6924.35043922
6926.69135597
6916.29801485
6903.96364294
6895.35730943
6874.16583456
6846.46445317
6837.18369063
6845.39955424
6842.9295658
6839.80547195
6843.97111627
6855.3534564
6863.91927511
6862.43424326
6845.6747176
6844.97050012
6864.38777767
6893.09651624
6911.52868386
6918.14839088
6921.99963945
6910.37510956
6892.68252362
6886.25826065
6896.76451075
6901.13396274
6894.59906988
6880.67162199
6860.71962982
6855.7942893
6858.79083781
6861.52128357
6853.00418299
6846.05435661
6843.20291007
6849.17273531
6852.15820202
6851.60857227
6843.94142539
6837.60270143
6842.56901676
6857.05517591
6883.00151966
6898.64814614
6902.18391866
6897.46149369
6882.20223562
6872.94620851
6864.32372622
6851.63589345
6842.85346375
6836.92427877
6826.965916
6820.68071229
6820.28712692
6824.66389709
6834.99115858
6847.50440062
6859.98523359
6870.14864464
6876.12229624
6880.453401
6880.69636439
6874.46302214
6868.84398837
6863.8655388
6854.50656937
6850.52722487
6847.20080092
6842.81142955
6839.04507877
6835.09605939
6832.86582828
6833.48996402
6838.87565258
6840.61827023
6839.13714838
6840.11556043
6841.47428756
6844.53803086
6848.17376964
6851.11686064
6851.07866674
6849.6091773
6851.28894229
6852.47748352
6854.11863643
6857.31883929
6858.83474686
6857.89711447
6855.12945057
6852.01323247
6850.43187951
6847.35727046
6844.44129156
6842.01681519
6836.35916237
6829.34766817
6824.01369471
6820.53170729
6820.35551352
6819.8501413
6819.03433909
6817.29679537
6812.72173752
6811.78090604
6814.95574619
6820.08048259
6823.95506568
6829.24861493
6832.71388207
6836.83416068
6843.97383445
6849.26055341
6853.05875567
6853.20400401
6851.27214533
6848.91520527
6845.18753627
6838.96876067
6834.10092705
6825.90707373
6819.41507931
6817.57103873
6818.93188464
6819.72112537
6819.43439232
6818.99475125
6819.06075421
6820.91287266
6824.27588051
6830.15057645
6835.72722754
6841.56044686
6845.59888737
6847.86069117
6850.05461019
6849.96804664
6848.64554796
6845.5487056
6840.72351952
6830.26334604
6821.79334663
6808.07797944
6797.1634449
6788.96375097
6784.10621856
6780.94560354
6779.72611688
6781.5326675
6783.58453726
6788.69394034
6795.61477978
6806.39361445
6815.95421701
6824.89012626
6832.69324482
6840.02355355
6845.6499752
6848.84794776
6851.17958785
6849.1548929
6845.23046956
6840.84067304
6837.71749222
6833.50793189
6829.83128799
6825.33744793
6820.92925143
6818.40141457
6817.75275249
6820.58780632
6824.55278629
6827.02132504
6832.61387399
6839.41308537
6846.08098083
6852.50159865
6856.94916693
6859.65103695
6861.78724694
6861.15335363
6857.21011212
6851.05671222
6840.72450224
6832.28510674
6825.00805342
6819.41112053
6816.20066525
6815.11053604
6816.23761158
6818.90601315
6824.11732703
6831.10324944
6837.3290017
6839.84687191
6841.83866992
6845.45677539
6848.44029059
6848.93904161
6847.79364275
6848.55410563
6849.1549626
6848.56449046
6850.2565918
6851.31222105
6848.47269965
6843.97850414
6839.34170878
6836.39660354
6832.49439957
6828.44312786
6825.28523799
6823.63523358
6823.34661871
6825.58738102
6827.51442364
6829.1918956
6831.69637006
6833.20983824
6834.12050491
6834.43135308
6834.63208712
6834.11499885
6834.21730693
6836.874097
6840.33078446
6841.84083052
6840.97185654
6840.94404748
6842.84968618
6846.28805032
6850.40567347
6853.21445854
6853.85497305
6853.30555239
6850.78649733
6849.7935256
6849.40921689
6848.03876675
6844.76468517
6839.73284778
6835.01569886
6830.62304477
6826.73019412
6825.91780705
6829.14044534
6833.18851796
6839.34226635
6844.34218257
6849.00448699
6851.84700536
6853.36137961
6854.96426891
6856.69672476
6857.6579147
6855.88789223
6851.80455995
6847.65132168
6843.2368664
6839.24295524
6835.20917049
6830.31637144
6824.14709458
6815.59269919
6808.00626133
6803.13806529
6797.3095993
6793.08603685
6788.32810131
6785.14364995
6785.28305072
6788.2174993
6792.25113072
6797.64302927
6801.92652407
6808.98439459
6819.08298055
6827.86771722
6835.82591836
6844.81214876
6849.27484127
6853.55917941
6855.35394428
6855.74229541
6852.2554292
6847.05248592
6840.00619205
6835.73468511
6829.50162165
6823.26604213
6819.77806077
6813.89112605
6812.22550256
6814.27857111
6817.18256215
6816.47925073
6814.13672398
6811.4264973
6808.90646649
6808.81787476
6810.3996459
6815.70003242
6817.49410032
6818.90684952
6822.94816851
6830.4171671
6837.692478
6841.99339007
6846.21354433
6848.96963854
6849.28794429
6848.51117234
6846.9135103
6844.24265539
6840.4204774
6835.33950369
6834.12085339
6833.42011379
6832.88233948
6829.71301932
6826.23952097
6826.41537322
6829.39833084
6831.99461703
6834.37908041
6837.98268893
6842.05075062
6845.8545356
6850.45202191
6857.83933574
6864.1219537
6867.99961042
6872.67111484
6878.47303328
6884.11325492
6885.62975491
6883.46409799
6880.42705557
6877.43127372
6874.68716737
6870.42513224
6865.41587664
6857.45683915
6850.32127053
6845.62467522
6844.96380922
6845.61108433
6846.48738345
6845.04040611
6843.94888296
6842.33344124
6839.65457816
6837.77750125
6837.14696037
6835.52691865
6835.35915125
6838.34532887
6841.30730772
6845.98319608
6850.49021581
6857.23109089
6866.46349075
6873.75608649
6876.70294111
6879.1695841
6878.5175696
6876.60982606
6875.73136633
6874.4752888
6875.12423663
6875.83033593
6875.46575144
6873.21628399
6869.34155454
6864.31459593
6859.35810088
6852.78763473
6845.43830571
6839.41356628
6831.30739863
6823.09738957
6815.19040172
6810.31225296
6809.34032969
6811.76068697
6814.57331233
6817.8100991
6819.91320306
6820.18335521
6820.75890524
6822.98070999
6827.81969606
6832.15645324
6834.24840569
6834.47944394
6834.73321036
6833.65416295
6832.41982388
6831.80941843
6828.82012536
6824.74550519
6822.46551747
6821.24763384
6818.75429694
6818.40922062
6818.81681506
6822.36278424
6828.15123724
6835.74771146
6846.99833143
6858.26448683
6868.25700108
6878.93749343
6890.5081267
6900.67806138
6908.96694643
6913.34184175
6915.33817005
6916.02994664
6913.9491875
6910.59620904
6906.73824865
6902.61821399
6901.12209336
6900.392785
6901.22078417
6902.1883026
6903.93906085
6906.33634845
6909.63917303
6914.66236103
6920.19021035
6923.35930749
6923.53016944
6923.63191297
6927.24757208
6930.12904405
6931.34863526
6930.89409995
6928.26895925
6924.97821314
6920.81081943
6918.45017149
6916.55146066
6915.41297574
6912.69858815
6912.50248895
6914.45569579
6917.10869434
6918.43456635
6921.69220643
6925.53721713
6930.25870816
6932.48858381
6933.82674338
6934.96945891
6935.45822236
6934.18832393
6932.98396847
6931.99770158
6929.29199822
6926.71752716
6924.50117271
6925.38133304
6925.82231927
6925.7032909
6925.12309906
6925.51484442
6925.00967432
6925.97843335
6926.66016661
6929.13710383
6931.1079161
6931.56999958
6933.51507279
6936.32787937
6940.27175512
6943.32438874
6945.33924945
6946.35607146
6948.6888058
6951.55525808
6954.45818275
6955.68238789
6956.04239329
6958.06344309
6961.38436795
6965.31997068
6969.09795387
6972.22351832
6972.87755403
6972.90874339
6972.24616981
6972.73249387
6973.26957121
6970.49527914
6969.31497608
6971.95689283
6975.9120316
6981.22179235
6987.64006836
6994.69536706
7003.46919617
7012.88763099
7024.43487399
7036.12219382
7044.93752743
7051.2759029
7053.47212192
7054.36131497
7051.08590916
7046.58781062
7040.22629577
7032.95446971
7026.26001277
7020.26603058
7014.48695182
7008.11349092
7004.2697487
7002.76259505
7001.99137795
7002.38746543
7005.96840155
7009.51241921
7014.14462155
7019.34517423
7026.05266449
7033.86262032
7039.79431439
7044.54569145
7050.36496442
7054.09075161
7056.56380671
7055.72500452
7053.18322827
7048.26520592
7042.77420535
7039.46304502
7038.94143342
7039.65052968
7038.81800021
7039.90582943
7040.1965352
7044.40350978
7051.48555118
7058.33926554
7063.90567815
7067.05242349
7068.80892477
7070.9036651
7071.50710783
7071.83013902
7068.40754032
7062.27386463
7052.90764673
7043.76160133
7035.245825
7026.08542203
7015.32847916
7004.07148193
6995.29601495
6989.84983645
6987.61670596
6989.87836339
6995.1090321
7000.56096059
7006.58520517
7013.48627857
7023.66558052
7034.98787677
7044.54673691
7052.98431332
7057.62598746
7058.31034132
7057.41884828
7056.09844051
7055.19293838
7054.86703568
7051.90463864
7047.34555532
7043.78620433
7041.7971942
7044.36866133
7048.40752699
7053.66685506
7058.85571957
7060.52656335
7063.65776628
7066.37107357
7067.96113864
7068.78829448
7069.7455814
7069.14381837
7069.67944602
7071.69048037
7074.40258887
7075.95418126
7075.36099791
7074.71141583
7074.58366142
7073.1405174
7070.56256847
7065.59032192
7061.184293
7052.77808019
7046.60655909
7039.98932631
7033.78539615
7030.64060233
7027.4217904
7023.65706355
7019.09302478
7012.9910124
7009.02587909
7006.54571491
7005.6760579
7005.88388012
7007.65787531
7008.1911472
7009.52009981
7010.76559038
7013.70834684
7019.94490908
7024.0242547
7028.38681367
7028.72191637
7024.59209626
7019.38665085
7013.57336485
7004.10277584
6995.25720074
6983.27279091
6969.38645025
6958.50840901
6952.17500291
6948.03106221
6946.30501848
6945.64762338
6945.9883994
6950.9478496
6956.1610662
6961.84807536
6967.31482838
6970.70738772
6973.38732413
6975.52776471
6974.59521322
6973.00004633
6970.62256659
6964.40244584
6958.30074012
6951.29140653
6942.58275796
6936.25161702
6930.35131444
6926.81857373
6927.23498482
6929.87764036
6934.81564482
6941.36851948
6948.54806684
6957.00589021
6967.21635363
6975.1515757
6982.31523217
6986.7749068
6987.44313977
6985.28610435
6982.10090723
6978.19052781
6971.4265273
6960.01868507
6947.26738631
6936.57899033
6929.19962195
6924.93346076
6921.0259877
6918.20818385
6916.52826553
6916.33435482
6917.6064696
6921.37038099
6924.92246259
6927.47359216
6930.33982142
6932.56667919
6933.01983449
6932.03134427
6928.44786422
6925.39648515
6922.48997108
6917.93893079
6911.67968917
6901.75752697
6891.93395103
6883.49225554
6877.05560743
6870.579023
6865.98537001
6861.99208613
6858.8609529
6858.81613779
6861.60701076
6863.13636983
6863.56347244
6866.51680888
6869.40009993
6873.80264401
6877.90117022
6881.05342161
6884.21640633
6886.14647379
6888.94916038
6895.11507785
6899.37343996
6903.01485904
6905.90713403
6907.66065228
6909.61812456
6910.83327607
6909.62181153
6908.73242333
6906.24536612
6901.88613866
6897.06645863
6891.11052398
6887.5464127
6882.81793803
6879.32159304
6878.74039059
6879.90641973
6877.50250395
6875.59685131
6877.20719819
6879.39156873
6880.07947713
6881.76600272
6884.75774215
6885.41827361
6880.75588555
6876.5638958
6872.63863609
6867.38153831
6860.91478114
6856.27059791
6852.87238616
6849.40761386
6845.36630881
6843.0621293
6842.09222724
6842.47904504
6843.5838106
6847.40396738
6852.79369836
6855.7268227
6858.45949875
6856.8620458
6855.08484455
6855.1398354
6854.912972
6852.18928684
6847.4754764
6839.6688033
6830.09704227
6820.41120135
6812.40044178
6809.7927253
6806.87613306
6804.44892458
6804.68744131
6806.31443181
6809.11270658
6811.37681038
6814.65988285
6822.32123792
6826.96987479
6832.4283966
6837.91933444
6841.46300363
6842.5270662
6842.98762331
6843.8692891
6843.48365615
6841.07339099
6834.55673781
6829.86313947
6825.13587056
6819.2978561
6816.46747196
6814.97623011
6815.3384449
6818.05495825
6824.33820348
6830.72214679
6839.35153604
6843.83492853
6846.70706808
6850.65198232
6853.11674349
6855.07947789
6856.34064329
6856.20292222
6853.46181284
6850.46435826
6845.05385761
6839.07901419
6834.77322335
6830.97216351
6826.36080055
6820.39920651
6815.08014819
6808.53185262
6804.04755407
6802.82123015
6804.85080388
6806.05501994
6805.84663318
6805.81115049
6805.65461822
6803.19445705
6804.36160133
6804.21725905
6802.28853674
6800.09538439
6798.47123056
6799.17056925
6801.08194401
6803.28101363
6806.09775111
6809.32290546
6810.56259725
6810.6493002
6810.81163125
6812.31088823
6811.96399979
6811.10037854
6810.14023404
6810.05535716
6809.12977535
6808.72086364
6807.86518783
6807.85340905
6806.49328799
6805.45981539
6805.87403103
6803.94955326
6803.64616266
6802.99232907
6801.66558585
6799.53202435
6797.58504144
6795.52145563
6792.99396725
6789.51469103
6788.41348698
6788.20307204
6786.74689471
6784.84619752
6784.7034513
6784.47059395
6783.53791701
6781.49376966
6779.26723249
6774.20145271
6768.18271418
6763.01962359
6761.33198285
6760.30611418
6758.33879372
6759.13598686
6760.69433288
6766.31761817
6772.92496095
6778.11214577
6780.93827839
6780.71587559
6779.25085372
6779.31344153
6778.80437538
6778.83594807
6777.74770068
6776.42010715
6777.4870273
6779.05563967
6782.25771041
6786.19447708
6788.43007484
6789.699116
6789.42646172
6789.71194023
6789.89802398
6789.61297063
6789.03803393
6789.89280368
6791.5067051
6791.60358379
6789.79982802
6788.06047218
6788.55503441
6788.4647839
6787.87325934
6784.82236118
6781.21574175
6776.04807207
6773.01340632
6774.2347051
6777.54161391
6779.97103876
6780.82991365
6780.47556764
6781.29994955
6786.48504345
6793.13643468
6798.40425881
6800.19986004
6800.44686586
6800.66793745
6802.12635902
6801.16369847
6800.6466799
6798.37694459
6795.94096127
6792.52818286
6791.88055927
6792.74340689
6793.04498538
6789.84450373
6786.66339085
6785.46614447
6782.86959343
6780.63837263
6779.08050752
6777.69347649
6778.04133372
6778.90007619
6782.80853198
6786.20549616
6790.60628388
6793.7339462
6798.1369015
6798.59906861
6796.58231214
6791.43478487
6787.9760762
6784.30736381
6784.05764679
6784.10497099
6783.04606598
6780.79539975
6776.94862572
6776.28831729
6777.17360731
6778.5310311
6777.01064899
6772.61648247
6767.94580745
6764.72406824
6762.83680862
6763.79480645
6767.19168699
6770.0198478
6773.79574705
6780.59454722
6784.51435664
6787.8780057
6791.56817079
6795.56732316
6801.21611751
6803.57388697
6807.1891279
6808.63792433
6806.84092916
6805.63901309
6806.6893384
6810.02232083
6810.13765526
6807.29368022
6801.85495233
6794.18375606
6786.66820691
6781.68634219
6777.16984368
6773.09599715
6770.02006386
6769.99294479
6771.90801349
6776.70419172
6784.1794003
6793.57126667
6805.33283461
6817.25727026
6827.68984376
6834.80555574
6837.88364963
6837.25463511
6835.78605173
6836.66437206
6838.6112783
6838.57190652
6836.27358154
6834.2908511
6833.75180831
6835.46196811
6837.97523136
6841.14065546
6843.34844417
6842.04642941
6839.72964869
6837.9322911
6835.65271459
6831.22089781
6827.87078389
6826.78804254
6826.7402932
6825.72753451
6822.7728808
6819.4400308
6815.11416725
6809.85044827
6804.53278389
6799.13231262
6793.86483001
6789.73305142
6785.93061158
6787.00058445
6790.35356989
6793.79882705
6796.74213411
6802.76582111
6810.28298026
6816.41965291
6820.47935794
6823.45889345
6823.760688
6822.4468387
6821.09904005
6820.40805802
6820.76511523
6818.67045157
6815.42200452
6810.95255838
6805.74654146
6803.49651644
6802.9280058
6802.90702703
6803.53165065
6804.47228698
6804.61697078
6806.98624023
6813.72767985
6822.39337421
6830.7017953
6838.96903945
6844.43487944
6847.51994302
6850.57615209
6850.7489307
6850.01794962
6847.68770346
6844.66808527
6837.82594757
6829.98517874
6822.01875337
6816.4169417
6811.64409102
6807.24809845
6805.31630947
6804.83086359
6804.79086454
6806.34286814
6811.32746497
6816.99891082
6823.14777346
6828.60399527
6835.23649167
6841.7267367
6845.99797182
6846.91629817
6846.90946788
6846.29571698
6844.43244005
6843.69037716
6841.78424361
6837.54665815
6833.01511207
6826.44038744
6822.90090704
6821.73166487
6822.18429048
6821.87774958
6820.72789012
6819.85919493
6817.34474684
6815.37238032
6815.185739
6813.99781806
6813.73158984
6812.07900665
6809.63619303
6808.09936941
6808.40060639
6809.2568328
6810.73921617
6813.23283883
6815.56628407
6817.30075415
6818.41402971
6820.44548525
6824.06052406
6827.7159801
6830.16207644
6830.55781544
6829.60944275
6829.46383896
6829.92336456
6829.19411196
6827.93315564
6828.00919496
6827.69068013
6829.33421666
6830.55194696
6832.01127459
6832.90917976
6834.98997374
6837.99662134
6841.58015715
6844.54953084
6849.13586565
6854.66213285
6861.29762622
6866.5476846
6871.57464321
6875.09405787
6876.08591446
6877.267486
6876.71611383
6875.5679271
6871.4894736
6866.36033934
6856.94324269
6847.90613355
6841.12581002
6833.54857215
6826.69862142
6819.63178091
6817.20562485
6815.3130125
6814.93328985
6815.95122702
6816.82326069
6819.37703177
6822.19926835
6824.53851237
6827.02244019
6827.91929293
6826.57826185
6824.04316256
6819.15407139
6813.50220341
6808.5390314
6804.30821351
6800.20243883
6795.53170804
6791.9615401
6790.92995628
6791.48774754
6793.27170939
6796.55352035
6801.8256169
6807.6044587
6814.16167547
6820.8356485
6826.46172863
6830.27024603
6833.71417198
6836.98338174
6838.76133572
6838.67478611
6837.87088813
6836.62416392
6835.02726158
6834.83037481
6834.02821924
6833.73263469
6834.52363178
6837.41103495
6841.63654891
6846.91169818
6854.30619078
6863.44673013
6870.26113543
6876.72203806
6881.87535715
6886.32112725
6890.28019693
6893.35819325
6894.78695879
6893.83899731
6893.47143677
6892.86778495
6890.22525486
6886.57052367
6882.0675812
6878.11590637
6875.38831819
6871.25131929
6866.4399332
6864.06055073
6861.39826854
6861.34348678
6862.67985514
6864.67534708
6866.80702677
6867.14143249
6867.15460521
6868.1079891
6869.21575163
6872.02209731
6876.72008655
6880.21315579
6883.3154345
6887.73798856
6891.77412907
6893.34871447
6893.52870671
6894.07516526
6895.78202143
6898.70201487
6900.89513935
6902.30470339
6902.34043699
6901.11205004
6900.56885331
6900.64507384
6899.56337795
6898.12860454
6898.07845065
6899.88148854
6902.93302791
6906.81492221
6911.18505027
6915.41254362
6919.815018
6923.68141171
6927.36866348
6930.38522895
6931.52972174
6931.7927439
6931.666481
6930.89701328
6929.43943504
6928.73358666
6926.8427237
6925.2507559
6925.01682522
6925.47370931
6925.8303832
6926.95555601
6929.01933001
6932.34968486
6936.17676952
6940.92023599
6945.71961331
6949.62219365
6952.89971128
6955.07617123
6956.63445452
6956.65893904
6956.93223452
6956.17389043
6955.07842244
6952.64259942
6950.81968397
6947.57803236
6944.69907645
6941.25806383
6939.02680121
6938.35024644
6938.78399812
6939.81565861
6942.5216059
6945.94720854
6951.05599828
6955.4837587
6959.53208919
6963.76858738
6968.33947736
6972.87770039
6976.72540139
6978.21855293
6977.82425666
6974.47969061
6968.57595894
6963.56795092
6958.37412399
6952.99370452
6948.47062662
6945.76631023
6943.59838119
6940.72992163
6939.11775567
6939.12973657
6942.09915905
6946.5905388
6953.70369987
6961.9064953
6970.29775813
6977.07714771
6980.92019993
6985.22263835
6988.23306352
6990.82885487
6993.3932617
6994.47433728
6993.47167768
6990.46677947
6986.19867374
6981.89476471
6977.47289368
6973.97538475
6973.06478778
6971.44353334
6969.72314203
6969.58127399
6968.91676284
6967.54232603
6966.99856476
6967.56664328
6969.48904409
6971.38666067
6973.50185007
6974.85276418
6973.37198384
6971.65831828
6972.58999856
6972.41192298
6972.96783939
6973.23951094
6972.91957429
6973.3234051
6972.66631667
6972.14916567
6970.86987907
6969.49834165
6968.06347066
6966.62756119
6964.40818886
6961.80489813
6959.43822141
6957.97926317
6957.26604782
6956.093509
6955.82101503
6954.50022392
6953.76544435
6952.50662077
6950.32907355
6947.80316032
6946.43129533
6943.81656036
6939.3373706
6933.03504933
6927.97587681
6922.25223496
6917.82138
6913.69585321
6909.97579511
6907.48079246
6907.47165519
6906.92226938
6905.67785911
6905.61141008
6907.41088647
6911.68572492
6918.63076313
6926.56780428
6933.09712139
6938.66666339
6942.10491602
6944.98458283
6947.33458806
6948.55521775
6949.23372404
6947.66290925
6945.32824431
6942.15383627
6937.03236866
6931.48381239
6927.94798411
6926.09265263
6926.15264076
6925.97928366
6926.0938096
6926.86370944
6928.54643654
6931.62948588
6937.69884527
6943.04474386
6949.50307468
6954.93120167
6958.6701546
6960.76544554
6961.30854469
6961.0194071
6959.87657309
6957.55297602
6953.37991595
6949.34906544
6944.01921804
6939.78182773
6935.34139642
6930.73075133
6926.95336056
6925.12046451
6924.7571973
6924.83882631
6925.72955269
6926.70350414
6928.47687904
6930.93339507
6935.11857543
6938.52216081
6940.68847289
6941.29169259
6940.26232513
6936.37459023
6930.49346823
6923.53573125
6915.91943523
6909.25154675
6905.28850435
6901.24556839
6897.51408
6895.35210307
6894.22690935
6894.66467558
6896.50334253
6898.8556826
6901.48228694
6904.60663867
6909.35051635
6914.78361273
6919.05952452
6921.8847929
6923.65458537
6924.30607715
6922.67822241
6920.2115167
6917.38656195
6913.88122606
6910.24740393
6906.88669608
6903.25988547
6898.60109376
6895.1250236
6893.50272371
6891.86837322
6889.6652333
6887.57083449
6885.94826975
6884.91037836
6884.04118832
6883.69674624
6882.48750503
6881.41243034
6881.12925184
6881.18263966
6879.90858033
6878.07325187
6876.72719564
6875.7523451
6874.57927657
6873.46057163
6872.03547912
6871.29021016
6871.39670703
6871.88646714
6871.67870068
6870.77389553
6869.26419098
6867.6426229
6867.08685982
6867.39938072
6868.90817921
6871.20531934
6872.41950903
6874.8955611
6879.147072
6883.9673793
6887.90694082
6890.48277097
6891.17391331
6892.43649356
6894.17755697
6895.90486222
6896.96544691
6897.10348162
6896.00277242
6895.01408705
6891.62531922
6887.34166411
6882.97956514
6880.65691595
6880.35108595
6880.7996552
6880.08372864
6878.45672421
6875.50680292
6871.56781292
6866.20651828
6861.51988963
6856.1831283
6850.71275801
6843.13795953
6832.8250556
6823.35526113
6811.53961537
6797.47811943
6786.11613776
6774.73199248
6764.60858745
6759.29322307
6753.73585711
6750.16250402
6748.94810523
6749.92497698
6753.53722792
6759.61799668
6766.04169511
6771.80373298
6777.22733665
6783.54745851
6791.86007535
6800.94303809
6809.14309443
6816.66784357
6821.06063009
6821.7761315
6820.29744207
6817.82718181
6815.26059347
6813.23045519
6812.42344176
6811.34641556
6809.44237292
6806.03990966
6803.16839041
6799.29805882
6796.01302786
6795.28588011
6797.55967874
6799.12932263
6799.25866613
6799.17587319
6800.01613901
6801.55064869
6802.51407591
6803.64113751
6803.85365033
6803.9937411
6803.81406249
6801.51204358
6797.49763456
6794.29269928
6792.8796016
6793.14318831
6793.29289725
6791.61592014
6790.4628616
6789.80715316
6788.53678777
6787.76878368
6786.6323827
6787.2596548
6791.02949042
6795.68364032
6798.68368065
6801.82574932
6804.12484097
6807.78852821
6809.86884825
6809.01240577
6806.92999483
6805.36189124
6803.3243651
6801.84840082
6800.39055773
6797.75448158
6794.67693829
6792.48064958
6789.74839171
6786.39450718
6782.54095861
6778.74638756
6775.75749873
6773.78577343
6772.84228649
6771.28937683
6768.936061
6765.73571178
6762.98101847
6760.62241265
6759.34026848
6759.04028605
6759.8321195
6761.74201668
6765.22226169
6768.75060452
6769.44525958
6771.69932703
6774.8738187
6778.74464513
6782.05810546
6784.05360437
6784.20072059
6783.01024178
6782.36659091
6782.89085099
6784.29745988
6785.10092575
6786.35944964
6786.57739882
6785.09877211
6784.05596709
6784.44884852
6787.40197587
6792.09494693
6797.57319297
6803.9240442
6808.64712432
6812.45090931
6815.84611015
6819.18006136
6822.09269482
6825.27060164
6829.44892382
6833.09080988
6835.58602163
6837.31339656
6839.52375708
6842.27545342
6844.94812741
6848.56734804
6852.10739298
6855.5424047
6859.95770331
6863.57636636
6866.7029693
6869.78935712
6872.47937867
6874.58220384
6877.0359529
6878.07576095
6878.77412389
6878.40431214
6876.9955287
6874.88036718
6872.32346671
6869.16668501
6863.05705476
6855.20151716
6848.06608793
6841.92517074
6837.1513443
6832.54501345
6826.54946309
6819.24990463
6812.77582928
6807.65993743
6803.70484048
6803.08927746
6803.88062303
6807.35620531
6812.52645378
6816.73949896
6819.65359604
6821.42501245
6823.49556099
6826.61058727
6829.26423401
6830.76807705
6831.52485993
6831.12660487
6829.83442435
6826.97239084
6821.8399181
6815.65738489
6810.85504545
6806.79590496
6803.50551431
6800.66286352
6798.65474947
6798.33142555
6795.91461584
6793.26216789
6792.20833682
6792.2829822
6793.92533389
6795.35689428
6794.77318274
6793.46978798
6791.75538364
6791.36264161
6790.50180822
6790.18455491
6790.87168967
6791.6556404
6792.06337424
6791.96691373
6790.54893727
6789.29312458
6788.31890132
6787.37689196
6787.11329131
6787.24466997
6786.50086465
6785.87568346
6786.2809779
6788.81751991
6793.58777787
6797.12886826
6802.76205748
6807.78768488
6812.35131244
6820.10375438
6827.25612692
6833.22936732
6837.50477031
6840.29801297
6841.19550692
6843.57656212
6843.518644
6842.67907514
6841.72157913
6840.85015182
6840.83413547
6839.95086665
6837.70849435
6835.15822205
6833.66517506
6833.31850268
6834.6685386
6837.3109502
6840.86089211
6844.97238194
6848.71545395
6852.53979255
6857.13246978
6862.43368569
6866.76283893
6869.89027823
6871.20796782
6871.24748596
6872.16455777
6872.57047252
6871.19089208
6869.72969657
6868.19406477
6865.85433984
6864.01922046
6861.41095338
6859.89783368
6861.64499557
6864.44276853
6868.18925569
6872.72046025
6876.75800167
6881.90504803
6886.11049625
6888.95415765
6892.16259868
6895.98799668
6899.42318264
6901.19783298
6901.72653973
6901.8539596
6901.5086951
6900.35972079
6896.17337649
6891.47016695
6887.1340022
6883.81780976
6880.65071292
6879.13250535
6879.50928679
6881.09809733
6883.50006159
6886.75119198
6889.39032782
6891.25472687
6892.73934053
6894.90609867
6896.49277648
6898.59194256
6900.72976254
6901.57474685
6898.8397917
6895.27260679
6891.75694182
6889.07511662
6886.2515349
6883.16983768
6879.04754483
6876.46018681
6875.81005413
6874.70096736
6874.05104377
6874.45305549
6876.89119244
6880.71162801
6884.58984232
6888.07822095
6889.39423085
6890.77368583
6892.44889264
6893.64211751
6893.33857357
6892.74989264
6892.30206915
6891.04299465
6890.05462988
6888.03858432
6885.4350845
6883.79397342
6882.8792713
6881.94470557
6881.39723642
6881.76119363
6882.59044735
6883.04194387
6881.35960009
6880.05180746
6879.67168057
6878.83190262
6876.89188941
6874.0795498
6871.59095229
6869.32573334
6868.15322239
6867.45276855
6866.49220587
6865.04934065
6864.7019713
6864.89851656
6864.16412032
6862.16005566
6859.44187656
6855.90601343
6852.09024755
6848.24590594
6844.68920343
6840.52460457
6838.088907
6837.43180463
6838.12236848
6839.65165089
6840.59715904
6842.43889962
6845.01573341
6848.35721188
6852.08515967
6857.40282405
6861.78829239
6865.20420716
6866.40180899
6865.67828547
6862.1073648
6855.53878046
6847.00160718
6836.57271367
6825.31674796
6814.51365179
6804.80416968
6795.53686561
6786.28207911
6779.05451755
6773.68611383
6770.38234137
6770.52891396
6772.41192207
6776.51022525
6782.51692712
6789.11686809
6796.98635204
6805.53787592
6813.52631853
6821.04188859
6826.22634826
6830.06142715
6832.48298321
6831.23157537
6827.5804266
6823.72402046
6818.83095656
6814.09449463
6810.45464373
6806.87696943
6805.11823088
6804.19286514
6804.57215567
6807.10369344
6811.9509595
6817.70966587
6824.24982781
6830.45123494
6836.30320273
6841.3158665
6845.79271445
6847.61312778
6845.68398728
6839.87740612
6834.80939604
6828.83372323
6820.55463757
6811.9884634
6804.66659497
6799.48566894
6796.63277967
6795.42903754
6793.22711035
6792.65294729
6794.25520235
6798.29114771
6805.60514039
6813.25729547
6820.3566914
6827.58467811
6833.82004157
6839.14913624
6843.76732253
6848.21921202
6852.89064674
6856.84127613
6860.15863948
6863.94025388
6865.95226399
6865.51847048
6865.52997047
6867.8698348
6872.5528392
6877.59004326
6883.67862505
6889.2054777
6895.0117522
6900.83732577
6906.25463581
6910.99334198
6916.11515807
6921.41704307
6929.57284188
6934.75242276
6938.27874439
6941.84073689
6945.25187044
6946.68339598
6946.80563041
6948.3955073
6950.22274396
6951.52381781
6950.01514477
6946.96113813
6942.49550441
6937.94676411
6934.36251739
6932.10869389
6929.17866409
6926.98380417
6925.4485557
6925.48940506
6925.52028078
6925.74685843
6928.2915271
6934.02156016
6940.69669015
6948.05981915
6954.40786159
6958.70216639
6961.15965817
6963.8647691
6967.24108209
6968.90572982
6971.09368278
6973.07764686
6973.16464253
6971.92800346
6970.47890037
6968.77438601
6966.97497236
6965.8533959
6963.66379809
6962.78170019
6962.28546523
6962.74537416
6964.54910206
6966.9523348
6970.20977276
6974.12689884
6978.21434324
6982.24534012
6984.96119134
6988.81853142
6991.75069395
6993.75008195
6994.08243161
6993.0584587
6989.62981728
6985.94744429
6981.82388993
6978.994147
6976.4193414
6973.77804495
6971.1260779
6969.09096327
6969.06546118
6971.19217844
6975.31730795
6980.71298407
6986.8331525
6992.59529492
6997.92572777
7002.8273365
7006.47400377
7009.66057391
7013.75061801
7016.52481947
7017.74286341
7014.12224188
7007.87275085
7000.65003323
6993.23200398
6987.19983486
6982.59950491
6978.38261246
6976.11159474
6973.80493401
6971.19932935
6968.84130201
6967.54658451
6967.37859407
6969.27644066
6972.45448688
6976.3852178
6980.48593248
6983.99679534
6985.83133623
6984.41319946
6982.0813224
6980.76380008
6979.17665531
6975.83001926
6970.98282986
6966.89044396
6963.74148923
6960.73998526
6958.95683886
6958.70896881
6959.19024681
6961.5070554
6965.05531064
6968.06951338
6969.23013404
6971.59734046
6973.48471857
6976.12197957
6979.02067364
6980.13944131
6980.56711543
6980.31166235
6980.48093522
6980.56740816
6979.7150778
6978.00850041
6977.58809568
6977.58809568
6978.89574195
6980.79232006
6983.23879276
6985.79779111
6987.10290738
6987.00862141
6985.33066158
6983.57797272
6982.08437513
6980.91776054
6977.73661978
6973.93831994
6970.31688992
6966.51909887
6960.72573921
6953.35213477
6946.12527715
6938.22439474
6930.92643932
6923.43630862
6914.32987197
6903.79107342
6893.47605767
6884.04648529
6877.70887647
6873.3353263
6870.84582273
6870.09741742
6870.75138343
6873.01625389
6876.59958061
6877.96919439
6880.60833721
6885.92259341
6892.37447029
6899.6202785
6906.00179636
6908.44324392
6908.75359028
6906.16087954
6902.33550245
6897.22839241
6890.58204027
6885.03199945
6880.59105238
6874.78251273
6868.70201578
6862.56987343
6855.40858665
6848.94712645
6844.23819479
6841.06412827
6840.87106089
6842.27364827
6845.50458746
6849.30418366
6853.07903747
6858.397817
6864.81564694
6872.74694507
6879.79148954
6886.53922279
6891.46797847
6894.47814576
6895.82948502
6894.84076479
6892.24617921
6887.6984983
6881.82991478
6875.21198503
6868.63385221
6861.64269557
6854.79441757
6849.00379003
6845.7826084
6844.28098869
6844.24363115
6845.36554215
6847.44975825
6850.10667377
6852.68754998
6855.68883789
6857.94402048
6858.66594097
6860.6617814
6861.7611803
6862.32697973
6862.68780058
6862.13196781
6862.04986486
6862.35060698
6861.48761997
6861.8195863
6860.22213335
6857.8940478
6855.96121337
6851.81355085
6847.45909763
6842.05111304
6836.36572085
6830.05584443
6822.60839612
6815.25620953
6808.46451844
6803.87462909
6800.90832903
6798.78257358
6797.19564486
6795.27653375
6793.77938161
6794.41648098
6795.50095777
6797.30472051
6800.65149595
6804.37763162
6809.37370753
6815.26386225
6820.44144283
6825.237635
6831.17887755
6837.46831883
6844.40567644
6852.26818373
6859.96606694
