7047.73191581
7049.12765896
7049.78823224
7050.26224086
7051.44903967
7052.77524622
7054.04154829
7056.34909416
7058.15002024
7059.14481107
7058.10186665
7054.61550923
7049.12992411
7043.15821008
7037.10887462
7031.26154865
7025.59728158
7019.99513537
7014.37683341
7010.76319551
7008.4700281
7006.42314864
7005.60116431
7005.14809961
7006.71312956
7010.80703486
7014.61263893
7017.81082058
7020.88775054
7024.45248909
7027.14874155
7028.33060582
7028.97062548
7028.91279796
7027.29145292
7025.07891786
7023.64056202
7021.57976409
7019.34430572
7016.44671982
7014.47521058
7013.15310221
7011.13343241
7010.04656501
7010.6104199
7011.09480639
7012.42363354
7014.2241275
7015.39469391
7016.666509
7016.8674591
7018.452276
7020.03351745
7021.22180081
7022.79155621
7023.84649546
7022.29672913
7017.69688706
7012.10088114
7007.72536552
7005.40174754
7003.21365518
7001.66441158
7001.149003
7000.36110743
6998.38286546
6996.07656716
6993.1490813
6990.07171226
6987.59034232
6986.58489484
6987.94279257
6988.93915157
6988.78525385
6988.22498835
6986.03612236
6981.45895269
6975.0375682
6971.87733652
6970.65488077
6971.87164228
6975.01943307
6978.88416799
6985.19292229
6990.75523673
6995.0199761
6999.0490354
7001.32865373
7004.18089482
7007.95845286
7012.12585354
7015.89049674
7019.58844002
7022.83375768
7024.20043722
7024.30464106
7023.46855008
7021.44626664
7019.57420094
7019.33600481
7020.31176141
7023.81147276
7028.56781922
7033.15502524
7039.14141046
7044.28376623
7048.34028611
7051.65530765
7055.34354214
7056.696352
7058.48692809
7061.06116218
7062.40208872
7062.92327517
7062.08700994
7058.42651481
7055.16704171
7051.32610131
7046.78489524
7044.16924725
7043.64424838
7044.10669429
7046.3897417
7050.32974231
7054.99487643
7059.7132311
7065.59606068
7071.76000572
7077.78272394
7082.51549194
7086.69786351
7091.95064008
7096.71100805
7098.72559694
7097.88219475
7095.24270345
7090.90497749
7085.8707007
7080.36966378
7074.58243745
7068.92603219
7064.3035247
7061.58407014
7058.79685626
7056.4154038
7054.2296881
7052.80202377
7051.2396423
7050.64537866
7050.01157596
7049.64322784
7050.58660326
7050.81027455
7050.48511063
7050.2422936
7048.61169281
7046.70862593
7045.3855418
7043.19418065
7041.1331318
7039.7516347
7040.02072049
7042.91001942
7047.39921069
7051.46250511
7054.22567356
7057.12530854
7060.60287021
7063.63151416
7063.95760504
7062.8922252
7061.69378003
7060.46793702
7058.19353899
7055.36137758
7052.31849456
7048.5235332
7044.20299449
7040.41942161
7037.65281013
7034.72393034
7032.64965302
7031.5360708
7031.26686652
7032.88667126
7035.07955877
7037.9548068
7040.76132672
7041.93473676
7042.77766501
7042.58355217
7041.00629739
7038.14684267
7036.13200984
7034.28350168
7032.54146252
7031.64606644
7031.38317671
7029.57150337
7030.3832074
7030.28710235
7029.31740241
7031.11126122
7033.90313782
7038.66439791
7042.46490017
7046.39464836
7050.27132236
7054.02210983
7058.58525647
7063.0168781
7065.91351612
7065.9841818
7064.72780457
7063.8114367
7061.26956288
7059.55712399
7057.06343163
7054.56283928
7052.663313
7049.63549148
7047.97172891
7046.07809201
7045.05605667
7044.65610798
7046.67925565
7049.21475918
7053.90844115
7056.66788082
7058.46520356
7058.74578934
7057.70753553
7055.99754997
7053.73532102
7050.63104897
7047.07942737
7043.91041388
7037.33999651
7031.80369295
7023.8031858
7017.01490986
7010.60308779
7005.45031234
7003.80163914
7002.77768016
7002.50929831
7001.34633583
6999.19992222
6997.41414128
6993.90380116
6991.09384518
6989.41493746
6987.20383816
6984.93664679
6980.86731662
6977.29056231
6973.303586
6970.27978599
6968.25569044
6967.2108433
6968.65650337
6971.31189254
6975.11292449
6980.13055069
6984.88654169
6992.72895536
7004.64033678
7014.32681194
7021.94751978
7027.68484313
7033.18622157
7038.61480857
7042.99003146
7047.69320615
7051.23593443
7052.27989642
7050.23237574
7045.47228656
7039.35774267
7032.42087294
7026.64755811
7021.73223999
7018.38506031
7016.44533286
7013.87793603
7011.12692272
7010.15906278
7010.59484265
7011.22844322
7014.39851612
7018.19142838
7022.98706995
7027.99259676
7030.90679839
7033.19508005
7034.8212969
7037.96518467
7042.07778965
7046.53538731
7050.08144013
7053.04930837
7056.42454803
7059.58775577
7064.0225974
7069.26733791
7074.01926559
7078.84699561
7084.24404475
7089.4635062
7091.92791889
7092.19938831
7091.69791912
7091.44526786
7091.48715569
7090.65469592
7088.44174965
7086.34603356
7085.29103159
7084.54130203
7085.53044044
7087.22895389
7090.44414158
7095.3024337
7101.34473674
7106.54064064
7111.37467823
7116.24363397
7119.19418253
7122.23651494
7125.14581688
7126.28402999
7126.31128148
7124.72016398
7122.95663028
7119.77461831
7115.48045291
7108.8818989
7102.32711455
7096.40462047
7090.3650356
7085.06841969
7080.09310648
7076.34229114
7073.86243362
7071.53372777
7068.64829005
7067.00897714
7065.40366935
7063.19618035
7064.31603529
7066.38669534
7067.15469245
7067.85437963
7068.50568322
7069.08662779
7069.13032775
7068.82768987
7069.5568449
7070.305989
7070.78433973
7071.33999826
7071.35418158
7070.35174501
7068.00987341
7065.16287353
7062.99849903
7060.7983282
7059.41860837
7058.40594726
7058.74261813
7057.32909531
7055.2278871
7054.5029348
7052.93042637
7051.95784098
7050.70851708
7050.35815076
7050.96055501
7053.01418114
7056.30772905
7058.62368038
7060.75494885
7062.48309742
7065.20497743
7068.23770561
7070.47864216
7072.16300017
7072.78337925
7071.91213315
7071.25312108
7069.62827028
7067.20915361
7063.34564535
7059.55934732
7055.7603993
7052.87169976
7047.7381049
7043.65758837
7040.36986711
7038.24751984
7035.53726528
7035.17784534
7035.34630971
7038.47393022
7042.33942484
7048.35975943
7054.87260019
7060.81014879
7066.11863409
7072.38695025
7077.22694692
7081.33259615
7084.54137173
7087.11444188
7090.18263882
7092.29340943
7092.60795154
7092.20454589
7089.01633089
7084.64661405
7080.71947252
7077.46641153
7074.6236771
7074.78656573
7077.14705337
7079.76114015
7083.35394564
7086.25194275
7089.4950092
7093.18629642
7095.54700012
7097.87640991
7100.88578266
7104.07615826
7107.0248947
7108.82495654
7108.70347484
7105.41893873
7100.82333424
7096.2691297
7092.15443381
7088.32904976
7085.46506475
7082.37784056
7081.4033385
7081.01380253
7080.70462708
7079.77305832
7079.60320697
7079.25151641
7080.04578229
7082.42265567
7084.84824718
7087.13395702
7088.33434672
7090.85598057
7092.55637584
7093.19061763
7090.59398992
7087.50063241
7086.17701858
7086.13324893
7086.06564293
7086.05588537
7085.88680069
7084.14256607
7082.89945216
7082.17822864
7080.47002732
7077.242796
7075.34557668
7075.28739371
7076.55960608
7078.74481995
7079.13749229
7079.23172249
7078.61518372
7076.56297941
7076.34267447
7076.5237052
7076.52767793
7075.80168017
7076.42787893
7077.42186127
7079.27834972
7081.20860537
7082.22443768
7083.25455787
7084.59099592
7084.98910462
7087.93811985
7090.88065327
7093.19835398
7096.28585696
7098.24956711
7100.44237098
7102.69615964
7103.41104074
7102.93814727
7100.5813466
7097.09775614
7092.90890276
7090.19957516
7087.32590228
7083.5909848
7080.44319401
7076.37132687
7072.40970629
7070.61197233
7068.63398127
7067.03042985
7066.12354075
7066.39809078
7068.05035337
7070.54258209
7073.1939358
7074.78860785
7077.58939868
7079.3282527
7080.40395466
7080.05010349
7079.49183133
7078.92770462
7079.99699446
7080.7963482
7081.67076551
7081.80193508
7081.39309306
7080.15367309
7077.2155236
7073.58559056
7070.06019591
7068.69139061
7069.09464293
7070.72677009
7072.31582456
7073.40358408
7072.92416001
7071.37792732
7070.1003692
7070.26574601
7070.65718471
7071.95339371
7074.50945085
7078.0849297
7080.93769352
7083.15760948
7084.29297198
7083.88594208
7083.34774262
7083.87151482
7085.22725892
7086.07212474
7084.77959573
7083.11600043
7082.41436174
7081.21543566
7080.49755759
7076.89694604
7071.8410911
7067.02423379
7062.59113459
7059.90591515
7057.60538776
7056.24279942
7054.83741719
7054.94445072
7054.74962698
7054.19493723
7052.96832755
7051.04959977
7049.00384242
7048.41807482
7049.45621015
7050.18960972
7050.24168027
7049.47823437
7047.81781027
7045.8354771
7044.27761896
7043.23190062
7043.09087591
7042.59358853
7042.89033005
7043.93451506
7046.49697038
7048.30077494
7050.02849836
7051.79936417
7053.72179285
7054.67682856
7056.00852723
7056.54237761
7056.45323527
7055.5950434
7056.67642566
7057.76333487
7059.44062562
7060.34555623
7060.16237187
7060.10672586
7059.23453189
7058.20433504
7058.2051714
7058.81837867
7059.21962372
7059.98587144
7060.58875659
7060.53895816
7059.23404401
7057.43553641
7056.79082615
7056.30319876
7056.80357371
7057.64876711
7059.23622552
7060.03792805
7058.05781821
7056.07314323
7053.6402196
7051.79984508
7050.31046414
7048.58340981
7047.71692401
7046.5637191
7045.7059245
7045.7257463
7046.11991712
7047.91818775
7050.41170586
7052.73024294
7055.71547965
7060.79139336
7067.42322764
7074.27443291
7081.43665362
7087.0602177
7090.46776883
7093.08432985
7093.21396609
7092.50758801
7091.35961037
7088.0065622
7084.91738651
7081.9811955
7078.86609256
7075.55737162
7072.17642379
7067.2539269
7061.62577677
7056.98380989
7054.06288948
7053.63893718
7055.3439185
7056.16590283
7057.98742434
7060.02785685
7061.01880737
7061.69879821
7063.08790621
7064.06347463
7064.03061254
7065.91642248
7068.57680891
7072.35983118
7075.76767505
7077.6465362
7079.28023154
7080.78380276
7082.59850095
7086.08007019
7089.30341242
7091.62787373
7092.34784271
7094.02725921
7096.55133245
7097.72635248
7097.26461052
7096.30174785
7093.06139957
7090.68529286
7088.48572839
7087.05352679
7085.94381275
7084.32349922
7084.01529953
7085.73695235
7087.2804599
7088.19341959
7088.68248274
7089.99766324
7093.23731455
7096.78642009
7099.79530496
7102.63601121
7103.9785826
7104.60153349
7104.05162495
7102.82454133
7100.62699807
7098.43753965
7094.67167675
7090.88978356
7088.05116822
7084.82280781
7082.11529234
7081.01916919
7079.50625858
7078.63469885
7079.08821658
7079.09539536
7081.48565054
7085.26391949
7089.77261195
7096.29672967
7100.87867357
7106.34277114
7109.55112854
7111.660784
7112.72533446
7113.14233101
7113.40627317
7113.95025747
7114.03974829
7112.23055616
7108.56916891
7104.26148231
7099.61304757
7094.93554921
7091.7163191
7089.9603754
7087.86974719
7088.15013782
7088.60288888
7089.23448219
7089.14338834
7088.42913451
7089.09111567
7091.57748288
7091.19303478
7090.46477187
7089.10421868
7087.38096283
7087.44501428
7088.59605858
7091.2779953
7094.81337055
7100.04035926
7104.24810051
7108.89256253
7113.20004004
7115.37660453
7117.122024
7119.08392204
7121.0962179
7124.41475913
7126.48044282
7126.34362084
7125.11751297
7122.61978517
7117.22406026
7111.82701111
7105.3162055
7098.08849758
7092.64105757
7089.30529424
7087.30011443
7087.30443563
7087.78074425
7088.82557048
7090.9608047
7091.69527064
7091.02401979
7091.45739512
7091.50444052
7093.03129051
7095.21217621
7096.80182311
7097.35654073
7097.67108284
7095.67823938
7092.15352775
7087.73139884
7083.02560355
7079.29145274
7077.50942846
7077.99766918
7079.92060665
7083.23978212
7085.92952489
7088.52120411
7092.79585438
7096.97655323
7101.40495487
7107.20882482
7111.87698379
7114.4892236
7117.38763888
7119.00000697
7119.84828794
7119.76311833
7117.9449353
7116.64710932
7115.24996526
7114.13829971
7113.53270334
7113.86752725
7115.1974835
7117.0094635
7120.59188416
7123.16809765
7125.92007278
7127.17546031
7127.46197729
7127.91298593
7127.44336822
7127.25867841
7126.33281782
7124.97177675
7121.23226625
7117.16119366
7112.83434041
7108.77094144
7106.63800721
7106.10747441
7106.2200349
7106.69460109
7107.76772426
7109.66368903
7111.37593277
7114.27692684
7117.24754811
7119.75929197
7122.3695733
7124.44555819
7124.82590114
7123.57560845
7120.37254802
7115.85047375
7111.87510197
7107.39623978
7103.19546823
7097.70446766
7090.88371993
7083.83548153
7078.41229604
7074.73229275
7072.1270296
7071.7524227
7073.1028768
7075.74390144
7077.69107252
7080.05616712
7082.31643759
7085.05970758
7087.50955361
7090.26014177
7092.9325997
7094.86111293
7095.72549388
7095.08100664
7093.93247143
7091.94478554
7088.55138287
7084.81291085
7081.71202607
7078.98618032
7077.06843526
7075.21203045
7073.96085958
7073.39901196
7073.22891668
7073.7762325
7074.05909736
7074.3761625
7073.66073079
7074.03647375
7074.80769086
7076.44768679
7077.62617774
7077.8038421
7077.23917176
7076.67936626
7075.54834587
7076.18364009
7078.63595339
7082.67286754
7087.07757222
7091.24433169
7094.50754055
7095.98281483
7095.0167461
7092.70176357
7089.64060602
7084.933138
7080.12920948
7076.61289633
7074.28163957
7069.28124941
7062.60057852
7053.148961
7043.81713851
7034.65150132
7027.25070811
7023.57808572
7023.11064255
7024.71895428
7028.0192628
7034.26890715
7040.44274219
7046.68145807
7052.38646995
7061.2367217
7069.05853297
7073.84894727
7079.94444299
7085.27855584
7089.1847186
7091.2508832
7089.75964833
7086.02682176
7080.00187324
7073.89813934
7067.42761157
7060.74656431
7054.89944743
7049.97207175
7049.0379939
7049.37069205
7050.36203288
7052.3017673
7056.52112702
7063.33912869
7069.52117402
7076.35727597
7083.57139997
7087.94104712
7092.97950572
7096.44372043
7098.59331222
7098.82658775
7098.81940897
7097.95969771
7094.49311329
7091.63414646
7087.99422585
7085.40010723
7083.61516963
7080.94187533
7078.50722322
7076.97589869
7076.2893215
7075.81453924
7074.18699815
7073.28289693
7071.92605859
7072.1477017
7072.89177883
7073.79459763
7073.80580489
7073.36448412
7072.94869332
7072.95199696
7071.95687856
7070.69677951
7071.09627518
7071.41319395
7072.92399274
7074.7468594
7076.00733481
7077.6666786
7078.61385948
7078.60124434
7078.81646836
7079.13289229
7077.64455681
7075.33121215
7073.20558216
7070.46972095
7066.65393416
7063.75925463
7059.35556752
7054.10225429
7048.77353598
7043.9437499
7041.52745596
7040.50383153
7040.98502589
7042.76160684
7047.17567182
7053.26308968
7059.44602016
7064.85875808
7069.01616422
7071.52226263
7073.69941954
7075.76574445
7077.40980371
7077.8421754
7077.14301095
7074.26052837
7071.21755475
7066.91844087
7061.36602339
7056.28698029
7052.27124006
7048.96449155
7048.08966303
7048.32229734
7051.65226189
7055.94893638
7061.31612738
7066.11758167
7071.23255352
7076.69220443
7082.99368237
7089.85840884
7096.2758206
7102.44099928
7108.81073837
7113.57061846
7117.83648692
7120.54315906
7121.06325127
7120.69448497
7120.51738515
7121.8231496
7122.75561746
7123.85119
7124.00661408
7122.10528265
7119.80625374
7116.37947323
7112.31454093
7106.8001919
7101.9910361
7097.28356808
7093.70581711
7089.95019965
7085.74057659
7081.68972307
7076.21356097
7070.86458874
7066.39627866
7062.10599538
7059.94501511
7058.62439128
7057.56408537
7055.98457241
7053.20590337
7050.23149059
7048.245575
7045.7416372
7044.46610726
7042.45204109
7039.25740701
7036.0136645
7033.41695316
7030.35698743
7027.34284044
7024.5152163
7022.59030641
7021.08814306
7020.20452576
7019.02966603
7017.13162429
7016.22886125
7015.67313999
7018.60743524
7022.74602322
7027.18963969
7030.78448731
7034.27370927
7038.3430255
7043.16428765
7049.38065174
7056.39191594
7062.32369364
7068.24935893
7073.12724284
7075.04573365
7074.45037576
7071.23584322
7066.08635049
7060.7342419
7055.89619674
7052.19060772
7048.0042216
7044.19916813
7039.09201627
7034.23299234
7029.38000416
7024.40124096
7022.76201169
7022.58711429
7024.06839645
7025.73514205
7027.24295782
7028.28359526
7029.13182744
7029.45310924
7028.51737957
7027.26052144
7027.01057441
7026.00815178
7026.62605662
7026.95911719
7028.13843753
7029.93597634
7031.50411477
7033.04435353
7034.86843292
7037.08128858
7037.66854072
7037.8968608
7037.7457858
7037.44123822
7037.18584787
7036.64984386
7033.67306836
7030.25030935
7028.11983542
7027.40394372
7027.42518036
7028.06502578
7027.86866871
7027.6274338
7028.84731773
7031.46047057
7032.84851918
7033.72313861
7035.32735913
7037.63880803
7040.97147682
7041.73653272
7040.61246111
7038.17255386
7034.45976515
7030.84430815
7027.69701221
7025.28384068
7022.37389056
7020.19507486
7018.22657653
7016.68921625
7015.7963432
7013.912666
7012.89537004
7013.43226617
7016.75893406
7019.53778431
7024.12246033
7030.82215848
7036.8345058
7041.64536917
7047.22643208
7052.4590523
7056.40704017
7059.87506731
7062.7728135
7064.85925293
7065.97060485
7065.97960272
7065.34873426
7063.60217873
7060.42405585
7058.69225515
7056.03230781
7054.67933765
7053.94450233
7053.56832028
7052.19207832
7050.6019087
7050.4072592
7050.48783578
7050.71568192
7049.56053247
7049.9678063
7049.98196174
7050.63925927
7051.98558035
7052.85061645
7053.56158059
7054.14141698
7054.43867426
7054.96996676
7055.82255499
7057.90158564
7059.15603227
7062.75716654
7064.91208318
7067.75936185
7071.30590254
7072.95422029
7074.63491921
7075.52172166
7075.59672249
7075.96923848
7077.86224811
7080.01197929
7081.60155649
7082.16310441
7081.31844768
7079.87126125
7076.65394083
7073.14598434
7071.10188578
7070.49778093
7069.80008011
7070.79694093
7072.34985059
7073.01979113
7073.11448831
7072.34884695
7070.16778004
7070.30318021
7072.74404232
7077.34306893
7082.50636164
7085.4953132
7086.09017624
7085.73388569
7085.30998914
7084.68850189
7083.33596384
7081.55806562
7080.91622687
7082.2713437
7083.04051869
7083.90942994
7082.45736472
7079.69374324
7079.2495649
7079.33222542
7080.17381549
7080.34276078
7078.67003518
7077.19061393
7077.04806983
7078.23401137
7078.81939563
7078.59002314
7078.20222958
7077.58961474
7076.71999258
7075.23029801
7074.13744365
7073.2909051
7072.96270937
7073.7144671
7075.72984357
7076.37104111
7074.61861711
7070.92463262
7067.61338866
7063.4315886
7061.17041207
7061.68466368
7062.90449185
7063.90248873
7064.39262521
7063.87245634
7064.17148392
7065.55862647
7068.19183111
7072.20584982
7077.42908187
7082.42669809
7087.32464773
7092.0378309
7095.2574095
7096.25512062
7097.29025898
7099.22748432
7101.20255507
7103.63051628
7104.77765755
7104.67527281
7105.08132695
7105.3386479
7106.635986
7109.25094399
7111.39879336
7110.7728455
7109.26376822
7108.77923537
7108.23769046
7106.453868
7105.1880329
7105.18566321
7104.37320644
7103.98178865
7103.4164074
7101.91590284
7099.57896578
7098.47803355
7097.81054634
7099.34631753
7101.46078208
7104.18969451
7106.96279476
7109.95056147
7110.4468034
7109.96526752
7109.48993466
7109.82468887
7109.94909784
7110.21234303
7108.59105374
7106.90424937
7105.47999322
7104.38428825
7102.28473884
7101.33295797
7100.18477124
7098.72113634
7098.42387906
7099.24044794
7100.51032546
7102.40670841
7103.52039518
7105.1251663
7106.03373509
7106.35880143
7106.68045262
7106.32095601
7106.13981377
7105.30003582
7104.48576694
7103.8098464
7102.79115651
7101.76124542
7099.94166845
7098.49782747
7101.05173098
7104.72078488
7108.78920203
7112.96620694
7116.00750087
7118.06286245
7118.92668583
7120.34725502
7123.1264886
7125.32570458
7127.0520968
7127.45870851
7126.67836808
7122.73164869
7117.98717162
7114.01082408
7109.99621294
7106.36416809
7104.16655514
7102.95675634
7102.31972668
7100.54440724
7099.14154804
7099.89260183
7101.48252752
7103.72007679
7107.34835801
7111.70162639
7114.62687498
7116.55190336
7118.52056199
7119.87986063
7119.88542942
7118.63012552
7117.1309452
7115.95411304
7114.31902377
7113.67453654
7113.4752731
7113.86766665
7113.96252413
7114.19433602
7114.79672632
7115.10332299
7115.8022435
7117.72929309
7119.88355457
7121.33233706
7123.1271786
7123.97880502
7123.94828475
7121.42427424
7118.95853731
7115.23010165
7111.41621758
7108.60401736
7107.83045147
7107.75273943
7107.41373371
7107.8095424
7108.36419033
7108.50295686
7108.85618075
7111.22643292
7113.92391204
7116.59630028
7119.50795798
7121.97062824
7121.99844427
7120.86893631
7119.54636794
7119.19083708
7118.93951006
7119.23363098
7120.4360419
7121.70563366
7121.94533524
7122.0435312
7121.73393757
7123.02431294
7126.0655999
7131.97540217
7138.76444478
7144.30833833
7147.69547524
7148.89795586
7148.32922218
7147.04785165
7144.77349544
7142.39105327
7139.9848375
7137.42326733
7135.26872706
7131.57646409
7126.78410524
7120.75713551
7114.60533864
7111.72539303
7110.19700971
7109.96450085
7111.15812996
7112.87999188
7113.74353647
7113.6258881
7112.91867366
7111.46124178
7110.27130661
7108.153636
7105.16454505
7102.68884146
7100.19425002
7097.08277131
7095.05703091
7093.4004053
7092.1862853
7089.41834261
7088.242765
7088.58595253
7090.02031474
7090.75310794
7093.22135396
7097.39835887
7101.80961507
7105.47121141
7109.52994068
7111.50110841
7112.71404356
7114.11746034
7115.00567763
7115.23741982
7115.47362262
7115.42169843
7115.75457082
7115.34391669
7114.40419338
7113.29392177
7111.61617799
7109.30391363
7107.61195169
7106.84312519
7105.45601748
7105.29669037
7106.17542888
7105.60774763
7104.54159415
7103.27973178
7101.19635204
7098.94702399
7095.72256661
7093.53924152
7091.22565292
7088.10002575
7086.11603379
7084.70801702
7083.47535764
7083.1660428
7084.17873876
7086.83342398
7089.93688755
7094.25210141
7100.28715598
7105.39656603
7109.53474977
7113.67363048
7118.30485009
7123.62558113
7127.97048588
7132.17544622
7133.98825562
7133.44705919
7131.95059705
7129.12424836
7124.48542482
7118.40326211
7113.94140597
7111.97079582
7109.39981657
7106.19131978
7103.8683221
7102.267454
7101.77163026
7101.54483654
7101.61885465
7103.1602016
7105.68413544
7108.83861713
7113.30834902
7116.81473037
7118.79154354
7120.52016605
7121.12562302
7121.54770745
7120.01862019
7116.6250851
7112.59444368
7109.10109566
7105.88339887
7101.95179674
7097.2808499
7092.98055117
7088.9441249
7084.83869871
7081.50286568
7079.26887094
7077.07174587
7074.78782027
7073.64396172
7073.04709838
7073.03975929
7072.82006072
7073.26605816
7074.11448549
7073.91635114
7074.17816755
7074.90866076
7076.76770708
7078.52158078
7081.70888971
7084.33904163
7087.90152898
7090.54826875
7093.06153897
7095.61237581
7098.68517274
7099.93211998
7101.80243629
7103.11322589
7102.47577804
7099.32952058
7094.90460379
7088.6384343
7081.93930767
7075.29186128
7068.87860345
7062.0662333
7055.96656273
7050.3185908
7046.99731746
7046.30418179
7046.52671005
7047.25712659
7049.11567806
7053.26989209
7058.46511993
7062.70740296
7066.59339544
7070.5252415
7074.55342263
7077.23873964
7080.00027021
7080.19918516
7077.72222703
7074.36099646
7070.73328675
7068.95956337
7066.8827909
7065.04985304
7064.06097251
7064.70727884
7066.71492592
7068.38691273
7071.98245732
7077.85472084
7083.76975735
7090.62214747
7096.9637987
7103.95286444
7109.48533466
7113.40543681
7115.6493285
7117.61296896
7120.14498764
7122.63351546
7126.03452206
7128.12814723
7128.78753567
7128.92491523
7127.84503146
7126.27942999
7124.39315309
7122.46080654
7119.84278885
7116.84832427
7114.89485956
7111.5573538
7107.63990015
7102.82440193
7097.86051902
7092.43642747
7086.50389704
7081.71878667
7078.47265356
7075.73369084
7074.36111494
7073.18395521
7072.96912148
7073.88705754
7075.78829139
7078.15420842
7082.0352803
7085.47328898
7090.87898054
7095.47367898
7099.38632355
7103.00888963
7104.44234577
7103.82308881
7102.9038564
7101.79233024
7101.19084599
7098.73423936
7094.21146812
7089.21524584
7083.42392133
7077.52592572
7074.05716676
7070.67324984
7069.16369862
7068.75116964
7070.3072993
7073.18530036
7076.02449419
7077.87848748
7079.70210687
7082.28507399
7085.22983771
7090.53028695
7093.59771722
7095.77469989
7097.26042871
7097.21819239
7096.13984195
7094.6571101
7090.90198052
7087.03003894
7083.32313961
7081.42257485
7081.3720446
7083.25183969
7083.27267906
7082.35058907
7081.81343506
7081.64881099
7081.70428972
7081.71718365
7081.39462639
7081.22644777
7081.20700234
7081.03882372
7080.56404843
7079.2000801
7077.40093826
7074.97749342
7074.98756462
7074.48974754
7074.80982358
7076.61164178
7077.75972397
7079.10250444
7080.61416051
7081.34967189
7081.52663232
7081.89825619
7081.13751453
7077.92595107
7073.53975788
7067.84573024
7061.75247876
7055.27967887
7048.10601392
7040.74761734
7033.54562757
7027.03811166
7021.06750581
7015.53912679
7011.88390772
7008.86592044
7008.39312455
7010.70524254
7013.5520612
7016.29528937
7019.31615514
7022.87325491
7026.58271908
7030.72314009
7034.93650588
7039.20819403
7042.87266188
7044.47249847
7043.44725707
7040.76368945
7037.30127988
7034.02468225
7031.4990478
7029.89806122
7027.56926476
7025.00712308
7023.09016561
7022.18216833
7021.22518808
7021.13944695
7023.43554162
7027.0220744
7031.43657847
7034.62005408
7037.08222949
7039.35202753
7039.55063581
7040.66085167
7042.61607972
7043.33717778
7043.63316658
7044.24591384
7045.62932761
7046.65951749
7047.00249594
7048.73569057
7051.38595004
7055.52031439
7058.67939608
7062.14651019
7065.96806091
7066.6417163
7066.33484782
7066.8470573
7067.26811719
7067.3384553
7066.46861708
7063.88200481
7060.08950376
7055.34697123
7051.13237878
7047.16676456
7043.75607706
7041.78201691
7042.57111825
7046.25616759
7049.55885277
7052.56307492
7054.13250275
7054.88636532
7056.18267888
7060.20523546
7064.36713706
7067.66200922
7069.43047048
7070.70038284
7071.55269926
7070.44834491
7067.9552171
7065.03843669
7061.06162915
7057.06612193
7054.44439637
7054.47060938
7055.12159236
7057.67368375
7061.68812064
7066.94316236
7072.22148981
7077.5308742
7084.65783525
7092.27068824
7098.54870621
7103.84790091
7109.8037798
7114.3048056
7115.40699238
7111.55498411
7104.75528485
7095.64241517
7085.96507031
7075.08196907
7064.49942874
7053.21864396
7040.8076194
7030.21896666
7022.49477287
7016.20722734
7011.36362733
7009.30503181
7009.89844516
7012.16540653
7017.11449279
7022.16742047
7028.01287159
7032.56958522
7035.99191907
7039.02183846
7041.81493476
7043.37146866
7043.05641776
7042.01819183
7040.80478274
7038.98689941
7037.06977466
7034.64782132
7032.84005101
7030.87342752
7029.94827087
7029.75122379
7029.97425387
7031.04072796
7031.46244996
7032.19351468
7033.14473101
7033.14855737
7033.13727344
7033.13727344
7033.05866927
7032.25220644
7032.25293826
7032.93476212
7033.1943552
7033.29301116
7033.03772535
7032.64775029
7032.9238685
7034.93094407
7038.19607656
7043.56193635
7048.06563851
7051.8891965
7053.52584699
7054.63396497
7055.18097412
7055.39349391
7053.48979975
7051.49734659
7048.4907199
7045.65030638
7041.13210726
7035.45122446
7028.10445332
7017.93360561
7010.42615524
7006.67305384
7002.24246373
6998.85900681
6995.77269565
6995.08575603
6997.13101853
7001.61606981
7006.28896816
7011.39425215
7013.9893744
7017.55218933
7020.93070473
7025.08095301
7030.70377829
7033.46629159
7036.99359594
7039.67750508
7041.41420546
7042.08239661
7041.51201809
7040.64802744
7039.41550049
7039.12370745
7037.96749861
7037.14437822
7035.72753782
7034.06459766
7032.0241094
7031.11377031
7029.94583845
7028.1638072
7026.6405466
7024.80424238
7022.45713654
7020.3920383
7017.83131147
7015.44552386
7013.85798181
7013.30402388
7012.47750228
7011.5269899
7009.68945901
7006.24125367
7003.28788935
7003.79556157
7004.15350394
7004.54453839
7004.95204223
7002.81830648
6999.70969929
6996.35338931
6993.96064595
6992.28339702
6991.28491923
6990.53371907
6990.28079599
6989.75194288
6987.69139585
6985.10045541
6984.60419955
6986.25738214
6988.88499011
6993.71508286
6999.41658201
7004.80873146
7009.4770577
7013.05971533
7016.45532042
7020.12744099
7023.81903488
7028.37008911
7033.03620596
7035.97753363
7036.45934133
7034.9597498
7034.1916342
7033.57086482
7032.07737177
7029.59957728
7026.80819552
7023.04691171
7018.93996612
7014.82898508
7010.56239177
7007.4784991
7004.71369974
7002.38860419
7000.21072242
6998.62330583
6996.72540349
6995.41979934
6995.3560894
6997.76398487
7001.05176886
7004.86048838
7007.85242296
7010.46722762
7012.4070178
7012.31161669
7011.4863566
7012.11471597
7013.68486168
7016.51422824
7019.3701772
7020.78540064
7019.37887538
7016.79419372
7014.95100344
7014.0393192
7013.70560347
7014.695174
7016.48483009
7020.45146188
7025.60101734
7031.46635996
7035.41342086
7039.90919151
7045.0231667
7050.02038565
7054.78848997
7057.98239223
7059.14564046
7058.33428491
7056.30607724
7054.18794663
7050.46272399
7045.32006853
7039.01850695
7032.13957625
7024.62723316
7016.71432107
7009.54152734
7004.36326373
7000.00568808
6999.09897323
7000.16881368
7001.50744719
7002.24723796
7003.95980231
7006.99135261
7009.84889763
7013.76734796
7019.12424472
7022.76676502
7025.77991534
7028.54401076
7030.54144028
7032.63250758
7034.00577348
7034.87333261
7035.7506981
7036.66369264
7035.88685099
7034.92944558
7032.90760124
7029.67415296
7027.63394349
7026.10963743
7024.50893661
7022.08608419
7019.08983536
7016.35181356
7013.60965175
7010.92031323
7007.54119146
7004.38744158
7002.55696402
6999.74877834
6997.05478407
6995.55426557
6993.04610413
6992.07940116
6992.91782699
6996.32813116
6998.52626684
6999.5531252
6999.15897529
6997.81750512
6996.39204321
6995.64743638
6997.29988715
7000.46345732
7003.2279988
7005.76352324
7008.3951806
7010.69657224
7010.85831784
7010.03018624
7009.90547758
7010.96546288
7014.50078238
7018.57032861
7020.95836743
7023.95810807
7024.86188868
7024.63464194
7023.77061644
7023.32628476
7022.64637059
7021.19155235
7020.29922294
7019.77437741
7019.49105254
7018.80020293
7018.53376562
7019.27490851
7019.10286171
7019.33272209
7020.59935173
7021.55967047
7021.5711844
7021.18146024
7021.50014932
7022.92338789
7024.07136553
7023.28993086
7021.76820359
7020.21473636
7017.29359989
7014.10871641
7010.88088569
7006.95263599
7005.07482726
7004.4562603
7002.94694605
7001.9454016
7001.07867186
7000.19103305
7000.30920414
7001.89778468
7003.79510157
7007.98654071
7010.73968674
7015.70704753
7019.87350034
7023.71289347
7027.91542139
7031.41523031
7034.95187405
7037.90019928
7040.19089941
7044.06091039
7047.87489203
7051.76218087
7055.17282655
7057.94854044
7060.82994968
7063.62414022
7064.6868228
7065.29522098
7066.33875781
7068.51955987
7070.28424356
7071.62684283
7071.51246324
7071.1838563
7069.97568842
7067.42331127
7064.15517484
7061.44870482
7058.42393603
7056.45847648
7055.36732969
7054.26448776
7052.85160615
7052.28064914
7051.71054941
7053.19070944
7055.43755629
7057.62605986
7060.31655535
7062.30327245
7064.79605178
7067.86036659
7069.5578555
7069.72133655
7069.24173127
7068.5569662
7066.93417843
7065.24418194
7061.92736919
7058.97696002
7055.99766846
7053.56570665
7052.21233224
7051.96083795
7051.57404106
7051.85802805
7053.41095862
7054.53969991
7055.66544424
7057.81307755
7060.24227936
7063.13777435
7066.33348873
7068.26233649
7071.11091152
7073.77341674
7074.83904052
7075.40849208
7074.11076368
7072.23883737
7071.11583909
7071.55826108
7071.44179756
7070.99687346
7070.997438
7071.47316813
7072.32544273
7073.00379569
7072.37264147
7073.21637821
7074.90466015
7076.47580252
7077.02815046
7077.80293604
7076.23740428
7074.37536099
7072.69242479
7069.90900242
7066.44429983
7062.51972315
7060.6794462
7059.49906647
7058.22993471
7057.48409424
7058.86131893
7061.39541457
7065.02127034
7068.07635032
7072.35408119
7076.13803741
7080.17562761
7084.29150834
7086.23437913
7086.20468825
7085.64557972
7084.55126869
7083.49800914
7080.19026396
7075.1964532
7069.82078706
7066.05957294
7061.81593082
7057.34442862
7053.29593085
7050.95211471
7051.08506852
7053.05961655
7055.87511343
7058.15510812
7059.23658794
7060.95440744
7063.94854444
7066.01164935
7067.77320365
7070.11068434
7072.45558776
7073.71503165
7072.92971486
7070.35078319
7067.67628314
7064.18005664
7060.14993097
7055.83845983
7052.22542132
7047.93203652
7045.71449025
7043.61295448
7041.0364622
7038.21939017
7035.98054453
7034.56511898
7033.40610135
7030.49696668
7026.79123827
7024.23799688
7022.29583004
7018.62615583
7013.40060287
7007.84196146
7001.58004348
6996.92737813
6993.25268575
6990.93748018
6988.71529907
6987.14345276
6987.35744316
6988.44666631
6988.93512309
6988.68853546
6989.87619852
6992.04915271
6995.02988003
6997.37026011
6998.69068182
6998.45355903
6997.52203208
6996.20264886
6995.36589575
6993.23892758
6990.04464895
6987.35844679
6985.12280024
6983.83492698
6982.54948615
6983.97692048
6986.97061142
6990.89163356
6995.49131533
6999.05158631
7001.61355375
7003.45609585
7004.46912635
7005.88634311
7006.0668302
7005.06081121
7003.03789354
7000.23305331
6995.10067814
6989.79055497
6983.97188139
6978.8512153
6974.18735663
6972.24358676
6972.55200251
6973.50049368
6974.02156861
6974.64596223
6976.58990635
6980.66704257
6986.08304231
6993.3739932
7000.29929324
7004.80507935
7008.52383411
7010.68905892
7011.41762152
7010.2528539
7009.17341619
7008.30953705
7006.74251377
7005.06424727
7002.47527925
6999.22575189
6996.66743657
6994.09213612
6991.63563403
6990.62753807
6989.99884415
6990.19650456
6990.25534965
6988.60903918
6987.43842398
6985.68388816
6984.74300092
6984.33936527
6983.14133828
6981.98342883
6979.0769775
6975.30296006
6973.14650313
6970.32695685
6967.91437078
6966.00357451
6966.03339084
6965.92561853
6966.93968751
6968.49424202
6970.17717822
6971.2536329
6973.34320869
6974.72464306
6975.95188002
6975.89816462
6975.80232441
6976.28336544
6977.22362541
6976.06988384
6975.23158346
6973.18195794
6969.69684809
6966.513024
6964.37713462
6962.28442944
6961.11319395
6960.69544467
6961.92326011
6964.5505893
6966.53713216
6968.16977507
6969.71439777
6971.58244196
6973.32860022
6976.91295845
6981.74418725
6987.16865516
6992.47595561
6997.51251846
7001.38480852
7004.49494208
7006.28934453
7007.63737318
7009.30122636
7011.12311727
7013.33380536
7018.36199064
7022.15470078
7024.09115248
7024.72088488
7024.45952848
7024.85535808
7023.90559146
7022.43587899
7020.72712009
7018.98369395
7016.70291169
7014.15229788
7011.00339193
7005.04568001
6999.81006979
6996.68928655
6993.35950322
6989.80794434
6985.68736604
6981.47533843
6978.48133385
6975.27806433
6971.61874708
6967.57998596
6964.08181492
6959.88530184
6956.71532653
6953.32397295
6949.8409331
6945.14614991
6940.70704284
6937.37176738
6935.05316061
6934.35626131
6934.52813386
6935.95239002
6937.98656374
6940.43061796
6942.0693036
6944.80630783
6947.90643291
6952.15244473
6956.964709
6961.25552896
6965.03456457
6968.36084912
6970.50734637
6971.4253103
6971.60808345
6971.11834424
6970.79816366
6970.69855285
6969.78767012
6968.26321074
6964.98830674
6960.96490682
6958.13168602
6956.37622323
6956.00666936
6956.8185337
6959.10539353
6961.95914704
6964.9930531
6967.29372686
6969.12186957
6971.1738857
6972.89714156
6976.44669316
6979.92565574
6983.70356226
6986.27769181
6986.07504111
6985.03805578
6982.66153088
6978.89675525
6975.06897363
6971.73739908
6969.47220801
6968.25826923
6968.05000792
6967.97348072
6967.38749707
6967.08072616
6967.59369534
6969.58569547
6972.31487971
6974.33589466
6976.47120556
6979.22239311
6982.11330204
6983.42391739
6983.29592601
6984.07243311
6984.96232313
6986.11826712
6987.15203942
6986.56855788
6985.74970992
6984.00548227
6982.76180381
6982.80834043
6983.10303287
6982.17506046
6981.72302031
6980.76829126
6978.43239269
6976.28259181
6974.68553613
6972.81036892
6970.07288377
6966.41142683
6962.48698954
6959.74853561
6957.76277336
6955.97773817
6956.26302152
6958.1108118
6961.54234564
6967.5935211
6974.7340173
6980.79235063
6986.47034798
6991.84701079
6997.8576366
7004.98114765
7011.60738527
7017.32660137
7022.45478776
7024.97263706
7024.86335929
7023.44016253
7020.76433126
7015.66526424
7009.998049
7004.24875172
6998.85404439
6994.87978776
6990.51528424
6985.93157004
6981.72417727
6977.32042744
6975.41020268
6975.59986188
6976.76265708
6978.4676175
6980.78654488
6982.99111358
6986.38482989
6989.79394224
6992.43032505
6995.66320879
6999.31701998
7001.0387216
7000.58164236
6998.25961347
6994.98474432
6990.90981748
6987.19818574
6983.64673141
6980.86487026
6978.36339973
6974.02012589
6970.13046735
6965.84472831
6961.20501264
6957.54560479
6955.72178328
6955.72846721
6955.23849103
6954.00427742
6952.50520165
6951.13396393
6949.55233217
6948.75612176
6948.58241617
6949.55281308
6948.5879292
6948.04851701
6948.10738998
6948.78886536
6950.3376629
6952.09088842
6954.34388253
6957.723074
6961.34692947
6966.52570187
6969.28873092
6973.21204609
6976.05765203
6978.73470299
6983.75303312
6986.31651995
6989.16568044
6989.86264247
6990.15387794
6991.36113976
6993.35203171
6995.32802943
6996.21759187
6996.22317459
6997.51621936
6999.37732174
7002.87398734
7005.84733376
7008.69391546
7012.66287512
7016.24573487
7019.45174349
7020.03473715
7020.73622947
7021.16538814
7020.05194531
7017.39865402
7013.01349235
7008.21990684
7002.88553611
6999.15955378
6995.39031058
6991.16851844
6984.30500469
6980.25717601
6978.69985454
6978.86423468
6979.68683931
6982.18449045
6986.42093985
6990.79637184
6998.42397967
7003.98602926
7009.25022217
7013.72657527
7016.50509098
7020.63870957
7025.40278541
7027.57326536
7027.21791572
7025.72501509
7023.00990266
7020.0519244
7016.74325923
7013.07566198
7010.09459315
7007.64043984
7005.2766416
7003.49493096
7002.01166941
7001.05756067
7000.68293286
7001.60252073
7002.1541926
7003.31534993
7004.30547803
7004.46457514
7004.78520876
7005.92979216
7007.2792496
7008.20094928
7008.99411394
7008.69075122
7007.87075325
7007.03673923
7005.62549549
7004.10595671
7002.63809818
7001.28175469
6998.4978305
6993.75053767
6987.3234938
6981.07497156
6973.97404927
6967.33422076
6961.0270207
6954.93271679
6949.84156037
6945.79005169
6942.0672336
6938.89030253
6935.81599318
6935.1591696
6937.43191581
6941.39356427
6944.31456135
6946.83098883
6949.05433388
6953.35535049
6959.46670923
6964.83815871
6968.51594563
6970.98834559
6973.60411903
6976.1009129
6976.29204968
6975.03345609
6973.25596908
6972.61210214
6972.26494189
6971.80349265
6971.13042969
6968.79790444
6966.82087521
6965.83491498
6966.80270523
6968.1497163
6970.08916497
6972.92118002
6976.12640802
6977.94326681
6978.24455257
6977.92534774
6978.38559122
6979.66962418
6980.97367409
6982.78407197
6985.5154656
6988.68570577
6990.51269152
6990.691938
6990.01159868
6989.77550044
6990.16235308
6991.8853162
6994.01533013
6995.78468352
6995.47275504
6993.83851607
6990.56876267
6985.59528249
6981.01581283
6976.59997058
6973.2897651
6971.20887355
6969.38635537
6967.76568638
6966.49868038
6964.94257163
6962.81890012
6962.24263221
6962.52025587
6962.84798464
6963.69340803
6962.44339413
6960.23266422
6958.6003001
6958.00050948
6958.5544256
6958.60836403
6956.97318415
6955.79934199
6957.06965163
6958.14894994
6958.48474264
6959.59294425
6959.72920169
6960.8275412
6963.95846534
6967.05274286
6968.20824079
6967.90897624
6968.82980471
6970.50089941
6972.98562177
6975.06049848
6976.43251681
6979.22056008
6982.36908966
6986.50771946
6991.98774277
6997.13745156
7001.90232194
7007.59984837
7013.19831459
7017.49459878
7022.53853555
7026.9406266
7031.09686184
7033.97378957
7035.66299152
7037.27928354
7039.25578308
7041.23528655
7042.42300536
7044.03753405
7046.09926593
7048.54222591
7051.68570943
7055.19361017
7057.63721833
7059.69426658
7061.57447985
7063.90954206
7065.63962124
7066.99174807
7066.39583957
7064.88831653
7063.30089297
7061.03481675
7056.61438844
7051.72610576
7045.2850319
7041.01041647
7035.47218928
7029.89348911
7024.90702439
7020.19083729
7014.97248403
7010.2947487
7006.23107095
7001.15853754
6996.26017668
6992.20918376
6990.77805549
6989.10205414
6984.9382777
6982.91529033
6982.32868637
6982.25757462
6982.25757462
6983.51751336
6985.16812413
6988.56349225
6992.51565497
6996.456938
6999.87173761
7002.17856561
7004.3844028
7006.20925582
7007.6535568
7007.71366341
7005.52659559
7002.76696775
7001.07683883
6997.92721501
6993.54486909
6987.98557253
6981.9230992
6976.45193437
6970.1180613
6963.51296973
6958.64250854
6954.60599167
6951.41533728
6950.61146021
6951.94274069
6955.2909728
6960.01932898
6963.95067323
6970.81324606
6977.37544617
6983.58852056
6991.00626405
6997.90647321
7005.34102063
7010.73181796
7018.4048612
7022.63312818
7025.40631905
7023.83511395
7021.14891179
7017.25679992
7011.43432787
7005.54111346
6999.9281224
6994.42629791
6987.91195866
6980.62888352
6974.93857073
6969.49772405
6966.06614839
6961.51484324
6958.75021813
6957.18978817
6955.77036899
6955.94007397
6957.53625843
6958.17666143
6958.58438132
6958.97905396
6957.84008116
6956.41514198
6955.14595446
6954.37420765
6953.71683346
6953.83062062
6953.6124972
6953.15632402
6951.58757226
6949.04189996
6946.80774492
6945.46758505
6946.59230483
6949.04009481
6952.40583477
6955.87733979
6959.19266102
6961.0529131
6962.25332372
6963.11474952
6965.05832424
6967.57135052
6971.42418121
6974.33546254
6976.24195154
6978.08965121
6978.48424718
6979.42600563
6980.37839983
6981.70534517
6983.69394409
6986.72123591
6991.16934783
6994.19072238
6996.37884262
6999.07198659
7001.86715289
7004.20130207
7005.87725464
7008.38791122
7009.86770186
7009.4635365
7008.17765658
7005.994213
7003.73969253
7001.13601847
6999.67367993
6998.79364505
6998.18785354
6997.74863064
6997.58733808
6998.23169289
6998.61406402
7001.30351406
7004.69725824
7009.01624271
7012.85755947
7016.22145247
7018.55351772
7019.47862558
7019.10255505
7019.09753687
7018.43536753
7017.63962409
7017.06958708
7016.05359446
7014.50292904
7012.68062692
7011.16108814
7010.94939078
7011.85367321
7012.96976451
7015.58334948
7018.22618623
7020.68040226
7023.13546859
7024.96901282
7025.86785192
7024.7561097
7023.72615679
7021.86782834
7020.29506204
7017.20880664
7014.23283264
7012.14044807
7010.95560077
7011.09523851
7012.5824449
7013.44835919
7015.29000219
7017.82556148
7022.12089082
7027.47654698
7032.70898599
7037.27026476
7042.66380118
7047.23315783
7050.05179804
7049.98840871
7047.76760759
7043.81872063
7038.95630944
7034.20792934
7029.24642309
7023.89241874
7018.55791559
7013.04652868
7009.68180629
7006.26320819
7003.95897989
7002.89534247
7002.41462901
7003.0847647
7005.04193032
7009.01319696
7013.01142235
7017.4005219
7022.42964111
7027.07737192
7031.6940667
7035.73329478
7038.25229408
7039.84189916
7040.86447813
7043.21602366
7046.13111741
7048.9818879
7051.35005613
7052.19064954
7051.77899873
7051.41518789
7052.93881788
7054.98831795
7056.31260784
7056.70130048
7054.35039616
7051.87077561
7049.78185497
7048.15050145
7046.10774107
7042.85950311
7039.25705156
7036.15087679
7033.60814569
7029.68271871
7025.6560988
7024.06624978
7023.7989552
7025.8663395
7029.56070732
7033.12656799
7036.59184907
7039.79421951
7043.0383802
7048.01258523
7053.448811
7058.05380367
7062.4173384
7066.00759996
7068.02411946
7068.11025786
7066.39637624
7065.1405984
7062.28080914
7059.51968978
7056.52976247
7054.116577
7052.24145858
7050.89513053
7051.43159454
7052.00517215
7051.94222887
7051.1593236
7051.81984809
7052.696196
7053.03944626
7052.96847391
7053.53532577
7055.26814403
7055.92342035
7055.41112025
7053.00550387
7049.90986727
7046.18255373
7043.82359942
7041.91158345
7039.64878299
7038.5929795
7039.00707666
7040.66941045
7041.53668383
7042.16801925
7043.38191622
7045.75211961
7049.18116527
7052.13266171
7054.41819731
7055.41287662
7056.97713293
7058.0016913
7058.42347603
7059.38407355
7059.12314927
7060.01209141
7061.87131895
7062.63681394
7062.13807686
7062.34497908
7064.07784613
7066.60687482
7071.15579633
7074.81952539
7076.90372755
7080.48682427
7081.08329034
7081.59737467
7083.08651864
7083.08805197
7082.93722788
7082.90865215
7082.67182208
7081.25195684
7079.09309536
7074.27444685
7070.98055044
7068.70241666
7068.360407
7069.97722175
7073.08423288
7074.10388459
7076.09352897
7077.6802695
7078.02596612
7078.54520803
7079.14968924
7079.16481347
7080.32059716
7081.2056084
7081.1358418
7080.36945469
7077.65476043
7073.83251971
7068.4478557
7061.88433136
7055.25005072
7050.16549459
7047.35219316
7045.63221306
7045.66216879
7046.05448567
7047.44288277
7049.10610171
7050.13049281
7051.12354121
7052.449692
7055.23015922
7058.88335012
7062.44961503
7066.71650107
7070.72762039
7073.3161772
7072.84285161
7071.20350386
7069.01886846
7066.1300156
7063.28363602
7061.29703043
7060.87398419
7060.55955359
7059.43192745
7058.5657274
7057.99496555
7056.13805195
7054.7130361
7056.12163833
7059.02996451
7061.96193189
7064.66080494
7067.3323847
7069.08032719
7071.13859513
7073.58412693
7076.88344575
7080.75243916
7085.0501591
7089.82453614
7094.47771028
7097.76475548
7100.27837417
7102.91110488
7105.80603531
7108.27769648
7110.4963579
7111.65318704
7110.72754251
7108.8864292
7106.53353156
7103.18097127
7097.39891645
7091.66537067
7083.54749394
7075.45396233
7067.41963128
7059.20765676
7052.16862531
7048.02845521
7044.96538797
7043.91559236
7043.44336798
7043.3551317
7043.5617621
7044.6176562
7046.48285676
7049.05861721
7052.63425636
7054.90235379
7056.49078099
7054.92128347
7051.19104963
7047.02293804
7040.43967553
7032.02571243
7022.13796656
7013.06945896
7005.06745333
6996.79472402
6989.15143439
6983.51716488
6980.13605674
6978.72784482
6979.01482877
6980.81403334
6981.78561509
6983.63873021
6985.84460921
6989.05548964
6992.35512907
6994.3864034
6995.32766003
6997.39372706
6999.00251272
7000.2033694
6999.81724858
6998.97525427
6999.33399118
7000.92715777
7002.66690391
7005.22580468
7007.96266952
7010.31493293
7013.04864747
7016.4307453
7017.98155708
7019.2463049
7020.23394483
7020.4438928
7020.78738003
7021.03009251
7020.76635247
7020.57895145
7019.65867358
7017.94964287
7016.88710666
7016.29337271
7015.89637916
7015.71681207
7015.48647775
7015.1082745
7015.72016449
7017.1622979
7018.69889848
7019.01279241
7018.6314737
7018.01442614
7017.97517981
7016.78882706
7014.60792742
7011.56697501
7008.04178944
7003.27165694
6997.78906879
6991.24040382
6984.73021851
6979.95860843
6976.02561934
6974.76374999
6973.86771968
6974.97751038
6977.75130761
6980.6764865
6985.605054
6991.26112471
6998.32137886
7006.51008158
7013.81167519
7020.10569556
7024.55040627
7027.51001543
7029.58775668
7031.10703759
7030.33555563
7029.19177375
7027.4075122
7024.34744192
7020.81196213
7015.97118485
7011.2305411
7008.00658554
7004.28196229
7002.11314113
7001.47576298
7001.12775939
6999.76149106
6998.7884596
6997.89529383
6998.48075476
7000.10581465
7003.2498209
7006.62238419
7009.09164779
7012.07410359
7014.90390925
7017.73202824
7019.7801274
7020.09027861
7020.68613831
7021.05451431
7020.97594499
7020.59765113
7018.15821084
7013.96587261
7011.17207237
7007.7818897
7003.6915041
7000.2337224
6994.93882103
6988.90509767
6983.4997755
6977.5713084
6973.07039411
6970.23485937
6968.08289092
6965.16413808
6962.19008772
6961.47703267
6961.82481323
6962.99522631
6964.78270785
6968.01183493
6972.70691084
6978.21459684
6982.56251947
6988.3827891
6994.42394912
6998.54635348
7002.72427143
7005.59696158
7008.58518829
7008.74418086
7008.58324375
7007.82527602
7005.37579938
7001.52836323
6998.02518794
6993.28301087
6989.35825994
6985.82737317
6982.50995406
6981.73392787
6982.82159678
6986.98421626
6991.27997075
6997.13233581
7002.52757283
7011.02692858
7020.35668804
7031.35255886
7040.90534143
7049.39433324
7058.01435523
7066.61958753
7072.93777879
7076.50453855
7076.00457481
7074.71672943
7072.80039923
7068.76933265
7064.12290518
7057.60904684
7049.3216115
7040.842433
7031.82092203
7022.48922499
7014.71925428
7008.5168226
7002.46378623
6997.82310178
6993.51901851
6989.5631061
6988.43039905
6988.63643006
6989.18891042
6990.7052292
6993.97864866
6997.55540296
7000.87955479
7001.5190099
7003.60520539
7006.13203165
7009.93529391
7014.09509763
7018.47649567
7020.55190905
7020.34490926
7020.15044097
7019.70538444
7018.53292925
7016.6012727
7014.30508045
7013.49785793
7012.49524711
7010.37775771
7007.77285001
7004.3984049
7001.8219893
6999.94269603
6999.44740198
7000.38116619
7000.97835711
7002.37053875
7003.57771694
7004.98834037
7005.86096647
7005.65747243
7005.41047359
7004.4276776
7001.62467737
6997.7121931
6993.20708306
6988.71249726
6983.08941409
6977.42387157
6970.28855386
6963.83623092
6957.51001058
6950.86581904
6944.98748492
6939.4455638
6934.66731857
6931.55876714
6931.44251271
6932.15711502
6933.96121928
6937.40215523
6941.08738579
6945.15219263
6948.68656425
6953.14635737
6960.30995808
6968.85801802
6976.27423515
6983.81255428
6991.12916757
6997.15422063
7000.58799174
7002.572374
7002.64096969
7002.42937687
7001.73646423
7000.44225553
6998.32602067
6995.83832225
6991.75259937
6986.98844686
6983.24695696
6979.21665009
6973.95422747
6969.36555782
6966.91934299
6966.70602866
6966.90393997
6967.8924302
6969.25933974
6969.85179127
6969.850704
6969.83633947
6970.38784407
6972.86420977
6976.08202504
6980.11046404
6985.22673923
6989.50967646
6991.94361766
6993.11101983
6994.73812184
6995.93137458
6997.13347187
6998.35704276
6999.01930271
6998.33329006
6996.49709735
6993.89089329
6991.39022428
6988.1964405
6985.48657624
6982.879954
6979.00689029
6974.69051946
6971.02775221
6970.33266503
6970.68405589
6972.11698234
6975.34438093
6978.5555959
6982.13008505
6984.08364037
6985.66278394
6986.694542
6987.05606679
6989.03604421
6991.85655926
6994.47230483
6995.18822442
6993.304366
6991.01377041
6988.25843589
6986.05743567
6983.38741016
6980.51177879
6977.7353749
6975.54235497
6972.89084793
6970.57787963
6969.83871613
6968.73316996
6967.98142617
6968.15756417
6969.46238772
6971.66596673
6974.06229251
6976.5576785
6978.45505115
6979.96322237
6982.35239028
6984.52376932
6986.33762418
6985.15757202
6982.94567817
6981.42570727
6980.39391436
6980.15481915
6979.37541265
6977.64663681
6975.06804666
6971.63164797
6967.53522662
6964.85669808
6962.20266801
6961.06923611
6962.98849359
6966.30325027
6969.01537968
6970.71858373
6970.94636017
6971.93562403
6974.41720307
6978.30674312
6983.2832342
6988.94536854
6996.3791005
7002.47759319
7010.48408033
7016.06121233
7020.42041191
7024.45500515
7026.4751001
7027.32235652
7026.41266562
7024.78460179
7020.09044588
7013.03677808
7006.93710055
7001.03494402
6993.70375014
6985.63600639
6979.36617084
6974.53298356
6968.19241959
6964.59753713
6962.7484714
6962.8418304
6964.85131051
6966.85719426
6970.34588653
6975.05702061
6978.49975474
6981.02364676
6984.48536633
6987.362078
6989.30026515
6991.86580804
6991.7284006
6989.54633006
6987.18379333
6984.51125176
6982.27865793
6980.37674105
6978.52782865
6975.68130271
6973.31466084
6971.52825959
6970.62111959
6970.52572544
6969.65094571
6969.90433576
6970.40975677
6971.48561206
6973.39134833
6974.93350376
6975.65158395
6978.96359458
6981.47222995
6983.99500682
6985.75206567
6986.35298537
6985.46869201
6984.50504874
6983.48272764
6983.57863057
6984.22343144
6984.06828614
6983.89609995
6982.96816936
6980.19499941
6977.26746476
6975.53364983
6973.4415998
6971.04589432
6969.73409411
6969.72366746
6969.32637422
6968.13493359
6968.34817823
6969.51147524
6970.83766786
6972.64936211
6974.12889487
6977.29907928
6979.96159146
6982.25874553
6985.16589383
6988.63479915
6991.96640855
6995.27442554
6999.01040938
7002.55234311
7003.84484424
7004.5400987
7005.25558617
7007.37124951
7007.97977314
7006.30330482
7004.08891582
7001.67564672
6998.93009067
6995.54921951
6991.13810968
6987.02494016
6982.57105734
6978.8124917
6977.26985537
6977.69867251
6977.46135457
6977.61255502
6978.70722847
6980.49755365
6982.27916672
6984.62143559
6987.86922749
6991.67943156
6995.14088628
6998.03113309
7001.03648433
7002.04511695
7000.44976188
6997.51364755
6994.96637918
6992.67917087
6989.73994108
6987.47295183
6984.30676106
6981.35260916
6979.5597052
6979.3805075
6979.51167706
6979.32896664
6979.19846616
6979.118942
6979.32638088
6979.70503717
6979.38979809
6978.76355054
6979.03837935
6979.026273
6976.90188361
6973.63707173
6969.55751702
6964.70202672
6959.72141655
6956.38947261
6954.39023097
6953.04643989
6952.38980449
6952.02795909
6952.3904457
6953.02428325
6954.55130051
6956.86388547
6959.48616163
6961.40458972
6963.04119141
6966.02893024
6968.23522046
6969.29287092
6969.91062939
6969.13454047
6967.55285296
6966.19094766
6964.53993264
6962.88865278
6961.07090187
6960.68370074
6959.89234123
6959.06016721
6958.34497247
6957.97880587
6958.53445046
6959.41373262
6961.26168319
6963.26824997
6963.45650827
6963.69238349
6963.04715747
6962.4590829
6961.27803408
6958.6265131
6955.46344475
6951.82109869
6948.13446026
6944.50445752
6940.51712575
6937.68902767
6935.2288665
6935.85328102
6938.41779937
6943.45122585
6949.62227301
6957.41710461
6967.19665998
6977.39072373
6988.47401537
7000.44475068
7012.18423166
7023.3453608
7034.00047651
7042.71490295
7048.7020409
7052.44884867
7052.5709437
7049.9966887
7047.18722757
7044.26918564
7039.49495496
7034.33205255
7027.67646556
7020.49521062
7011.67432914
7003.98939562
6997.96420316
6990.55906086
6982.98182996
6973.67688956
6968.64758914
6962.00958669
6954.9289671
6949.47670407
6945.56184313
6941.90062316
6939.89982031
6937.60678533
6936.53519549
6936.88660726
6938.23677561
6940.43623553
6944.062161
6949.36111873
6953.99941954
6957.65878558
6960.72309343
6962.17715197
6964.55509869
6965.25183072
6964.07166705
6960.80384426
6958.09363848
6954.48822481
6950.3534144
6947.70492523
6943.95589413
6940.81204819
6939.77075559
6939.47141438
6940.13927795
6941.00541527
6942.34101696
6946.81824127
6949.69741324
6953.06320897
6956.87087607
6958.90550979
6962.49736741
6966.03033812
6968.62200341
6970.53467452
6973.38876258
6976.37242414
6978.04738701
6979.43513593
6981.22851383
6982.99330207
6985.12289085
6987.43329429
6991.69171913
6995.88674069
6999.98876568
7004.45966848
7008.25550802
7010.41013192
7012.06796329
7015.37121302
7017.9547865
7019.86312944
7021.13158514
7022.55015402
7022.59662095
7021.20684385
7017.45628639
7013.27401239
7008.5992601
7003.56444665
7000.03328109
6997.2466666
6993.75913827
6991.93507282
6989.1976295
6987.31533229
6987.27757748
6986.63162661
6986.37762323
6987.92966168
6988.9318334
6989.96554994
6990.66391288
6989.45182106
6987.5879308
6986.05299598
6984.77520786
6983.43321496
6980.90954597
6978.08961636
6976.92666783
6977.50766119
6978.87326043
6980.33424685
6982.33561424
6985.4449184
6990.07157984
6993.87957451
6998.74901116
7003.5481306
7008.57756345
7013.42199982
7019.09363384
7024.6731913
7028.38023698
7030.91684869
7032.54583251
7034.95850222
7035.91781035
7035.57048282
7034.95811889
7034.58744987
7034.89522441
7036.1657292
7037.26447992
7038.8659265
7040.29997506
7040.59702325
7041.2341714
7041.95219583
7042.1360005
7042.43984413
7043.60075752
7046.38268837
7049.71210232
7051.83995564
7052.5299898
7052.14130413
7051.0011186
7048.67404366
7047.03203348
7047.39297282
7048.45198236
7050.54764966
7053.61945689
7057.31928895
7060.73854917
7062.24470615
7063.20972246
7065.20074683
7066.31010542
7068.24523984
7069.60186909
7071.55027381
7071.91692132
7070.04884228
7065.5286568
7060.85629511
7056.28593483
7052.49868195
7050.83607634
7049.29192062
7047.61090108
7045.87245828
7045.35211516
7044.57682079
7044.38338401
7043.95787747
7045.70393117
7049.13168047
7052.42837172
7055.28128887
7057.28368081
7058.94488551
7060.41065313
7062.13491262
7064.61716075
7068.21363927
7073.66479412
7080.454694
7088.99814
7098.06312791
7107.94726348
7118.58321951
7130.88060327
7142.18983832
7152.9423903
7162.30965366
7170.8005482
7178.55322014
7185.08639846
7188.31544886
7189.84823006
7188.72528058
7186.23067519
7181.45568482
7177.43834853
7169.148885
7160.10661132
7150.7996985
7139.13279987
7131.0471231
7123.08717955
7118.22393199
7111.02180283
7104.10550065
7097.3009923
7091.51907687
7087.8334351
7082.95493089
7080.63318776
7079.85718247
7079.37934053
7079.04221662
7078.4401051
7077.32229228
7076.13288681
7074.20185055
7074.50567328
7075.86977404
7076.83656762
7079.63261906
7083.62039689
7085.30706187
7086.6216848
7087.23020844
7087.4940809
7089.30766393
7091.23708322
7093.10091772
7093.43246587
7092.05957633
7090.1762964
7088.31106796
7084.23247507
7080.84534512
7078.14277813
7076.8903109
7075.23865467
7074.71632519
7075.55350345
7077.07696616
7081.12085697
7085.80065532
7092.19144287
7100.35559834
7106.82514339
7113.12288557
7116.79619099
7119.71705565
7122.53482465
7126.10727865
7129.1451644
7129.65220935
7127.86970416
7123.11950497
7115.22131984
7107.56657901
7100.08879861
7092.51713648
7084.34810223
7077.00336624
7071.09330609
7066.2691794
7061.13145847
7057.71524401
7055.7777608
7054.45395879
7052.81377467
7053.04783777
7053.86883937
7055.25633738
7057.64415317
7061.19050569
7066.13227378
7071.04191856
7075.29124098
7078.19100838
7079.79577951
7080.90932688
7082.7480008
7087.04627832
7091.4419921
7095.10400662
7098.04235823
7099.4009599
7099.49219314
7098.4723881
7096.44532346
7094.12574093
7092.21583678
7090.00059051
7087.46334457
7084.82280781
7079.97190357
7074.05616312
7069.01020514
7062.85256069
7059.31297575
7057.31330896
7055.07190544
7053.31406599
7052.84212737
7052.99492388
7054.41885246
7055.32459155
7055.99798209
7057.65534649
7059.10126444
7060.21785757
7061.2062084
7061.71919152
7061.1751654
7060.68615104
7059.37030145
7056.03112297
7052.84537524
7049.33512572
7047.07544768
7047.56255235
7049.13161775
7051.39419518
7054.9765322
7059.18131133
7064.5408287
7070.11801646
7076.08618291
7080.83879361
7085.87181585
7089.72765745
7093.13158435
7095.27350948
7095.50824864
7093.56112635
7090.55370511
7087.65006256
7083.46831826
7078.92944704
7072.56991158
7065.72122237
7058.59905646
7051.00550254
7044.34041587
7037.8210933
7031.39893518
7026.511914
7022.02869576
7017.56628901
7012.88451127
7009.77222408
7005.76878535
7002.11485567
6998.92727492
6996.51369218
6996.06663536
6996.8190343
6998.22256259
6999.79634648
7001.61938041
7004.09042824
7008.0204831
7010.86042965
7013.23530273
7017.07489798
7020.94872835
7026.03682508
7031.04339735
7035.16302778
7039.39855021
7043.83594971
7047.69678857
7050.80575122
7052.33021061
7053.68080411
7056.65836022
7059.29519607
7063.20101034
7067.65876831
7071.98798428
7076.6272957
7081.21306597
7084.85249869
7087.00669048
7089.59892728
7091.13908937
7092.27187309
7091.87780682
7091.12793787
7089.16708529
7085.52409802
7079.68077962
7072.72867415
7063.35937564
7053.3536608
7043.89481571
7033.95706231
7024.5882238
7015.73111387
7007.45797336
7000.1428028
6995.00336036
6991.18430478
6989.08449052
6987.20541331
6985.97693575
6986.13226923
6986.85924972
6988.33449612
6989.25950641
6989.72291412
6990.73384675
6990.0100305
6989.24222854
6987.02252864
6985.37149272
6985.89005159
6987.06506466
6988.20903473
6988.05729761
6987.29521079
6987.0023026
6986.36957324
6985.67111969
6985.57599039
6985.03057033
6983.60768721
6980.77231974
6976.53756398
6973.52910426
6971.36114036
6971.73348211
6972.76137896
6975.0853524
6976.94434296
6978.42098331
6979.96877721
6982.82880344
6986.26315304
6989.98914931
6992.22984192
6992.3910857
6993.02488143
6993.65494837
6993.73135012
6993.97002715
6995.19084502
6996.62126238
6997.78539576
6996.86462304
6995.28297038
6991.96422703
6988.69277303
6983.98037744
6978.30999099
6969.01946392
6961.90934163
6956.26062395
6950.74026008
6945.90313491
6939.12962078
6934.47760361
6932.71252962
6934.76600938
6939.86279035
6945.81898985
6952.72546476
6958.32158219
6964.74230456
6968.68770667
6972.88969096
6976.9864608
6981.43278848
6985.36289909
6987.14623367
6986.70843259
6986.68268656
6986.44828891
6984.81298358
6981.06882429
6977.21705299
6972.58629338
6967.22858116
6962.00870851
6957.32019804
6954.4723618
6953.46645432
6952.59352156
6953.07838198
6952.99903903
6953.57105543
6955.42745327
6959.71746474
6965.15000355
6970.29660385
6976.3336657
6981.39637881
6986.39648321
6988.93033492
6988.43298481
6988.82556654
6989.96283176
6989.7004299
6989.82832372
6989.75321834
6989.46103499
6988.69241758
6986.81488067
6984.54474112
6983.79066248
6985.7396178
6987.51066482
6991.12520181
6995.33264336
6996.82090915
6997.61893168
6997.66265952
6995.92949974
6996.47477343
6997.51352906
6998.61731887
7000.10076163
7001.82133415
7001.91220497
7003.62336144
7006.80834946
7010.70802344
7015.85837344
7019.41710413
7021.68464398
7022.1273099
7021.94164433
7020.63374018
7016.26644182
7010.47039186
7005.38111725
7000.07498771
6995.62331428
6991.15229997
6986.94160357
6982.51329255
6978.47459416
6975.7375969
6975.30081339
6976.86092274
6978.67468002
6980.2064297
6983.91193509
6987.71051371
6990.27802205
6993.85322212
6997.93352258
7002.44201989
7004.50694389
7005.73357448
7008.30935584
7010.85359239
7010.94816411
7009.57033306
7007.22199359
7003.49476369
7000.26285571
6998.82926017
7001.35345189
7007.02792955
7012.26510098
7019.05036601
7028.35072731
7038.79349051
7051.82951505
7065.85194587
7076.41180683
7084.27045988
7088.94524005
7091.62055556
7094.23704688
7094.29900743
7092.21639436
7086.82324824
7080.35830319
7072.03395636
7063.04263111
7053.91889569
7044.27094897
7034.03472557
7021.42843818
7007.87888688
6994.44249547
6982.73138809
6974.50907055
6971.37174823
6971.50011598
6972.44705989
6973.11513952
6972.7362602
6973.54359424
6973.89964086
6975.49227078
6978.93125522
6981.32925373
6979.90741606
6977.18175151
6977.69187009
6980.63492624
6984.07426614
6989.33944875
6995.62216429
7000.80510456
7004.94216618
7011.32606767
7014.88971199
7015.98628816
7014.8825123
7014.2833629
7012.65816361
7010.09667708
7005.97097606
7001.80870507
6996.7490168
6994.90078743
6991.88544166
6988.17184446
6987.65713983
6988.06191851
6989.19565011
6991.2493529
6992.76995805
6991.26252562
6991.96682673
6995.50570774
6998.76152175
7000.18629366
6998.8612859
6997.58911535
6995.93074034
6998.23853015
7000.10349374
6999.5545749
6998.93917915
6996.88980453
6995.13694841
6990.67378196
6984.25291323
6976.22086823
6967.62944288
6962.95924877
6961.77256147
6960.3415726
6960.72156707
6965.17890685
6973.28579935
6984.08187007
6995.42574448
7003.34046869
7011.9900561
7016.26791243
7017.83407147
7018.97060488
7016.83010853
7012.63162303
7005.81604682
6999.04738359
6988.80613504
6978.61560493
6971.72727212
6964.89360259
6961.50049962
6959.17677013
6958.62094432
6958.45882933
6959.11936079
6962.35228634
6964.16129029
6966.94929872
6969.74760137
6971.36642339
6969.44428743
6968.57844981
6968.55457166
6968.14177086
6966.46277254
6964.82029539
6961.67614975
6957.72054401
6955.35969394
6951.0529134
6948.74487965
6948.42668542
6950.49008305
6954.13162759
6960.95783259
6966.73797075
6974.41961458
6982.1342808
6986.22385096
6985.57126494
6984.40099126
6977.81816088
6969.66574236
6962.59248974
6953.87588876
6945.1275966
6938.2614065
6933.86482847
6930.48508639
6929.8531446
6928.63567915
6930.29934415
6935.4065239
6942.60547488
6949.71617565
6953.34428959
6958.28456617
6965.73935356
6973.37614047
6978.12578905
6981.7597436
6982.69585661
6987.61116078
6989.23161371
6985.05540334
6977.31714471
6970.35144137
6962.66719088
6955.58368584
6949.43733926
6947.91319351
6947.8102721
6952.91754244
6958.78101022
6966.91642966
6974.10789519
6979.70480717
6985.54359527
6988.67320214
6987.59157595
6982.78946651
6978.0247634
6975.21435439
6974.85860747
6974.61926832
6978.3727182
6983.10368105
6986.89819634
6991.07642095
6991.78237388
6989.92184999
6986.10961774
6982.7992659
6980.21438909
6977.83987146
6979.10268171
6986.79447342
6993.11624012
7003.70252318
7014.74546728
7025.8641092
7035.03799154
7037.31656441
7040.32425049
7040.13704462
7040.35363471
7040.86913389
7043.29588934
7050.55358784
7059.47584346
7067.96226346
7075.14011022
7076.59692877
7075.88668251
7071.37570399
7062.25447765
7054.45717181
7044.10606701
7034.67972856
7026.24416639
7021.36203794
7013.50818004
7001.24003412
6993.50378974
6988.99849849
6977.2572472
6966.47021616
6958.88260739
6952.26075371
6945.44222234
6938.12073027
6938.26785346
6938.50553383
6942.38714934
6951.92107193
6964.40746671
6976.63296509
6986.0250754
6992.83669283
6994.54615566
6993.02456779
6989.10942807
6987.51090179
6987.44873216
6985.4952535
6983.02180113
6978.19546505
6972.46838017
6967.15991578
6958.78807051
6949.24002036
6942.27095067
6941.67587854
6944.45760727
6949.83328038
6953.58921147
6960.2445336
6966.36926021
6968.95197641
6966.60606239
6967.94590863
6970.00435778
6970.65005774
6969.16110196
6967.0665289
6962.88352308
6960.18255912
6953.61364023
6943.75014889
6935.85885678
6932.91067791
6934.40128551
6938.82562381
6945.25168496
6954.35236465
6963.97276715
6972.78860257
6977.4537367
6983.51927669
6989.24765793
6990.61837293
6990.91826475
6988.00030645
6984.80682934
6982.5043574
6975.32492852
6965.32259398
6954.75178364
6945.98374635
6938.49823656
6928.50660049
6922.47558834
6922.9733636
6930.72888615
6941.06426036
6951.53032323
6959.03353603
6963.47554249
6962.93614424
6958.02462461
6949.9035
6943.51764003
6938.24472106
6934.2057857
6932.2566422
6930.60322264
6931.29796134
6932.4387602
6935.95106578
6939.22778189
6945.574751
6953.49002581
6954.91746711
6959.52532432
6968.722123
6982.665413
6995.70259451
7008.10087847
7019.99065386
7029.59832273
7030.45493248
7023.96661806
7017.60691533
7012.72082113
7007.12280097
7001.23117565
6994.05686949
6985.6640594
6979.65994328
6972.30096821
6966.63188509
6965.41548601
6966.68318201
6969.80078708
6978.36319064
6987.49689968
6997.49250848
7006.33671054
7009.04074117
7007.71927401
7003.62771749
6999.05407449
6992.64138818
6986.50657643
6979.87050458
6974.90033501
6971.61314345
6970.33879139
6971.95166826
6974.85424445
6973.85558545
6970.19606608
6966.51296824
6963.74395222
6961.35133431
6959.56937276
6960.83112362
6961.21838748
6959.71287171
6960.98684741
6966.16545253
6972.31786274
6978.05707488
6981.04520401
6980.8363224
6977.94436802
6973.12206739
6967.93517531
6962.68728449
6959.93295361
6957.4149928
6955.36927727
6951.98576459
6947.97532133
6945.16795807
6944.49877026
6945.15972687
6945.98597665
6947.23553055
6947.07593859
6946.95846446
6945.72493388
6944.33446679
6944.874562
6945.93062337
6947.32532107
6947.92900077
6949.4876883
6951.08684882
6952.81057861
6955.10222662
6960.3307417
6964.8887029
6969.53340886
6975.00442733
6978.21652048
6980.61395445
6982.7387899
6985.01782277
6987.62169895
6988.27351133
6986.45760042
6984.06213888
6980.25720389
6974.38425734
6967.425914
6958.85693802
6950.33106958
6943.22604214
6938.80877807
6936.96989506
6935.5502389
6934.5880732
6935.20252107
6937.12601612
6939.53541007
6941.89428771
6945.75192749
6951.05734612
6957.82117239
6963.9911044
6969.71780595
6973.96848048
6975.426456
6975.29776764
6974.62825225
6973.96802746
6973.10178559
6971.77058177
6970.33149412
6968.67157184
6967.42353036
6966.39600988
6967.1762597
6969.0420945
6970.86440359
6973.21984517
6976.67426748
6979.69531445
6983.68456289
6989.36237206
6995.80740471
7002.49931074
7009.3410442
7014.31458014
7016.51933006
7015.53411559
7013.03281233
7010.02446413
7006.05736537
7002.55858796
6998.66429458
6995.0339573
6991.22484747
6987.73685914
6983.83825849
6979.67760447
6976.18082736
6973.01863719
6972.14474958
6971.47459298
6971.5295002
6971.32318343
6972.36587694
6973.0449408
6974.94246678
6976.67498535
6977.65563468
6978.5257935
6980.80170395
6983.91471599
6989.48217406
6995.41798025
7001.51912839
7008.08092425
7013.756301
7019.58031336
7023.69579682
7025.30585794
7026.33746266
7025.59983249
7023.52896335
7021.93552494
7018.41788755
7013.4932649
7006.06823111
6998.60535191
6992.02618061
6985.49605502
6980.0169308
6976.47174222
6974.29554713
6974.07515856
6976.17092343
6979.093879
6983.52099821
6985.99907148
6987.81248028
6991.37503732
6995.36072424
6998.46468266
7001.49258084
7003.44435889
7004.81823115
7004.05968494
7003.41596437
7002.19058832
6999.24933036
6994.84190749
6992.01228305
6990.84277603
6991.15401451
6991.6769852
6994.09912672
6996.60781088
6999.83576007
7003.24232151
7006.54258821
7010.19902698
7012.49310741
7016.1549686
7020.57793388
7025.4467781
7029.71339232
7031.33202615
7031.66117673
7030.76220521
7029.8887985
7029.00716757
7027.14561913
7023.86199605
7020.92202747
7016.57652333
7012.59300398
7010.64910168
7008.3213228
7005.48075594
7003.70156136
7001.48204267
6999.01926089
6996.58929241
6994.80025662
6992.75350958
6991.68182914
6990.2346427
6989.59189789
6990.10608677
6989.88509184
6989.69595536
6990.13779886
6991.58826105
6993.82194215
6996.26131274
6999.49177799
7003.87187967
7008.66812063
7012.91247366
7018.31108402
7023.35973928
7027.37036375
7030.43535462
7031.03265009
7030.1824176
7027.64690711
7024.95526859
7022.52248436
7019.82471251
7017.14809367
7014.08338855
7010.94537624
7007.17961788
7003.05837049
6998.80443413
6995.43481902
6994.42908578
6994.03137436
6994.88544714
6995.85493799
6996.53849731
6996.62881055
6997.58432717
6999.66694721
7002.49232711
7005.4189557
7009.97270024
7015.3521788
7019.89787334
7024.51471448
7028.62975188
7032.78894227
7036.88413696
7042.26754643
7048.71489998
7054.62133589
7058.2008711
7061.81776385
7063.15830008
7064.18773027
7063.09953166
7062.15242048
7061.0690449
7058.41441543
7055.68192059
7053.27399027
7050.76122187
7047.77697486
7044.93174528
7043.37453532
7040.61895686
7036.79111948
7034.1763427
7033.48007764
7034.0241874
7036.12036348
7038.3102122
7041.35839916
7043.6788529
7044.72518458
7044.53655689
7044.06152373
7041.5799656
7039.05723055
7036.5052228
7033.81623973
7029.11319049
7023.90175813
7017.93228137
7011.83913443
7005.85889647
6999.87016246
6995.3793612
6992.48451439
6990.64717865
6989.33243724
6988.06854669
6988.39759969
6989.70757384
6990.89837325
6993.14784767
6995.12325994
6996.05353931
6995.97152697
6994.30241167
6991.25343714
6987.97308981
6983.37266926
6979.9095906
6976.37988171
6973.04695504
6970.42198161
6967.70130736
6964.33890587
6961.75791815
6961.06172279
6962.83609434
6967.18051121
6972.78819136
6978.7599263
6984.6674913
6989.93652815
6995.22215287
7000.32166595
7005.83069014
7010.88204266
7015.02424791
7018.85995408
7020.96692621
7022.79221136
7022.25831916
7019.78283861
7015.9321267
7011.80999416
7009.24500187
7006.20103159
7003.52331851
7001.53113019
6998.87907254
6997.07474526
6996.88153151
6998.45604024
6999.44699076
6999.28281972
6999.81706736
7001.97579642
7005.6179752
7010.06877045
7014.03913799
7017.98867313
7021.0521237
7024.30289167
7026.47238889
7027.17473849
7026.76564557
7025.74373568
7025.35696667
7025.30898733
7025.145799
7021.76887268
7015.28159675
7007.85813114
7000.30560778
6992.8877249
6984.26082383
6976.03003115
6968.03008157
6960.30957475
6954.84526809
6950.39106467
6946.20132613
6941.15111664
6937.73802459
6935.63631457
6934.64968526
6934.81019722
6936.29425331
6938.270258
6942.76786866
6947.18877787
6951.41910788
6955.37801029
6958.5340044
6960.59073901
6962.59386974
6964.56756049
6966.36990142
6967.86849628
6968.19372293
6967.40906129
6965.20180228
6962.08655297
6958.9156716
6955.40883026
6953.83490001
6953.17952612
6952.70478569
6953.07916259
6954.23691173
6955.31710914
6956.7134935
6958.51441261
6959.86304065
6961.83044474
6963.10454589
6963.904046
6964.45905636
6964.09744096
6963.05457322
6962.68938934
6961.89752104
6962.06145512
6961.88489196
6961.34081008
6960.16537883
6958.88932617
6958.48546748
6959.08527203
6961.84484412
6964.8839426
6966.09210351
6965.14219052
6963.5874339
6963.16061008
6963.44799131
6963.3778832
6964.68556431
6966.14001316
6968.80413535
6971.95801068
6973.88301815
6976.74567892
6979.81122737
6982.65845028
6991.19207599
6999.52500947
7006.90167361
7013.10669104
7019.93375331
7025.99015604
7031.68002277
7038.39710333
7042.29283246
7046.6086736
7047.65798134
7046.22306156
7043.96829715
7041.04411492
7036.31138178
7029.23878431
7022.09650387
7015.36333727
7006.65987416
6999.17920133
6992.18109591
6985.76729444
6982.00540427
6980.64619623
6981.98499004
6983.34676989
6985.13781295
6986.57117849
6989.15599257
6994.05564979
6997.79187757
7001.75565179
7005.10034329
7007.83884601
7009.63786239
7009.11974958
7008.08924606
7004.37677099
7000.18487881
6994.73783608
6988.69658545
6983.17746218
6977.92129138
6972.25392978
6968.25693104
6965.53409619
6964.26922988
6962.72821051
6960.48370548
6957.79271515
6956.11442773
6956.48099161
6959.18187891
6962.98776177
6967.1674988
6969.48979951
6971.25542411
6971.38354792
6969.87005186
6968.04641853
6966.9527278
6966.31717571
6966.99810049
6968.84168107
6970.47341792
6970.51763363
6970.22926271
6968.95488974
6967.68008465
6967.77469819
6968.29079677
6969.06699023
6970.17689943
6971.74181089
6972.65917543
6973.06325715
6972.91443336
6971.08478519
6968.38101244
6964.30860166
6960.49735214
6958.05768185
6956.32707994
6955.49221563
6955.75477082
6957.61210957
6960.67020742
6962.90337973
6964.42308579
6965.9465276
6966.911523
6967.92960652
6970.04291411
6971.70814729
6970.75730036
6968.98064972
6966.2178646
6963.50629973
6960.35190168
6956.12168318
6951.68798458
6948.33761278
6944.49520875
6941.76808753
6940.11992312
6939.48301194
6941.25672835
6944.80727662
6949.18890466
6952.99910176
6956.92240299
6959.98457114
6962.53175586
6965.97929908
6969.65984601
6973.9234772
6977.90752624
6980.86829934
6983.7055556
6983.87827148
6981.52348505
6978.60723433
6976.24203518
6974.31742498
6973.95516838
6973.84933363
6972.68626662
6971.34939644
6971.13296665
6970.40858586
6970.51418364
6970.43964977
6971.3852764
6974.71101732
6978.48569688
6981.97078582
6984.71744307
6986.50723158
6987.41596764
6987.44873216
6987.16553971
6986.00876632
6985.29303492
6983.46344947
6981.66384067
6980.99037346
6980.13002796
6979.31907665
6979.46909923
6978.96744882
6978.10347211
6976.57568818
6973.88156148
6971.0938876
6968.33989823
6965.58673129
6964.23923234
6961.57786318
6959.43476714
6956.99163989
6954.03805254
6951.03744766
6948.62339098
6948.09195909
6949.40663777
6952.25540099
6956.07637323
6960.81853636
6966.26879212
6972.46335502
6978.62960007
6985.26120434
6991.28949832
6995.18264866
6998.15016145
6999.88334215
6999.80552556
6998.09618121
6995.39054755
6992.38219237
6988.82107109
6982.48655682
6976.54210124
6969.92472907
6962.09164782
6955.50828773
6951.11593334
6949.8167413
6949.38928325
6949.75620955
6952.3635636
6956.26320274
6961.27275803
6966.40615774
6972.09083903
6978.23200713
6984.04424768
6988.31209554
6993.30834569
6998.38591819
7003.59689055
7009.69302052
7016.37953201
7022.3904854
7026.83525883
7032.184245
7036.33927448
7042.02120274
7047.63293924
7053.37627047
7060.17056822
7064.18094876
7067.67041466
7069.11941321
7067.69333797
7062.52932041
7057.60102473
7051.53630716
7044.96801555
7040.11145889
7031.60028255
7022.11016446
7012.93907
7000.76647854
6991.70558184
6984.77176483
6981.11502637
6978.49735717
6976.36189991
6973.30139055
6970.608839
6969.30078849
6968.29937646
6969.41224777
6971.10260668
6972.46346654
6975.23400195
6978.54371955
6978.83278744
6977.90659927
6976.99422503
6976.24239064
6976.52209823
6976.7002226
6976.59327968
6976.3992226
6976.8357761
6977.03826651
6977.56957991
6979.9986493
6982.04650453
6984.68653249
6988.01868553
6991.95449735
6994.25239717
6996.22040763
6998.00195797
6999.51322373
7000.68967952
6999.70898141
6998.51837018
6996.2098137
6991.91421254
6988.29660191
6985.04940243
6983.42248861
6981.48935448
6980.01543929
6980.64225139
6979.94597936
6979.28086184
6979.51796372
6980.42486676
6981.74188726
6981.50587961
6982.11153174
6982.46329896
6981.83117596
6979.72139503
6976.44647013
6972.14578807
6966.53559883
6961.61642647
6958.35569882
6954.37489068
6951.26652743
6948.41979937
6948.35927458
6950.51335485
6953.22015245
6956.13332256
6957.40403644
6958.65814155
6960.69225952
6963.42001497
6966.52158278
6967.28031717
6968.60650979
6969.09571233
6969.15669711
6969.72674806
6967.99656434
6966.14657861
6965.43324478
6965.96691394
6969.07552811
6973.64459202
6978.62572492
6983.53523728
6989.82610038
6996.0093236
7002.06698087
7009.1421641
7014.86654474
7018.48849748
7021.98977701
7023.66266988
7023.22846516
7020.90983748
7015.6295167
7009.52915614
7001.93067464
6994.30135227
6988.17277143
6982.05941936
6977.80944877
6974.33047224
6973.95024778
6974.34451617
6976.11832318
6979.51610979
6983.25669362
6987.0531674
6990.92902595
6995.27071767
6999.03699875
7001.0504934
7001.1581542
6997.80817271
6991.91607345
6984.67315766
6977.941155
6970.59482992
6963.50733125
6958.27130285
6954.76166666
6953.27138664
6953.34971898
6954.47474543
6956.65406295
6959.12091503
6963.38290834
6969.01677362
6973.87882936
6976.76005739
6978.32413249
6977.64246196
6976.84763851
6975.49076533
6973.80797549
6970.62144717
6966.89460756
6962.62002002
6959.91133363
6957.92897955
6956.82755247
6956.64905871
6959.14737894
6962.44566625
6966.87189334
6971.72178
6975.85321012
6979.88911366
6982.3150188
6984.12971002
6986.5382467
6988.33364582
6989.06079357
6988.12258966
6985.6905721
6982.41518719
6979.11706715
6976.10492047
6973.05188958
6971.67589157
6971.85585593
6972.55685341
6975.19164017
6977.98662525
6981.30995466
6985.19061532
6990.6031093
6996.24188124
7000.39367679
7003.70170075
7007.00606563
7009.39648112
7010.5443333
7008.04593641
7004.89767865
7001.09375427
6995.69841966
6990.82982635
6986.1883822
6981.13459726
6976.79156039
6974.42125943
6973.76122281
6972.91370851
6972.31484487
6970.20078456
6969.90454485
6969.92108393
6969.36226115
6968.32481583
6966.67099202
6962.35945118
6958.8525959
6955.40699026
6949.95380723
6944.18170512
6939.03010754
6935.22308165
6934.21916751
6933.89235874
6933.51292882
6934.28551896
6936.84025883
6939.92913483
6943.91024266
6948.32393128
6952.25388159
6956.07100656
6958.41662089
6960.01161353
6960.15190642
6959.38470386
6958.67049881
6958.31381796
6957.50940422
6956.02083177
6954.74490456
6952.45235746
6952.73157718
6954.35019707
6955.33760699
6957.01008169
6958.00276766
6960.68097559
6963.25999089
6965.14958536
6967.39377676
6969.22649159
6970.13409159
6968.55864893
6967.40792523
6964.80443935
6960.08503225
6956.15971678
6952.43697535
6949.118462
6946.29474089
6944.10958974
6940.4388422
6935.21917863
6929.05121207
6922.32079153
6919.6076306
6920.14813006
6921.58785893
6923.33104809
6923.46814189
6923.12070285
6923.20754519
6922.74928807
6921.61580738
6920.87966873
6921.95815856
6924.29154107
6925.28430371
6924.82960114
6923.00626054
6919.01248877
6915.23854103
6912.62260729
6910.5606245
6909.56535277
6908.94978975
6910.2975187
6913.32982173
6917.67702647
6921.60744376
6925.38926725
6930.21222303
6934.16041302
6939.04305723
6943.72204013
6948.74485177
6952.45877654
6954.95681798
6958.54194985
6961.45080573
6961.99176519
6959.93462634
6958.60215403
6958.08459182
6958.17827143
6960.52389272
6964.6116159
6968.20487443
6971.60285618
6973.77369159
6976.37358808
6977.62388774
6978.633294
6979.20785434
6979.70257687
6979.79160072
6978.22678683
6975.9623694
6972.86048099
6968.68940728
6964.49508269
6961.0997076
6959.13830441
6959.17756467
6960.55433632
6962.42856263
6965.89408765
6971.19232053
6978.2576765
6984.62482983
6989.96087328
6995.41006965
6999.575017
7001.16432935
7001.23972049
6999.49596678
6995.87052919
6991.03862432
6985.96601424
6980.76524551
6974.1275079
6966.59711331
6960.31913019
6955.35732425
6951.05487188
6949.45409439
6949.72055261
6951.25180744
6953.41493437
6956.11405137
6958.68953304
6961.26997015
6962.83878464
6965.03907396
6967.28532838
6968.17448658
6967.57262597
6967.3110326
6967.42763551
6967.455117
6967.69286706
6967.33695984
6966.1641492
6964.83844446
6965.28442796
6965.76551081
6967.14283307
6969.73504199
6972.49972286
6976.31458965
6979.13663804
6980.74095614
6980.36497621
6978.97044579
6976.51554673
6975.2268162
6975.62318247
6975.5701501
6975.2108347
6973.74738101
6970.57374661
6967.30945745
6964.60866075
6963.87875997
6964.56884988
6966.24101791
6970.177917
6978.43937632
6988.67830396
6997.24207357
7006.21864399
7014.94466799
7022.46508199
7028.68042153
7034.59057926
7038.16787719
7037.82747057
7034.28510471
7029.7961086
7025.40425602
7019.20377586
7010.26974146
7000.17551155
6989.02552694
6978.73461239
6970.00245506
6963.25617847
6958.55639802
6956.39895139
6958.80039293
6963.42311648
6967.92657471
6972.19481983
6976.6030233
6980.23652482
6983.6287287
6987.76735153
6993.58973298
6997.96401497
7001.61225739
7003.45745494
7003.97570714
7004.61413772
7004.48121876
7006.19073735
7007.99640282
7007.97678314
7007.95249377
7008.72945391
7011.08401034
7013.07026744
7014.77890089
7017.72613188
7022.3035176
7028.59612313
7033.71503286
7037.36250164
7040.49622759
7042.74066989
7046.12865711
7049.03720633
7052.75587745
7054.52339084
7054.81691933
7055.07932816
7056.62952661
7058.30961917
7059.18863648
7061.6847055
7063.69670864
7064.71532883
7066.14143892
7068.20141443
7070.72644251
7073.4470401
7074.88550745
7075.37425696
7073.53775758
7068.50527898
7059.90647273
7049.24112552
7037.22616753
7025.17460473
7015.41815388
7010.90178779
7008.11094271
7006.86974546
7005.84524982
7006.67986323
7009.63179876
7016.04594174
7023.82090972
7033.62478234
7041.67131036
7051.39864881
7060.81021152
7067.27452233
7070.25566783
7069.85516854
7068.29153253
7066.45757709
7065.33871184
7061.61567769
7058.09443696
7052.3334097
7049.45172167
7047.52456753
7047.95215105
7049.26268277
7052.45191533
7055.09489845
7057.4122925
7060.14495461
7062.00458639
7061.81059204
7060.79795881
7060.15936793
7060.76932035
7061.91156891
7061.81937385
7060.34718017
7057.23605691
7053.03716717
7049.77574953
7043.32148204
7038.32519704
7033.08624834
7028.88066072
7025.51890045
7022.07391511
7018.01823856
7013.75927706
7011.87327894
7011.47535843
7013.12360648
7014.20073722
7016.23164216
7018.72557149
7024.07142129
7028.20465655
7032.93322182
7036.27764151
7038.28172708
7039.93198937
7042.361463
7044.44050759
7044.23821234
7043.07074047
7041.15634087
7038.23388713
7034.67947765
7030.76688187
7026.77733374
7021.74293847
7018.19226475
7016.7677995
7016.30474724
7016.96817809
7015.7148745
7013.58438663
7011.13046332
7008.49932868
7006.52821671
7005.58775462
7004.95420283
7004.67250887
7005.72249964
7008.01071159
7009.17688709
7010.86983177
7010.68022832
7009.49645435
7009.17837861
7008.10565271
7007.70385705
7008.46626447
7008.62074068
7007.34673711
7005.41362389
7002.54220918
6999.42468079
6996.16579314
6992.29334277
6988.95368338
6987.50380665
6986.2965727
6987.6337844
6989.8685458
6990.25534965
6990.57566267
6989.77280317
6991.77184965
6995.90748249
7000.97227257
7006.54465821
7014.55238596
7023.43963283
7033.44570313
7042.77916349
7050.72504221
7056.45962648
7063.16362493
7070.65406228
7078.16396599
7084.03962375
7087.02676318
7086.86416032
7085.17359231
7081.74046241
7075.69072967
7067.74705337
7059.48360073
7050.83919877
7042.76054745
7036.01811116
7030.30928687
7025.27077252
7021.7128085
7019.33323088
7015.74274629
7012.62160759
7010.83364513
7009.46267923
7009.02447391
7008.76230205
7009.89732304
7010.69459285
7010.46644005
7009.03711693
7006.7449671
7003.83370668
7001.22012172
6999.44768076
6997.575169
6995.90712703
6993.01548629
6989.17685285
6986.00229845
6981.39494306
6977.46589881
6972.76925471
6968.10203665
6963.87375573
6959.46691135
6956.75464952
6955.22407771
6954.89200683
6955.1134757
6955.74308962
6957.77605759
6959.26692307
6961.66917309
6964.12364003
6965.6816515
6967.94772772
6969.43226472
6969.86867883
6969.99221658
6968.75605842
6966.86452638
6963.26347574
6959.19380405
6954.69135643
6951.47821085
6947.90113595
6943.31126054
6938.67689062
6934.5520399
6930.50327728
6928.59009738
6927.32238046
6926.84607185
6927.33638954
6929.83634765
6934.43710971
6939.46346893
6944.56484292
6949.34522087
6955.63950609
6961.18305812
6965.02259064
6969.98549083
6973.5715427
6974.63968254
6973.95804686
6972.17304652
6968.54273712
6962.91195942
6956.98168717
6952.12018203
6946.71249713
6940.69101952
6936.23041095
6932.90029307
6929.6687963
6927.13475641
6927.04080499
6928.81863351
6931.37630065
6934.07203735
6937.45798245
6941.48128479
6944.17460301
6946.8555779
6948.35231883
6948.6344937
6949.05588116
6948.8504356
6948.75023237
6948.39744757
6947.8417054
6947.80048665
6948.07965759
6948.72136391
6949.43352684
6948.34012884
6945.13225932
6942.61314851
6941.31362193
6941.23620261
6941.5905765
6941.03523857
6938.99300788
6938.97526305
6937.62880955
6938.20973321
6936.96871021
6936.53526519
6937.85671841
6941.4735554
6945.39712148
6950.15316824
6953.17475188
6955.70192663
6958.6881391
6960.44124613
6961.94149978
6963.32222325
6964.22051175
6964.06978523
6962.54269827
6959.23423522
6955.81496106
6949.56516337
6942.42269476
6934.46373393
6923.71626286
6915.34685002
6908.58625072
6904.62196074
6903.08995318
6901.45841845
6900.90579173
6900.92196141
6902.9794836
6906.24415609
6909.48945284
6913.00656751
6918.26031983
6924.21299266
6930.68260741
6934.88323957
6936.62301359
6936.18678069
6934.87487594
6932.73699323
6929.91134151
6927.21727754
6923.97895047
6922.58368823
6919.63202452
6916.20593401
6913.85909999
6912.48614076
6910.6212608
6909.34803783
6908.15810266
6906.06956535
6903.33382263
6901.55041836
6899.19508132
6898.31118523
6896.35354568
6894.84779991
6894.56740928
6895.32417822
6897.49147999
6902.87326552
6909.68314053
6918.02209583
6927.94672529
6939.30798212
6950.85840329
6962.14541897
6972.49279499
6983.34260899
6994.51821418
7005.29488825
7013.30164024
7019.23773915
7020.31188687
7019.63030694
7015.82537893
7008.85706893
6999.18648466
6989.96389116
6981.64964341
6973.97457896
6967.55665144
6960.3370423
6954.60612409
6950.63275261
6946.35679204
6942.77900622
6938.73075936
6935.63666306
6934.22655538
6934.49175208
6934.67038524
6933.08652319
6930.43399856
6926.03514842
6921.37061369
6916.65819719
6911.44291756
6905.48982654
6900.66721924
6898.26379134
6899.26484792
6901.6753849
6905.34325396
6910.01907959
6914.08387249
6920.43751159
6926.60701148
6932.77490835
6937.49938241
6941.48532721
6944.31207317
6947.07002829
6949.09629142
6949.75506652
6948.64462763
6946.17638858
6943.04051596
6941.35639492
6940.09232315
6938.73699723
6936.68197717
6935.42074206
6936.36109264
6938.89572495
6942.68001571
6946.56195183
6950.04127684
6951.77274995
6953.12760193
6952.77612047
6951.5815156
6949.33729633
6945.36310242
6939.66713721
6934.28259169
6928.52165502
6922.2607128
6916.2262855
6912.2580228
6909.9851372
6908.47243568
6909.26607428
6911.88612014
6916.45572769
6921.72544061
6927.68780131
6934.25910383
6941.95161341
6948.75607297
6954.48316482
6959.53090704
6963.97189594
6965.92067702
6967.89340595
6968.87549103
6968.74894934
6966.79583311
6964.06827978
6961.21242839
6958.89705556
6957.12237733
6956.48243433
6957.18711878
6960.49178336
6964.80733874
6969.05657752
6972.39709418
6973.88647511
6974.29515682
6975.0732809
6975.79074078
6976.58623332
6976.6429666
6976.95913962
6976.46604102
6975.41473995
6971.06167369
6962.4527823
6954.85497687
6947.74508459
6942.4751138
6939.62800937
6938.29914737
6938.94819975
6939.42514957
6940.94029048
6942.4822647
6944.01696953
6943.98006502
6943.68321895
6946.07688929
6948.62530765
6950.16638277
6952.2635834
6952.73513869
6952.81420285
6950.01640201
6948.40841089
6946.90435179
6945.86328223
6945.47044959
6947.39165858
6951.19386144
6955.22432165
6958.9760779
6962.17080956
6963.68229138
6966.38976503
6969.28187972
6971.82658323
6974.97483402
6975.57236646
6973.77667462
6971.38116428
6966.58634514
6959.53554886
6951.97737308
6948.24787802
6946.48998978
6945.64320033
6944.17897997
6942.59718095
6941.35417855
6939.59440153
6937.91233654
6939.51404797
6942.42602627
6946.10998137
6948.4594569
6952.72902627
6955.00715308
6956.86934274
6957.60149473
6959.12393987
6960.88002297
6961.89454498
6963.22095366
6964.8761714
6964.75135819
6962.2423813
6960.51908363
6960.02573412
6960.05127804
6961.54412988
6962.77232865
6963.29134753
6963.37064866
6960.60154203
6958.14318601
6954.90213379
6952.73437899
6950.61946141
6949.0819687
6949.4118511
6949.96636661
6951.11513182
6952.60279821
6956.19281584
6959.76142257
6966.18471675
6975.21410348
6988.71140998
7001.0395022
7012.46131169
7020.38905528
7031.50918173
7041.11638364
7050.02172383
7054.72394367
7057.21012967
7055.30823369
7050.57025237
7044.47972603
7036.05326628
7026.00840269
7016.07670595
7006.64398326
6998.15382751
6990.16991519
6983.92714295
6980.70025315
6977.99308616
6976.28100969
6975.88066372
6978.7603863
6982.03067636
6985.57599039
6989.61877302
6994.36366827
6998.92151796
7002.76871017
7004.54856687
7004.93695982
7004.01857771
7002.8932655
7002.92313062
7002.93248395
7001.65987431
6998.7308133
6995.6204358
6994.0767331
6992.8338701
6990.64148442
6989.04651268
6989.15162257
6990.20819273
6990.93880442
6992.16135078
6991.84585382
6990.27255782
6988.83243865
6988.56911679
6989.72126231
6991.14784634
6992.30082124
6992.53735161
6992.30720548
6990.7666252
6989.59009971
6989.74286138
6990.39173952
6992.07430632
6995.32536701
6998.30604554
7002.33026788
7004.95131738
7005.59174826
7005.16247111
7005.22214559
7005.08579058
7004.65270101
7003.74562374
7001.89378407
7000.17411064
7000.20695879
6999.34843238
6998.6873991
6997.07616707
6996.4761604
6997.30935896
6999.9174309
7003.90060176
7009.53211825
7016.6425472
7024.11289792
7030.68323862
7035.21651318
7038.83158683
7042.59181823
7045.88954099
7047.13413944
7046.8999718
7045.74912264
7043.86655362
7039.55879035
7033.13965707
7025.61509611
7018.08328667
7012.38932176
7007.86116993
7004.53634204
7000.52720908
6996.72164682
6994.76261333
6993.29306813
6992.93222637
6993.67362017
6995.26780434
6997.72110037
7000.7198304
7003.43890859
7005.85346012
7007.76298093
7007.95249377
7008.36116852
7009.51389948
7009.79652738
7009.82523554
7008.30076221
7003.95481898
6997.41427371
6990.6393726
6984.70114793
6979.16655892
6973.61946629
6967.09278372
6960.68478801
6954.53728446
6947.70059706
6940.31338081
6934.83584568
6930.62852261
6927.61287714
6926.30668754
6926.50386007
6926.17342707
6925.56664586
6924.55011657
6924.56245292
6925.41157025
6926.67357202
6928.63574885
6930.78722245
6932.49082378
6934.28196441
6936.54885609
6938.81033928
6939.63073452
6941.13017272
6942.28222763
6942.64854059
6942.61369214
6941.68845186
6940.6524841
6939.80542283
6940.03496957
6939.75779894
6938.44634025
6936.07589292
6932.59341762
6929.72964169
6927.66961042
6925.88690311
6925.38438846
6923.73689314
6922.71304568
6922.28719762
6922.3527824
6920.99919891
6919.59717607
6917.62154774
6917.13875731
6916.31368541
6913.72430618
6910.17422489
6904.74358183
6897.71980704
6891.51963354
6885.29821643
6878.09183576
6870.4584849
6863.35805049
6857.25469296
6853.42247164
6851.10478486
6848.74093783
6849.23753522
6850.6588641
6852.67574602
6856.01143268
6862.08914873
6867.03212257
6875.16149232
6880.09226921
6885.94264094
6891.32274677
6895.61001915
6899.29837212
6903.27276815
6908.13865722
6914.43995395
6921.09795942
6929.09393627
6936.14663528
6943.27929754
6949.51254221
6957.15723275
6961.64847311
6965.71783116
6968.6277534
6972.10488992
6974.88946926
6976.18025585
6975.15964232
6974.34810556
6974.11748549
6973.75382797
6974.4596206
6975.10987874
6975.89284674
6977.53429934
6979.8868276
6983.73063951
6987.97212103
6991.13533574
6995.98568938
7002.94879302
7010.22103029
7015.31234702
7019.1302735
7021.40504093
7022.71254083
7023.05944321
7022.03351181
7019.02948482
7016.41601834
7013.62808658
7011.56786016
7010.19927789
7006.87210122
7003.13550405
7000.28179235
6996.99037716
6995.31866913
6995.59412522
6997.19596908
7001.48877539
7007.92609956
7013.80996064
7017.83777237
7020.32572867
7021.47585298
7023.07929289
7024.03501163
7022.94780272
7022.34503605
7022.00177185
7018.87974103
7013.16759219
7005.67098666
6999.49802283
6991.79231266
6981.40602487
6975.33936275
6971.52248869
6969.03366118
