7034.63988206
7031.20514913
7027.81662525
7022.91059076
7016.97601821
7011.77727068
7007.68131629
7003.63517428
6999.81609779
6995.93423137
6992.35381798
6987.93701391
6983.87196313
6978.83014514
6974.42923894
6970.83118526
6967.75964985
6965.10410038
6962.0560807
6959.27387803
6956.41732271
6954.11298986
6950.61108306
6946.20952867
6942.03674739
6937.38170538
6933.84524285
6931.4773534
6930.65073423
6930.80415105
6933.43379417
6936.69891273
6941.5077758
6946.77202447
6952.14199637
6957.89489699
6963.70495602
6969.31487344
6975.83886571
6982.59287168
6988.58265115
6993.12839448
6997.80964949
7002.43996305
7006.61300221
7010.08436783
7012.3270468
7010.88825884
7008.94572957
7006.36583609
7001.60474328
6997.41982776
6991.99023713
6987.18159012
6982.00207894
6975.96183195
6969.75326695
6963.38306786
6958.56087874
6954.39761806
6951.29235632
6948.64397169
6946.48605809
6944.67747929
6944.81579976
6945.21590876
6945.2618181
6945.9779189
6946.73962238
6946.87865376
6947.40630808
6948.52461575
6950.0153279
6951.25149302
6951.77731432
6951.89039754
6951.37452896
6950.35842482
6949.8437411
6948.73991644
6947.75740621
6947.55828914
6947.74999743
6947.73136745
6947.80971374
6947.81419525
6947.43476532
6946.13571268
6944.65187962
6943.99272816
6943.76424081
6944.72247561
6946.49061627
6949.15940815
6951.95610777
6953.89195311
6954.63984963
6954.03322873
6952.19976117
6950.06362088
6948.86194178
6948.93268413
6949.91803799
6951.65773534
6954.05779688
6956.11621816
6957.87130458
6959.30884497
6960.79129803
6962.85649384
6964.81030007
6966.65657792
6968.42505312
6970.49758802
6972.5488096
6975.08681525
6977.33111816
6978.88010388
6980.00143639
6981.36982351
6983.34410669
6985.83397268
6988.94865048
6992.52512599
6995.54036025
6999.15799178
7001.19728823
7003.41429086
7005.65042529
7007.89149426
7010.2760343
7013.03425427
7015.7330646
7018.46608914
7021.41141044
7024.26055001
7025.91836048
7025.53265783
7024.50421038
7022.90877864
7021.67883744
7019.39528821
7017.30649303
7015.3062617
7012.46376423
7009.16694753
7005.70965372
7002.64059951
7000.12042234
6998.38409831
6995.99479798
6994.92007178
6995.05568801
6995.45643124
6995.61040563
6996.01396462
6996.05645882
6994.91924239
6995.6502862
6997.24173824
6999.41841425
7003.39260815
7005.31602653
7006.26746589
7006.16837083
7005.50940058
7004.37692353
7003.80412653
7001.55203848
6998.53807271
6994.64315902
6990.80812892
6985.1315046
6981.43417466
6976.5607165
6973.4852014
6969.5653641
6964.1067238
6961.28938692
6958.16357853
6957.24725945
6956.72564088
6957.09746687
6957.5255522
6958.28519266
6959.65482735
6960.82949193
6964.20964522
6968.66462925
6972.4516591
6979.84847261
6982.76100848
6986.79590142
6988.88211782
6991.25642635
6991.91939023
6991.50757913
6990.59957489
6989.59299832
6987.94836057
6986.93199158
6983.39109634
6981.53796031
6977.33064422
6974.1084032
6968.01557686
6963.68419332
6957.44485016
6953.32195792
6947.74289532
6943.11751631
6939.97753157
6935.99845191
6934.08134807
6932.42037337
6931.45842372
6930.55810008
6930.77167229
6931.07812956
6931.73364284
6932.22771023
6933.20288834
6934.42779742
6936.49776747
6938.36226409
6942.82251024
6947.86830792
6953.08421483
6957.21914372
6960.22509435
6961.41927407
6961.34598081
6961.02685264
6960.46705411
6960.10925113
6960.06593451
6959.36339673
6957.84740552
6956.51391564
6955.65211347
6954.45646315
6951.96105625
6949.25198654
6946.05539398
6943.65674728
6942.14101395
6942.58685108
6943.75297082
6945.2734087
6946.8576262
6948.24978693
6948.49624911
6947.35172147
6945.95696801
6945.31942259
6945.2618181
6945.40635553
6944.86739638
6943.92609095
6942.85995838
6942.23313931
6940.39335721
6938.48674973
6935.23327056
6931.84918636
6928.909629
6926.81769049
6924.39483806
6923.36422303
6923.15834536
6923.00819036
6922.519406
6922.20719873
6921.96017201
6921.79216066
6922.31705499
6923.12075782
6924.24088458
6925.61535623
6928.19700608
6930.76227715
6933.19919441
6935.55590448
6937.73253169
6940.2657631
6941.5820936
6941.99076137
6942.10287581
6942.04183526
6942.44752698
6942.67531736
6943.10688056
6943.54305073
6944.15362345
6943.66223243
6941.73132163
6938.89375871
6936.21872896
6934.14751831
6932.15281394
6930.01797698
6928.1232807
6926.74972207
6926.20296383
6926.36930245
6927.02315695
6927.60514697
6929.02717282
6930.07389481
6930.92610668
6931.47685855
6932.52521145
6934.83122399
6938.07040833
6941.23784667
6943.60729733
6945.49711484
6946.77347417
6947.182128
6947.29267425
6948.16328611
6949.09139094
6949.59977407
6949.28772014
6949.23956655
6949.59936983
6949.76571542
6950.64687242
6951.01639144
6950.67292512
6949.81935415
6948.05418258
6946.41650058
6944.49669947
6943.28314402
6942.60098561
6942.95700435
6943.45165719
6944.8128934
6946.68078426
6949.40807274
6951.72629618
6952.70336309
6954.34668356
6955.71132796
6956.89769465
6957.81129555
6959.19049963
6960.66891724
6963.3296661
6966.51746988
6968.42267646
6970.02408122
6971.25552787
6972.21686418
6972.20236722
6972.01721044
6971.91390569
6971.81005034
6973.24755588
6975.35780376
6977.51313161
6979.23047716
6981.67729138
6983.56135192
6985.24294297
6986.44887358
6987.21115555
6988.47342216
6990.11789264
6991.45329221
6991.54524333
6990.94710454
6990.4274793
6990.14193807
6989.13229484
6988.03255442
6987.01440817
6985.37300436
6983.90539673
6982.75364849
6981.67616229
6981.1341295
6979.22564717
6978.08735043
6977.58114184
6977.30106485
6977.78648285
6978.32353231
6978.44271401
6977.86213884
6976.1571366
6974.88916878
6972.81043783
6970.13740838
6967.53942855
6966.14878722
6964.98224232
6963.48217685
6961.96199686
6960.57632491
6958.35261744
6955.40416675
6952.04025981
6948.19393184
6945.46471275
6943.67072151
6943.04457153
6943.70728451
6944.88758757
6946.52401502
6948.05407107
6948.79999517
6948.67753772
6949.0473425
6950.05697876
6952.79845057
6955.93156319
6959.23350262
6962.70129975
6966.20532534
6968.69627861
6970.91368548
6973.28662099
6974.82704793
6975.5612072
6976.07741729
6976.86205802
6977.27604366
6977.88018336
6978.74570038
6979.53501777
6979.97396188
6979.07028581
6978.07988589
6978.17341913
6978.03674351
6978.01731898
6978.65977107
6978.36684894
6976.58123527
6974.69337625
6972.66275707
6970.62861122
6968.5707754
6967.21899009
6966.81932018
6966.0375649
6963.74878143
6962.24930839
6960.08852328
6956.67833063
6953.27128131
6950.12510051
6947.00350879
6944.69238746
6943.24419042
6942.82919417
6942.79418542
6943.44360022
6943.84131165
6943.4908826
6943.05742364
6942.11917094
6941.22348911
6941.17282643
6942.14179456
6942.276902
6943.26812434
6944.41888986
6946.08319607
6947.48177588
6950.44148262
6952.65225435
6956.18451415
6959.70631245
6962.26122656
6966.09345485
6968.59715568
6971.89961783
6973.77421353
6976.64121642
6978.47845458
6981.74358011
6983.83912195
6986.46976871
6987.62495998
6988.19922062
6987.67636842
6986.48502536
6983.53046226
6982.11059701
6980.94606636
6980.32949273
6979.22645565
6978.62684625
6978.71883222
6978.78336458
6978.94373018
6978.32871079
6976.67978669
6973.53600347
6971.14498858
6968.20060123
6965.66416376
6963.84387588
6962.95089132
6961.77010038
6958.97002743
6956.32112007
6954.05941385
6952.12349882
6947.35798025
6944.12924348
6939.06860036
6934.65338538
6931.33998081
6929.85731866
6928.43143857
6928.33444139
6929.43580575
6932.51137661
6934.85177063
6938.83429332
6941.24062758
6945.45477397
6948.57910479
6951.13531526
6953.64029851
6956.27717618
6960.51824648
6964.8970518
6969.2894062
6972.9470089
6976.23209562
6978.28498296
6980.664003
6981.03226748
6980.21635375
6979.91168073
6980.13674596
6979.98475793
6980.20869407
6979.47353813
6977.90830606
6976.53212683
6975.8284042
6974.70200472
6973.31805429
6972.28693047
6971.7228874
6971.47604189
6971.70458499
6971.56724028
6972.07664099
6973.4619993
6974.46053284
6975.93034986
6977.98550235
6979.56195562
6981.62151993
6983.10821753
6986.20725534
6988.16630277
6989.84067322
6992.16525302
6994.50178583
6996.61970038
6999.0432219
7002.0113062
7005.22723268
7007.84902097
7009.63389585
7010.54884191
7012.08099583
7012.59788895
7013.89398644
7014.95031963
7016.92449129
7019.15831875
7021.74191314
7025.25282478
7029.22094808
7032.84525658
7036.16241084
7038.77764762
7040.7476305
7041.48836915
7042.07110493
7042.93088589
7043.57690645
7043.30432188
7042.67419221
7042.34034405
7042.41979852
7042.18694118
7040.63381546
7038.60326597
7036.1655472
7033.03636548
7028.75899703
7022.98502705
7017.6778869
7012.58344775
7009.2856065
7006.49547232
7003.05515667
6999.04094281
6995.04927589
6990.55621645
6985.69979221
6979.89721862
6974.56246456
6969.7157491
6966.16202963
6963.44032386
6961.54212182
6960.18475379
6959.99085004
6960.34739847
6960.19228802
6959.04102069
6957.77547832
6956.72137543
6957.20066707
6957.93412937
6958.75601612
6960.13688596
6961.69900258
6963.79845442
6965.08358161
6965.89329232
6966.22895259
6966.20910988
6966.65061187
6967.10737747
6967.54752036
6968.36376167
6970.44849352
6972.90786712
6975.02539137
6976.23381713
6977.80707132
6980.84386979
6984.11093289
6987.43061018
6990.26365674
6993.7723799
6996.4172518
6998.9839865
7002.00678287
7004.63401449
7006.49259384
7008.31037263
7010.68794298
7013.05720546
7014.94155873
7015.79269727
7016.28905071
7016.54380682
7015.78183152
7014.50053765
7013.17312534
7013.12844266
7013.43402175
7013.56382526
7013.184932
7012.36181858
7011.29040298
7010.30032367
7009.15063149
7006.83258926
7004.5021828
7002.54300294
7001.05658413
7000.81921739
7000.68464662
7001.70360833
7003.36102152
7005.14411913
7006.13913298
7005.94143076
7006.54050349
7007.57715427
7008.80197274
7010.19132469
7011.19220702
7011.63847627
7011.97248473
7011.98567835
7011.2960554
7011.60957994
7012.72713488
7013.2756007
7013.69907906
7012.95439556
7011.33486961
7009.79382933
7008.76133945
7007.84364734
7006.47983234
7005.34644226
7003.31091642
7001.94611172
7001.45837282
7001.26640664
7000.88386127
7000.88918611
7000.08351783
6998.74937977
6997.07088326
6995.0631177
6993.36409546
6992.1269476
6990.88520672
6990.24896463
6989.0778058
6988.4061089
6987.82293403
6987.03532421
6986.53370865
6986.44049602
6987.03696209
6988.85101906
6990.34976029
6991.29529631
6991.67843411
6991.49520793
6991.38919895
6991.09657651
6990.89973156
6990.60020913
6990.00674699
6989.759093
6990.17063229
6990.90405276
6991.57056422
6992.46117909
6993.3740412
6994.85984669
6995.88441203
6996.73288118
6998.02892988
7000.1582329
7001.57974997
7003.47148414
7004.81587461
7005.36738618
7006.46693841
7007.55548551
7008.85066997
7010.25099917
7010.78907318
7011.58361784
7011.7947646
7011.7947646
7010.81714709
7009.19226145
7008.61066172
7007.96453661
7007.73538714
7009.12328939
7010.44392019
7012.83495598
7015.96360801
7020.05155422
7023.49137503
7025.64194257
7029.68080823
7032.44721758
7035.84605661
7038.53921452
7043.22793408
7045.63359228
7048.60372567
7050.09781812
7052.18210391
7054.13208378
7055.37345526
7057.1622959
7057.99712537
7060.00208912
7061.22701911
7062.94009921
7063.26766767
7062.20046874
7061.64611354
7061.94851445
7061.74584283
7061.25461908
7060.20993922
7059.66448431
7058.64809441
7058.07184044
7056.87179922
7055.74382459
7054.19369584
7053.75948415
7052.91433954
7051.64139536
7050.40964205
7048.62303171
7047.17619376
7045.17415031
7043.23887649
7039.08745034
7036.14233813
7031.83235153
7029.08469064
7025.24641266
7022.85511203
7021.01692598
7016.64423308
7013.51236106
7008.98669044
7004.17384768
6999.7610233
6996.8482644
6992.21657085
6988.52304636
6985.69316404
6982.89850653
6981.83100093
6979.37416429
6978.00051506
6977.9930784
6977.87582731
6977.15578166
6977.06421388
6977.87030731
6978.80851819
6980.71552295
6982.93283225
6985.79569515
6988.77136944
6991.68391229
6994.22957065
6996.51434655
6997.86918459
6998.90190446
6999.96947976
7001.24749091
7001.66855079
7001.91387691
7002.8695608
7003.5583195
7004.07319838
7003.55837526
7001.27319512
6998.76092854
6995.85962781
6992.39866794
6989.69830336
6988.16387035
6987.33602451
6987.52670826
6988.53516665
6989.09727215
6990.09932539
6991.25124787
6992.41760458
6993.5852019
6995.40310614
6996.64663823
6997.40217354
6999.18111024
7000.84512373
7001.14098707
7001.01180387
7000.84600888
7000.95823483
7000.85321554
7000.7531517
7001.44595283
7002.77356029
7004.50321432
7006.15825084
7007.27195155
7007.82262675
7007.44231865
7006.51455534
7005.44684065
7003.6180846
7001.81264216
7001.22113154
7000.73650808
6999.50318659
6999.21878142
6998.27535024
6996.45382176
6994.83671429
6993.4004633
6991.98659895
6991.37932986
6991.29100298
6990.84086555
6990.02341849
6989.6885458
6989.67416733
6990.59602731
6991.89064026
6993.29375037
6994.92060147
6996.03279673
6996.76402175
6995.92011775
6993.89678886
6991.65340595
6988.05127501
6984.49185433
6981.08463077
6977.60923666
6974.62862086
6971.57701876
6968.42687221
6965.99719646
6963.940197
6961.48793945
6959.74530786
6958.34854714
6958.1997582
6958.65241168
6961.22725214
6964.19483462
6967.95995177
6971.87440846
6974.79242251
6976.87807437
6978.41789495
6980.44174656
6983.542018
6986.52917138
6989.43607575
6992.04546496
6994.90915724
6998.17088156
7000.34457454
7001.53115032
7001.69019167
7001.58531875
7001.99713682
7003.12945357
7003.3565888
7003.29652401
7002.48062422
7001.06571442
6998.52271151
6995.84019631
6993.83280711
6993.09484239
6993.33010428
6994.07099626
6994.25793032
6994.73264984
6995.00352685
6995.10738917
6994.19412281
6993.80439168
6994.02754722
6994.03195206
6993.81929288
6994.59972392
6996.16087872
6997.81101555
6999.69900003
7000.70745145
7000.81921739
7001.10330196
7000.88310157
7000.88634945
7000.83845374
7001.58923572
7002.34495223
7004.71547623
7006.55918226
7007.07424235
7007.56320095
7008.35198865
7009.39629912
7010.40947599
7011.61151054
7012.1421688
7012.28398108
7011.71916437
7009.51511143
7006.49356263
7004.42479833
7003.25453163
7002.46471242
7001.08093622
6999.78866509
6998.27053419
6996.81669867
6995.77991546
6995.04481529
6994.22662247
6993.47855867
6993.56967343
6993.58748099
6994.23654034
6995.26553143
6996.14293874
6996.84395016
6996.14299449
6994.42079804
6992.51487358
6990.86827735
6988.5090791
6986.71296908
6984.89618695
6982.63489194
6979.81410507
6977.24146006
6975.13976398
6973.00602824
6971.08842955
6969.12151333
6968.03770563
6968.83931059
6970.0552427
6971.22658971
6972.38900855
6974.53588216
6977.89373941
6981.61238963
6984.97825505
6988.36296652
6991.89596511
6996.54720167
7000.95113272
7004.89026908
7008.71757677
7012.32584104
7014.99592231
7016.81430746
7017.48705679
7017.32170089
7017.58003245
7017.41526898
7015.81209392
7012.91533742
7008.27187903
7005.14370095
7000.38060086
6997.52866644
6993.96401152
6989.07447429
6984.6709893
6978.41201253
6974.68368141
6969.69584367
6965.1826697
6960.92835698
6958.87753964
6955.85471539
6954.33440994
6953.50395744
6953.54195619
6954.94681569
6955.88956384
6956.38466274
6956.32816643
6956.55303651
6958.14575704
6959.5263202
6962.05872919
6963.6347364
6967.24792824
6969.58637075
6971.16812795
6972.38406007
6973.53288801
6975.47536153
6975.78786849
6976.02849703
6976.49393293
6976.99275365
6976.94545036
6977.31234878
6977.35759601
6977.3376836
6977.83437159
6977.68614022
6977.3657157
6977.41323504
6978.52891514
6979.84691837
6980.68898237
6980.62070729
6980.03905878
6980.01919516
6980.23062768
6979.07615429
6978.55775572
6978.21748151
6977.73315775
6976.64630429
6975.84064298
6974.04163357
6973.40560057
6973.00556127
6972.32870679
6971.7212774
6970.07402602
6969.78100631
6971.08161319
6972.41501943
6974.03642721
6975.05893649
6976.73884784
6978.43706159
6981.0976153
6983.05204183
6985.83157511
6987.73006291
6989.23352959
6992.26889928
6993.24182618
6994.64711781
6996.28626344
6997.53604037
6998.29667052
6998.43632917
6997.72850139
6996.2366044
6994.6719996
6992.46830908
6989.77082996
6988.08272922
6984.75863315
6982.24577415
6980.05387634
6977.41690807
6975.38509707
6974.18784372
6973.18202685
6971.70896893
6969.43390878
6967.41919443
6966.31907068
6965.25012236
6965.43869429
6965.5798096
6965.66283952
6965.61572442
6965.78797333
6965.43555096
6963.97194394
6962.87425261
6961.8735724
6961.17359249
6960.22015284
6958.58844387
6956.63313219
6955.23409237
6954.11236956
6952.38995007
6949.98565096
6947.68296295
6945.44637549
6943.81774712
6942.16719211
6941.80009157
6942.26396625
6943.25780223
6943.5419077
6944.01533086
6944.4729398
6945.82419542
6947.94917026
6950.88101218
6954.01517723
6956.80099717
6959.2572135
6961.81068489
6964.87165425
6967.77501801
6970.22276617
6972.81678025
6974.58362454
6975.81785906
6976.04705035
6976.43986905
6976.9278728
6977.78360437
6977.93256755
6977.52597675
6977.22358281
6976.90823918
6976.23496713
6975.73970096
6975.40249342
6974.22179308
6973.05259274
6972.62000499
6972.14521577
6972.06177464
6973.07615726
6974.85623699
6976.90603676
6977.76031167
6977.18920133
6976.61123978
6974.72081592
6972.73091366
6970.37352754
6967.82061373
6965.86216568
6964.90446058
6964.48198585
6963.69846724
6963.38537483
6963.9543385
6965.0083926
6965.16248548
6965.02190683
6964.71034078
6965.36767315
6965.57994203
6966.66991791
6967.67679417
6967.6380427
6966.21715291
6965.22041754
6965.40703796
6966.11242634
6965.74589035
6965.60888018
6965.10428856
6963.9033134
6961.83405426
6959.12476848
6956.54003804
6954.73467924
6953.49889047
6952.33644376
6952.46549454
6952.78837936
6953.98055181
6955.5211739
6957.10445747
6957.56100702
6956.56217377
6956.23736531
6955.82531724
6955.65106802
6954.70922593
6953.86551708
6953.25631041
6952.03010497
6950.55949341
6948.65193108
6947.11408989
6944.72455955
6942.88368321
6941.40139742
6940.4723238
6939.32969191
6939.22152233
6940.61029579
6941.90512479
6943.01432308
6944.16546496
6945.99298737
6948.06161924
6949.6739943
6952.29875167
6955.10272069
6957.99528143
6961.0460402
6964.77266374
6968.45594976
6971.5673518
6974.77069102
6977.6973893
6980.08948449
6981.99719319
6983.96862576
6984.84843761
6984.60322997
6983.82461106
6982.99417946
6983.07858241
6983.603874
6984.72377076
6986.04088884
6986.73859663
6987.28286669
6988.10013951
6988.30006506
6988.46524672
6988.77973307
6989.2559929
6989.47344722
6989.64066403
6990.27481521
6991.87145271
6992.75538364
6992.65883949
6991.36859654
6989.26598743
6986.73344603
6983.93954124
6981.11452377
6978.21406636
6974.9575275
6971.75419525
6967.86915065
6964.32447783
6961.3551808
6958.93823867
6957.54678188
6956.5210526
6956.55483469
6957.36589751
6958.91025536
6960.50962498
6962.16143454
6963.6363464
6965.12091127
6966.99807182
6969.4487124
6971.30995418
6973.512195
6975.75428852
6977.85498793
6980.21487618
6982.28896532
6984.29049998
6986.09941333
6987.71547535
6988.12844342
6988.9407817
6989.92405859
6991.44432919
6992.21631297
6992.88191836
6993.06172242
6992.40094702
6991.96240019
6990.40440266
6989.50681113
6988.3595444
6987.35977722
6984.97794142
6981.44076798
6977.71462535
6973.76231627
6971.49452551
6969.04016311
6965.40426402
6961.80080884
6957.98872992
6956.64134248
6954.76626587
6954.08545958
6953.4296466
6953.63435337
6954.03764751
6953.7667496
6953.01492217
6952.44223668
6951.81313852
6949.97670884
6948.32566595
6945.49491939
6944.34768053
6943.79538139
6943.2968534
6942.93815831
6942.53657871
6941.31963598
6939.90193134
6937.6562345
6934.77216284
6933.50621622
6931.71940377
6931.10816892
6931.05258565
6931.98665653
6934.11765319
6935.42699309
6936.64346187
6936.8588462
6936.66933336
6936.58713284
6936.58440072
6936.50568504
6936.34793308
6937.72110837
6939.15779845
6940.50358286
6940.88840733
6942.11381822
6942.9710413
6943.13483599
6942.39487794
6941.97000564
6940.00694366
6939.29004832
6939.07423187
6939.4792057
6939.35329825
6939.23884897
6939.3530125
6939.64880614
6939.89951983
6940.7175175
6941.939569
6942.87522897
6943.63709973
6944.82121521
6945.78645455
6948.56605753
6952.00391985
6955.11426249
6957.22230796
6959.94856493
6960.63109273
6960.34600453
6960.01437971
6959.16004208
6957.15443015
6955.41591068
6953.68105029
6952.67079372
6951.90163965
6951.59962207
6951.47434886
6951.79783308
6950.23074707
6947.34483541
6945.03096803
6942.35071798
6939.81790476
6938.28652447
6937.55948823
6936.90971797
6935.66468043
6934.38662049
6933.39859027
6932.48555391
6930.4267493
6928.56735449
6926.73982511
6923.92224429
6920.71937901
6918.47235792
6916.1433454
6913.59408371
6912.01583226
6911.10781408
6910.58947823
6911.46149099
6913.34634608
6915.48638939
6917.78927952
6920.18999621
6921.54121698
6922.56052717
6923.62670853
6924.73543984
6925.64150651
6927.79927375
6930.11366386
6932.95460011
6937.01226999
6940.27743733
6943.01787762
6944.62280905
6945.30981836
6945.26186689
6946.66231458
6948.70642708
6951.00891993
6952.80169147
6954.47184526
6955.34875074
6955.61000957
6955.6408156
6955.83986995
6955.89672171
6955.55825963
6956.04698126
6956.62282401
6958.20382849
6960.2362598
6962.16738665
6963.15834415
6963.57514555
6963.16690293
6961.52887244
6959.99407004
6959.05236037
6958.2285012
6956.37358093
6955.08402101
6953.6150543
6951.46570644
6950.56526431
6949.62307374
6948.62192656
6948.01492232
6947.19326557
6946.46003327
6946.69652879
6947.26145004
6947.68784174
6948.32575655
6949.13558574
6949.47269571
6950.82627224
6953.01483853
6955.35162923
6957.49770132
6959.53081565
6960.28638581
6960.40024963
6959.18369024
6957.63373573
6956.70583302
6956.71832968
6956.40421969
6955.78581303
6955.83740965
6956.08866697
6956.48461506
6957.46224651
6958.53387119
6959.53398686
6960.6777339
6962.05660343
6964.17332616
6966.48979324
6968.62424686
6970.97142936
6973.20295683
6974.42660439
6975.64988953
6977.43661138
6979.48710115
6981.26834482
6982.58342775
6984.25133033
6985.72824945
6985.81627664
6985.69489949
6985.80202362
6985.8456051
6984.96391143
6983.43020327
6981.70403409
6980.47583531
6979.24021382
6977.57156549
6975.34564166
6972.61148106
6969.77241268
6966.95727126
6963.82543409
6960.76556593
6956.85032167
6953.70357633
6951.14638313
6947.94056967
6945.23685267
6943.66882576
6943.32364489
6943.49831229
6943.8986025
6943.81928045
6944.13279802
6945.46760517
6947.10164899
6948.83420241
6950.36763179
6952.00439378
6953.60292703
6955.84553631
6957.56219186
6959.19774811
6961.33128173
6962.69090098
6963.939277
6964.66156689
6965.035895
6965.93313107
6967.27711033
6969.23151595
6971.3183875
6973.21485409
6975.10021099
6977.23543825
6979.38571307
6983.06945908
6986.88440254
6991.42930951
6996.29540071
7000.7274893
7005.93200774
7010.44329989
7014.57656303
7018.2016591
7021.89190087
7024.91110088
7028.50251244
7032.00513015
7035.9248838
7039.21666839
7041.76708705
7043.91911823
7045.22642299
7045.04242317
7044.39486927
7042.69628612
7041.11458467
7039.99371913
7038.54806603
7035.97868981
7033.09337754
7029.70227487
7026.26461468
7023.09995723
7019.2920671
7015.74593762
7011.95285808
7008.99717982
7006.17045477
7003.20127622
7001.42131497
7000.32541486
6999.4606436
6998.4944982
6997.49261224
6996.22959289
6996.96406579
6997.46855984
6998.12074858
6998.70819587
6998.11794676
6997.44174047
6995.45676579
6992.05831009
6989.83896565
6988.13053433
6987.04306753
6985.56450356
6982.01187135
6979.5238802
6977.86830004
6975.12272309
6973.42066207
6971.57524846
6969.9275998
6968.14517825
6967.59492819
6967.80516192
6968.0533944
6969.56960864
6971.60433994
6973.37804241
6974.17513798
6975.12418673
6976.46724599
6979.42959424
6982.17830755
6985.59955413
6990.29262277
6991.97810987
6995.21006664
6997.3745666
7001.01536538
7004.54600124
7009.59255862
7013.95751517
7017.25214339
7018.77038581
7021.00549569
7023.58253857
7025.15880366
7026.73095663
7027.08292598
7026.36658124
7025.96889073
7025.21372482
7025.8908999
7026.95775035
7027.39021961
7027.83216765
7028.87601813
7029.62337798
7029.50496295
7029.87338076
7030.73309203
7030.9966857
7029.89791407
7029.18247539
7028.39859436
7027.82484948
7027.514071
7027.28414093
7027.36052873
7027.44298016
7026.07880274
7023.54922345
7021.75501616
7017.91778363
7013.39862269
7009.34673765
7006.5285435
7003.13463205
7000.44569777
6997.82867675
6995.10129766
6993.42550539
6989.6403713
6987.50241889
6984.20678704
6981.30556297
6978.22209545
6976.79608293
6975.29971837
6975.62467319
6977.39177537
6979.44648877
6981.06816139
6982.49917814
6985.41677401
6988.79037579
6993.36463909
6998.53396756
7003.27610282
7007.87699731
7012.33023194
7016.87283892
7020.18272379
7022.73669699
7025.52157603
7027.633183
7028.23857028
7028.84388785
7028.65082744
7028.68511832
7028.47107914
7027.40290445
7025.37110042
7023.14484204
7020.83125344
7019.23923685
7017.67182327
7017.20224737
7016.27560618
7015.58756535
7014.48866827
7012.99866006
7010.70183357
7008.7045086
7006.87230255
7004.74999013
7003.02642064
7001.71669741
7000.53660343
6998.90063598
6997.5412537
6996.22374532
6994.4665192
6991.76812008
6989.19580962
6987.31411181
6985.9341341
6984.96476173
6985.59930322
6987.20240859
6989.15537148
6990.89739671
6992.43973335
6994.24084761
6996.12937572
6997.01032363
6998.06855257
6998.92480686
6999.24894624
6999.85123897
7001.68543138
7004.23998306
7005.99542495
7008.20231456
7010.06922966
7011.63255901
7012.88984926
7013.06236303
7013.21910439
7013.02411337
7012.13922759
7011.14017132
7010.60910185
7009.99566458
7009.96544401
7010.42401476
7010.67465178
7009.67225703
7007.7594953
7005.54714842
7002.87215352
7000.05651028
6997.15677772
6995.56846204
6994.83594065
6994.94803417
6995.2777493
6995.68766465
6995.63736439
6995.10211311
6995.10752159
6994.54859427
6994.22924308
6993.91228945
6993.71030784
6994.05943355
6994.86023002
6995.5210333
6996.65893974
6997.35419419
6997.79205103
6998.35315289
6999.50540992
7001.03248294
7002.75280455
7004.63632146
7006.42723906
7008.04271563
7009.4445015
7011.32573931
7012.38182159
7013.7521184
7014.944946
7015.82477875
7016.17124204
7016.6252128
7017.45597197
7017.92363817
7018.42817403
7018.34858017
7018.02929867
7017.698099
7016.84371955
7015.85735508
7014.78987039
7013.91454703
7012.87924139
7012.05612101
7010.5381504
7008.59074932
7007.91514242
7007.95958116
7006.51868139
7004.49857947
7002.20527964
7000.99835934
6999.17817601
6996.97677154
6994.46283224
6991.93627779
6990.21210194
6988.89632901
6988.35422653
6987.85542672
6986.98698244
6987.01098605
6987.3884784
6987.39282052
6986.44060753
6986.51274382
6987.63161604
6988.55466784
6988.97120439
6989.07094763
6989.00175255
6989.28944741
6991.2077361
6993.44228841
6995.89742444
6998.19861395
7000.06075482
7002.13374275
7003.43749993
7004.42283985
7005.10201523
7007.05408601
7007.80198253
7007.95291814
7008.245903
7008.37465408
7008.1258013
7007.92190302
7007.03176906
7004.31319966
6999.75185816
6996.59142435
6993.67709029
6991.13875707
6989.57082076
6989.40248881
6990.29607974
6990.39252631
6989.06880793
6987.72767927
6987.55428036
6985.6480562
6984.35195174
6982.95877344
6982.12825124
6980.457742
6979.59267105
6978.58838053
6977.7003096
6975.32252319
6974.02593782
6973.03857669
6970.14346504
6968.24067694
6966.26614286
6965.58456293
6965.29792049
6964.90979239
6963.81898712
6963.35730789
6964.1338359
6965.07795011
6966.22819986
6968.96852864
6970.0161985
6971.52602154
6971.57611967
6969.49592508
6968.32455019
6966.53195986
6965.44933004
6963.71658844
6962.54370112
6961.39586985
6959.21477506
6957.97412145
6955.77157396
6953.37374969
6949.34301766
6946.04082035
6943.22399923
6941.12224042
6938.94596866
6938.45366461
6938.29464416
6937.34494026
6936.50288323
6935.59943019
6935.4059725
6934.26992697
6935.19292302
6936.94370915
6939.17125692
6942.27413503
6946.3693576
6950.47675622
6954.76998072
6959.00507103
6963.82698136
6968.15517976
6976.034714
6983.04536487
6989.98306399
6996.15186691
7000.50158771
7003.56529616
7005.55120478
7007.30367061
7008.66522046
7009.18446933
7009.74240696
7010.39509055
7010.51857951
7009.92150011
7008.97544833
7006.19752505
7002.10549459
6996.149086
6989.86966713
6984.02445995
6978.28868386
6974.49359008
6971.97751108
6970.32584092
6968.36061137
6966.92139826
6965.34247075
6964.43518438
6963.44725871
6962.45333212
6961.68581592
6961.15752039
6962.15521757
6964.79141918
6967.64011966
6970.54241707
6972.37076887
6973.33280912
6973.41942843
6973.81969773
6974.61951147
6974.69889624
6973.75146446
6972.10295157
6970.69995994
6969.16574996
6966.72651179
6964.76011133
6962.89564956
6961.16622553
6959.03574463
6957.34172663
6955.75647064
6955.12115552
6955.39910675
6956.29682373
6957.0961496
6957.45473318
6957.8971691
6959.19494629
6960.75729291
6962.88059503
6963.6567885
6964.91560512
6965.3758486
6966.27192073
6966.9967894
6967.26147732
6967.82036282
6968.67970469
6969.82918778
6971.06051594
6972.06591463
6972.83215538
6973.94956396
6975.40158736
6976.68846395
6977.5959385
6978.29546537
6979.28826983
6980.4379202
6981.40154954
6981.90324873
6981.46325917
6980.89046217
6980.08816025
6978.96942046
6978.43364645
6978.83468241
6979.15282785
6979.53315686
6980.01414214
6980.8056968
6981.94839839
6983.10824541
6983.7381869
6983.95019093
6984.40444745
6984.97315324
6985.89563353
6987.95739329
6990.74604292
6993.15530445
6995.0513668
6997.27032791
6998.18991578
6999.69614943
7000.32237607
6999.89578923
6998.96556561
6997.7627156
6996.31458826
6995.26159356
6994.69768988
6993.95951607
6993.53229498
6993.50273653
6992.75488879
6991.77796128
6990.85099948
6989.5215799
6988.37349772
6987.02662604
6985.47862304
6984.49369433
6983.67175878
6983.55371314
6984.16165132
6985.57196113
6987.06638115
6988.28067539
6989.44653725
6990.34466544
6990.72026901
6990.58875096
6990.69055025
6990.21141891
6989.71539304
6989.06562975
6988.47604974
6988.10988313
6987.42603109
6986.26554983
6984.68041929
6982.55502626
6980.61663002
6978.15185491
6975.2041221
6972.46097757
6969.5740344
6967.03903269
6964.97746808
6963.54116134
6963.16245626
6963.5270059
6963.83363044
6963.89449674
6963.48232322
6962.82880326
6961.77925856
6960.5502513
6959.59840771
6959.1131988
6958.69704558
6958.62025353
6958.02351564
6956.88410375
6954.96664446
6952.24875809
6950.23888767
6947.94292542
6945.99688343
6944.16015405
6942.68671977
6941.89800177
6941.02837961
6940.90423549
6941.69712136
6942.70484096
6943.69238331
6945.08225798
6946.72108998
6948.30481264
6950.53831949
6953.78913624
6956.85704742
6958.44057492
6958.70499799
6957.93359967
6957.34661238
6956.20294201
6955.67688375
6955.25674387
6954.61901723
6953.59111341
6952.08559764
6950.16072957
6948.56308844
6946.47275992
6944.60034573
6942.73700608
6941.65637656
6939.6371807
6937.71803474
6936.47725568
6935.0939116
6933.74892871
6932.41552943
6931.01422447
6929.72727121
6928.21778272
6926.81274898
6925.09253191
6924.38347747
6923.41603571
6922.94032649
6921.37384684
6919.2089287
6918.12089737
6918.41620313
6919.71358305
6921.60800751
6923.09361088
6924.82077673
6925.70470069
6927.365076
6928.44807522
6930.09023873
6932.2565299
6935.25553872
6936.96476458
6938.1064695
6938.45535824
6938.70319345
6939.66981279
6939.57694167
6938.20153607
6937.36757085
6936.18849445
6935.91819593
6935.76584548
6935.19988574
6933.49072957
6932.50126359
6931.334879
6928.65426653
6926.54829803
6923.33913215
6921.20117277
6919.27836772
6918.06278409
6916.23094744
6915.16007548
6913.15748839
6912.50631722
6909.45579542
6905.68229374
6903.89283978
6901.7070962
6900.85833432
6899.907578
6899.25612805
6896.83931834
6895.06355285
6892.39685188
6889.9662631
6888.40050133
6886.90966373
6886.57886133
6887.83321735
6888.73312281
6890.63061395
6892.642638
6897.00567787
6899.7546421
6905.20371301
6910.3400609
6913.56149344
6920.58827217
6924.63660267
6932.26120656
6937.11729625
6944.42757409
6949.08350822
6955.70909766
6960.08149086
6965.72429825
6970.98677662
6974.0498578
6979.71507274
6982.60012016
6986.52343533
6987.6892484
6989.21530385
6989.98611671
6991.30812054
6993.53136105
6996.01791644
6998.15689339
6999.72410485
7000.66466452
7001.11665588
7000.19356226
6999.25868986
6997.2194213
6995.86179538
6993.42517085
6990.86657674
6988.74159493
6987.06522418
6984.53580519
6981.57795239
6977.60346576
6972.79697239
6967.53696825
6962.9151856
6959.23729413
6956.80162444
6953.91708581
6951.14277283
6948.79580639
6945.45666973
6941.98570835
6938.88264903
6936.10565271
6933.86551071
6931.07267926
6928.97545772
6928.65286562
6928.67137015
6929.49515963
6930.60336822
6933.03509306
6935.12880187
6936.67122215
6938.97665621
6942.31947286
6946.09581121
6949.92869465
6953.23223013
6955.69154101
6957.6933684
6959.18426176
6961.45720312
6963.61830884
6964.56476486
6964.66054234
6964.37450626
6963.76276263
6962.82540205
6961.16336099
6959.19661902
6956.58681163
6953.78290534
6950.33171697
6946.31144645
6942.4747018
6939.31699314
6936.59787313
6934.00443057
6931.2181576
6928.91049324
6926.73992966
6925.27536779
6923.71260299
6922.14150941
6920.64639242
6919.67786338
6920.37049027
6921.28487875
6922.8230266
6925.70232403
6929.59541165
6933.94429609
6937.90699697
6941.85206454
6945.18838545
6948.04003411
6949.7407012
6951.1001462
6952.35972252
6953.26509919
6953.49578896
6953.64533063
6953.55651587
6952.67901099
6951.20446852
6949.71339395
6948.45075097
6947.27984305
6946.1172221
6945.09301221
6943.74870537
6942.86931868
6942.77493514
6943.69448119
6944.74452074
6946.39093576
6947.80903768
6949.22156384
6950.02756667
6951.29620358
6952.77418211
6953.49956653
6953.66920182
6952.46349423
6951.42138619
6950.56452553
6949.14823573
6948.58180206
6948.58024085
6947.93448513
6946.95180763
6945.71739189
6944.00742724
6942.62133711
6942.45353485
6943.10251057
6943.07833271
6942.63174285
6941.98993895
6940.84419161
6938.91682839
6936.42011119
6933.3571694
6930.54020192
6928.00756293
6925.0889704
6923.70743148
6922.68782856
6921.99676288
6922.02762467
6920.72368628
6918.0746465
6916.20038535
6914.57991151
6913.49425684
6913.50233471
6914.10480168
6915.42356461
6916.85989923
6918.01433778
6918.62434595
6918.71610192
6918.57918236
6917.52303736
6916.66014792
6917.44753471
6919.10117032
6921.87674482
6924.79347645
6928.0691959
6931.19798732
6934.25202184
6937.37051206
6940.12117688
6942.88124382
6945.48937848
6948.87109298
6952.01155166
6954.21734703
6955.38596889
6956.23475865
6957.16869711
6956.49512535
6957.00051152
6957.93344634
6959.96934855
6962.18097058
6964.30956269
6965.59077293
6966.02006401
6967.03940208
6967.97844933
6969.00195527
6969.78828267
6970.8997461
6972.69614885
6974.33415146
6975.93566076
6977.03442542
6977.31793847
6976.61130948
6974.27973212
6971.34526263
6969.15783239
6967.32628846
6966.27761497
6964.66929627
6962.59591107
6961.08137653
6959.36097128
6958.26746873
6957.75217864
6958.40198375
6960.42210658
6963.16539747
6966.29636343
6970.15114564
6973.95535577
6977.9709357
6982.09421127
6985.75376549
6989.05332128
6993.95133366
6998.95844259
7003.96939182
7008.13369099
7011.31757084
7014.08315777
7015.87072992
7016.55695166
7015.88749899
7014.66095204
7013.93610428
7013.62009853
7014.09589139
7013.72747358
7013.13216448
7012.91580439
7012.26506534
7011.97626927
7013.45469385
7015.01831592
7017.81700191
7021.91713114
7024.53118308
7027.02675028
7029.33566918
7031.64932747
7033.04793517
7032.43244184
7031.18528551
7029.05966946
7027.19841374
7023.43234175
7019.85619381
7013.73940569
7008.91580869
6998.87520358
6993.49321593
6986.37378214
6979.00780254
6972.88373806
6969.35977916
6967.40194445
6966.17658234
6965.80182908
6966.1029615
6967.14115259
6968.33673321
6969.80518417
6973.25861677
6975.32400077
6978.79466942
6981.67519351
6986.0848397
6988.26127177
6991.07218957
6992.45531061
6992.45147728
6992.39604036
6992.26586049
6991.77337523
6991.2470103
6991.11984831
6990.45826442
6990.6022164
6990.68914934
6989.6795549
6989.81816809
6991.41794195
6992.21788812
6993.245548
6994.04893023
6995.76225427
6996.74454147
6997.4306029
6998.03588563
6999.02363707
7001.56626362
7003.17933564
7003.82676408
7003.95808001
7003.08847179
7001.73307618
6999.96835764
6998.33757563
6996.48813354
6995.0850304
6993.67565454
6991.94513627
6991.00836114
6990.40715569
6990.65509544
6990.76732139
6990.06732057
6988.33471836
6986.95871338
6985.37756253
6983.51344925
6982.27808563
6982.68012523
6982.38035886
6981.74009526
6981.37624259
6981.26312453
6980.61233669
6980.20835255
6980.1443011
6979.35671916
6978.48315215
6978.0213614
6977.85570581
6976.66712276
6975.57700749
6974.4986222
6974.50426765
6974.1059429
6972.50322783
6971.27357936
6969.53160292
6967.16194317
6964.8570179
6962.23412143
6960.69158267
6958.97335197
6957.23272765
6956.20897079
6954.66238264
6951.97073018
6949.51980385
6946.9211619
6944.24747033
6941.65052202
6937.9758366
6935.50105999
6932.94256345
6931.55594363
6931.1773431
6931.34915989
6931.25674878
6929.88804802
6927.37142539
6924.93396449
6923.58581039
6922.4399585
6921.90684691
6922.01625711
6922.92117378
6924.13370469
6925.87036325
6928.11217798
6930.04794665
6932.59833743
6934.65910052
6935.63188804
6935.72696855
6935.57705052
6935.41184795
6936.27485588
6937.05767055
6936.96967821
6936.44858934
6936.26253347
6936.56687195
6938.10851162
6939.59341104
6940.76282745
6942.54107416
6943.76403869
6944.48614736
6944.50944704
6944.42652864
6945.02121047
6947.29259062
6950.41707477
6952.82556266
6954.96855415
6956.71940301
6958.14966703
6959.03263615
6958.98301196
6957.7472441
6956.40195454
6955.33863772
6954.1388265
6953.79014685
6953.51499046
6951.70726893
6950.44692595
6949.82527142
6948.26691843
6945.65520135
6941.98710926
6938.64289866
6936.33931854
6933.98945271
6931.3749826
6929.53224535
6927.8040898
6926.14738752
6925.03064106
6924.77819192
6925.19522332
6926.33253734
6930.00055973
6934.16747253
6937.94592269
6941.49121581
6945.89553717
6951.55962302
6957.18722254
6962.13034275
6966.80156838
6971.7430298
6976.23772713
6979.89091105
6982.3171159
6982.71654883
6981.48304612
6979.32586434
6975.72772703
6970.9862748
6967.01921786
6963.78841109
6960.5579319
6956.60588767
6952.31917286
6948.52058727
6945.70001645
6943.36600667
6941.29244025
6939.96753703
6939.19556023
6938.67793529
6938.40341314
6938.8749057
6939.31659587
6940.82681617
6942.51094419
6943.39990724
6944.13210105
6944.98797898
6947.1762177
6949.79957417
6951.46631281
6951.86451211
6951.61138691
6950.57948945
6949.27729348
6948.27542145
6947.22682462
6946.52053018
6945.95558802
6946.02300583
6945.2482969
6943.50833471
6941.97784654
6939.62043253
6937.47298044
6934.9794902
6932.86007717
6931.18066764
6930.48116864
6930.2905755
6930.52799799
6930.23051071
6929.21799597
6928.4333622
6927.6136709
6927.269877
6927.36090116
6927.72686564
6928.20853394
6928.67031076
6928.91696111
6928.9256105
6928.3079496
6926.96893276
6926.1431151
6924.82660339
6923.20451258
6921.4045762
6920.35777058
6919.90695709
6919.82279809
6919.33592342
6920.02222183
6920.61396245
6921.34404445
6922.09210127
6923.40484935
6925.23295025
6926.88055709
6928.40001921
6929.83835413
6930.61710548
6930.38666661
6930.45076685
6931.21672185
6932.12009125
6933.46655172
6934.67054476
6935.49597211
6935.04739589
6934.55593517
6933.56715222
6932.51970539
6931.29333965
6930.36431482
6929.60408194
6927.9696757
6926.29566071
6924.13871589
6921.34103354
6919.42256364
6916.90616403
6914.02041965
6911.19379217
6908.48493155
6907.63283119
6907.41969807
6907.54874188
6907.78729346
6908.73629342
6910.5017368
6911.88742966
6913.98212817
6916.7648466
6919.58837256
6924.29324089
6926.52918714
6929.88657742
6933.66734152
6936.70666999
6939.55270805
6942.86510898
6943.95913425
6943.94093639
6943.45580415
6942.80788086
6943.11582964
6943.29025311
6943.15327779
6943.13483599
6942.70436005
6942.83357114
6943.76480536
6944.78168313
6947.33878572
6949.00409557
6949.82865172
6951.13326617
6951.2945448
6951.15212615
6951.71711013
6953.09379815
6953.34434457
6952.53459901
6951.66560412
6949.80217387
6948.16836701
6947.82870614
6946.15542297
6945.33711166
6944.14344074
6943.26026253
6943.275561
6943.51149197
6944.03006479
6943.89383523
6943.04709456
6941.79038279
6939.98627156
6937.61531545
6935.90072292
6932.45361182
6930.97404421
6928.04255078
6925.8949802
6922.49812753
6919.3971173
6916.4732975
6914.06181264
6910.37703511
6907.68240659
6905.1857103
6903.06967757
6902.08127795
6901.46077342
6900.87819794
6900.49602893
6900.35885846
6900.59506125
6900.84610949
6901.49652096
6901.92271053
6901.49962944
6899.66851067
6897.89048002
6896.77398447
6895.9791192
6895.22946632
6894.34718023
6894.0644896
6894.210184
6893.64938184
6894.4779804
6895.99813949
6896.98304032
6898.32918019
6898.90309931
6899.18224933
6899.89770195
6901.44690374
6903.4546484
6905.06987405
6906.78418779
6909.45676421
6911.43727132
6913.49342048
6913.99637422
6914.59520301
6915.73830187
6916.65800822
6917.36405873
6918.63115534
6919.53844171
6921.56864271
6924.02681752
6926.36277185
6928.46646126
6929.18488994
6929.40636578
6928.82622272
6927.2813979
6925.20435362
6923.31683611
6921.34005081
6920.15488988
6918.60913809
6917.33389391
6916.52676199
6915.63595197
6913.53884195
6910.73010567
6908.33829624
6905.17736061
6901.28697026
6898.72730979
6897.28238851
6896.26169832
6895.79363484
6895.37854102
6895.53372116
6895.43553914
6895.06551133
6894.71541683
6895.4773294
6896.16724508
6898.05489501
6901.54454909
6904.17917555
6906.67462427
6909.3830458
6912.26738231
6914.55830547
6915.84845085
6916.53937713
6917.18737709
6918.36133076
6919.18957387
6918.75343158
6917.26080277
6915.68395223
6913.59543583
6911.14870525
6908.1666258
6905.61830502
6903.92038399
6902.93051377
6902.21605085
6902.04774677
6902.43749881
6902.92846468
6903.12724024
6902.92828347
6903.31709459
6903.81604773
6904.11448289
6905.61214381
6906.80906262
6906.97740851
6906.9761679
6906.02806006
6904.49638705
6901.5794533
6898.72435464
6896.03898884
6893.58115554
6891.16394856
6888.74380735
6887.34327602
6886.31660584
6885.49293484
6884.97999354
6885.54922903
6886.28726344
6888.04523532
6890.80130165
6893.92134611
6896.95799823
6899.63758615
6902.54688112
6904.39895775
6905.63513682
6907.11128231
6908.98505559
6910.89337065
6912.37143281
6913.9961721
6915.04504771
6915.36237073
6915.20359422
6914.82584399
6913.55823859
6911.84041213
6910.41424628
6909.99106762
6910.39581842
6911.39559258
6912.4776718
6913.90219977
6915.53710783
6916.23395834
6915.82717936
6915.48884272
6915.08279556
6914.27904393
6913.97991181
6913.9519982
6913.80901501
6914.83068096
6916.07994213
6916.06911124
6915.86521992
6915.56927295
6915.98043587
6915.99422889
6915.68329708
6913.16125899
6910.05489604
6907.53975795
6905.47341213
6903.54220164
6901.95488959
6901.0979453
6900.42605324
6900.75316867
6900.44515019
6898.87360358
6898.64739532
6898.56467207
6896.69602152
6893.55690102
6891.10604438
6890.30936003
6890.85951251
6891.65573686
6892.56162929
6893.31214642
6894.59696695
6896.5235426
6897.13120199
6897.54693006
6897.68632386
6898.57716873
6899.92404041
6900.83099223
6901.68839653
6903.40074481
6905.68707495
6908.15987217
6910.05516089
6912.53593144
6916.0333846
6919.69998518
6922.7000046
6925.08143616
6926.63331431
6928.14281674
6929.29806376
6929.82601778
6930.55247554
6931.29926388
6932.19193481
6932.82435751
6933.40657056
6934.45920285
6935.62682804
6936.73252754
6937.42596988
6937.43519078
6937.51329312
6938.2059688
6939.24896199
6940.2584728
6941.67884684
6943.11044904
6944.99538079
6946.93271764
6947.64373754
6947.89486244
6947.65842268
6947.40968141
6946.78085507
6945.30600594
6942.79314694
6938.93948685
6936.22111957
6932.07262766
6929.62521404
6927.34363026
6925.64188287
6924.96769779
6922.59603774
6921.31725993
6919.41924607
6917.06681539
6915.69876979
6914.73472924
6913.95043699
6914.17102071
6914.88735151
6914.97130839
6915.13344429
6916.62193311
6917.44154077
6917.89442426
6918.23727028
6917.73313866
6917.40656687
6918.6803265
6919.50958022
6920.32856758
6922.86914504
6923.52596863
6924.56589516
6924.89659301
6923.9081934
6923.3814312
6922.96476919
6922.48042452
6921.51762457
6921.26847907
6922.02771528
6923.01701398
6923.13552659
6923.68018696
6923.43620599
6922.52190812
6921.879463
6920.67471027
6920.6199982
6920.34567817
6920.12072446
6919.66090613
6919.32896767
6920.02058395
6920.84249858
6920.78002228
6920.03466272
6918.9193102
6916.71983634
6915.03865651
6914.06101809
6913.22538711
6912.17662998
6911.67742593
6911.89145814
6911.60303843
6910.97529936
6910.67232694
6910.77485108
6910.80473014
6910.07025026
6909.08737761
6909.67357036
6910.28415702
6912.2242469
6913.97607151
6915.11004704
6915.59786959
6915.36520739
6915.03327591
6914.5622085
6913.99505695
6914.19327493
6915.18403727
6915.56681265
6918.62757989
6921.06507563
6923.24010679
6925.46905547
6927.13856108
6929.34480947
6930.93134789
6932.41504853
6933.9829012
6935.38978888
6937.53195795
6939.36125067
6941.87990845
6944.14736467
6946.3881897
6948.84642028
6950.8576916
6952.57115504
6954.23902973
6957.3902287
6959.45973875
6961.83693274
6963.04531668
6964.81906097
6966.04472974
6968.15143703
6970.82011042
6972.94905102
6974.81779915
6975.93286592
6975.76134882
6974.7954613
6972.98918947
6971.0912453
6969.03248251
6966.35950882
6963.54658376
6960.86335765
6958.54480664
6956.83303684
6954.72607167
6951.64353809
6948.71182859
6945.19844271
6943.44233174
6942.16493393
6941.88091209
6942.93849982
6944.53832246
6946.68442244
6948.80299911
6951.28280087
6953.9990424
6957.11411049
6960.47233017
6963.0014843
6965.18386151
6967.2672064
6969.84650049
6971.81207155
6972.4195567
6972.15403939
6971.47549825
6970.78701834
6969.7841357
6968.95726562
6967.57945548
6966.55309893
6965.3358147
6963.22673074
6960.70122872
6957.23407977
6954.09862533
6950.64119909
6947.87215519
6946.06361821
6944.26568213
6943.22296075
6942.15254879
6940.7066866
6939.92472223
6939.67743763
6940.395246
6941.97752593
6944.57545697
6948.05108804
6951.0710826
6954.74011559
6958.46372823
6962.11705155
6966.57693527
6970.71734234
6974.72292076
6979.33232524
6984.68053778
6990.7701929
6996.62159614
7002.30206773
7006.17430901
7009.21162324
7011.37277775
7011.40573044
7010.51618194
7010.55648766
7010.94207182
7011.028719
7010.96435392
7010.85952978
7009.87163895
7008.56093996
7006.61704463
7003.87787282
7000.10691508
6996.62948583
6992.94210164
6989.1248303
6985.68154556
6982.08119189
6979.39662064
6977.98862477
6975.94475621
6973.09771451
6970.79543075
6969.21116446
6968.35627622
6967.88526457
6967.67266115
6967.57243004
6967.81077252
6968.06271288
6968.96530167
6969.55534866
6971.29328268
6972.21675266
6972.75470122
6972.68653765
6972.10523762
6972.24667354
6972.31767377
6972.18847663
6971.89529662
6972.21901084
6972.46976635
6973.71913904
6975.3453559
6976.27774012
6977.74673471
6979.05201128
6980.70637872
6981.6705726
6982.99808249
6984.96688052
6986.2924598
6987.85287582
6989.04514584
6990.05742361
6990.98152087
6991.47296068
6992.23347234
6993.53746649
6994.62852268
6994.67135839
6995.2770593
6995.12746187
6995.03956014
6995.03316197
6995.4809297
6995.90707049
6995.68811071
6996.45277631
6997.92106696
6999.50660871
7001.15708706
7002.74865062
7004.06521112
7005.31059018
7005.79360363
7006.57761709
7007.26542095
7008.63070655
7010.26594916
7011.80110005
7013.82258197
7016.12222421
7017.96908055
7019.76844541
7020.73256263
7021.04006536
7020.62857486
7020.34372363
7019.32837919
7018.56944964
7017.57055367
7016.48367234
7015.28501808
7013.2225962
7011.47435401
7009.50040538
7007.73816805
7005.33288621
7002.84126386
7001.73967647
7000.29732004
6998.71438495
6997.58071609
6996.99479516
6996.42173331
6996.39575727
6996.16506053
6995.31908653
6993.82217136
6992.31049439
6990.67203178
6987.5876582
6985.48373182
6983.02410731
6980.17071622
6977.53761613
6974.33922539
6973.0293767
6972.01892498
6971.02188992
6969.95423099
6967.84057492
6965.43915429
6964.84964397
6965.21305058
6966.42606239
6967.17662134
6968.62956474
6969.66327431
6972.00012773
6974.41923743
6977.3240718
6981.28117602
6986.38161607
6989.11095365
6992.8289766
6994.92054572
6998.07667226
7003.17321625
7005.67102072
7008.57697024
7009.27404379
7009.74693725
7010.65779907
7011.12611345
7011.13379405
7009.20779688
7007.56784277
7005.93497682
7000.46322654
6997.01727241
6990.98926419
6988.09694042
6984.30569391
6981.85266272
6978.3149805
6975.8104921
6973.01416884
6970.78742258
6969.58835711
6967.19299314
6965.75525761
6964.05974809
6964.02280874
6964.06399263
6963.65762486
6962.09952278
6961.16575159
6959.394147
6955.20484058
6953.21723136
6950.23465707
6948.36765833
6947.49896314
6947.74318108
6947.40017475
6946.63077673
6945.86151811
6945.68721313
6944.76283709
6942.38500189
6941.49109036
6940.50841983
6941.38786925
6942.10327308
6942.76790969
6942.67173494
6942.01616589
6940.08017419
6938.72628403
6938.28807174
6936.98188911
6936.76605175
6937.13756411
6938.15012067
6939.08523004
6940.42544567
6941.91171812
6942.73837214
6943.73636205
6944.82321551
6946.6933297
6949.32389283
6952.52176084
6955.36280861
6957.43415169
6959.57191591
6960.60276791
6961.29681661
6961.29321328
6960.60257973
6960.3428612
6960.07017208
6960.63405485
6961.68831107
6962.38293129
6963.19687956
6963.29960582
6962.51802479
6960.63398516
6958.68650741
6957.35986176
6956.31869462
6954.97955232
6952.28721684
6949.32654828
6946.27093164
6943.19959835
6940.12325385
6937.67583327
6935.47878486
6932.36958524
6929.87975409
6927.43150412
6924.62510965
6921.58684754
6918.44958795
6916.06762669
6913.96728273
6911.24121394
6908.69515831
6907.15525409
6905.4212231
6903.58622917
6901.30377418
6898.5253212
6895.09174524
6892.55248506
6890.97479118
6890.29271641
6890.64621908
6891.14558343
6892.05721888
6893.19209351
6895.0776595
6896.52897199
6897.59741153
6898.90113386
6901.0004254
6902.77495029
6905.03092046
6907.85819611
6910.9108367
6913.18090655
6915.26827295
6916.51645382
6917.3551654
6917.10832686
6916.85970408
6917.38976991
6918.42518706
6920.24091676
6922.07942341
6924.1175141
6925.85898175
6926.26958013
6926.546465
6926.96666761
6927.37806053
6928.10841435
6929.69953185
6930.23663707
6930.79729984
6931.87721149
6932.83628265
6933.9570785
6934.86170941
6935.18066334
6934.88417969
6934.79979766
6934.71757622
6935.17181183
6935.8180833
6936.69787424
6938.31328808
6939.85587563
6941.28906692
6941.99394652
6943.00340157
6943.05634334
6942.56634625
6941.91157176
6940.9426803
6939.79676569
6938.34239351
6938.04455078
6937.8233816
6937.03796724
6936.38225183
6935.73386854
6935.39708615
6933.86473011
6932.7620206
6931.38361107
6930.41497053
6930.14423989
6931.16281826
6933.63767155
6935.46260124
6937.95593117
6940.3256188
6943.21272227
6945.94711984
6948.83499695
6951.81114519
6954.06333779
6955.29476352
6956.37702396
6957.86600762
6958.45805491
6959.30943739
6960.82501042
6960.83198011
6959.16013269
6956.80167323
6954.32099329
6952.19431087
6948.4028483
6943.62753034
6938.30189264
6932.48079361
6926.80923625
6921.79604975
6918.65846259
6915.35901831
6912.82252509
6910.56116038
6908.83139484
6907.02735331
6905.95870468
6906.39228212
6906.48394052
6906.20847746
6906.46013206
6906.38319365
6907.80439011
6910.14180807
6911.87496785
6913.39023422
6914.9586375
6916.47220326
6918.7810664
6920.69187661
6923.47021808
6926.34088702
6929.62099738
6932.06198494
6934.15824466
6937.1283223
6940.71350295
6944.02250965
6947.20474465
6950.30765063
6953.0681706
6956.25600226
6958.9384617
6960.75525079
6962.09744581
6962.04004345
6961.35249747
6960.67730178
6959.66024977
6957.95881601
6956.25804438
6953.86747556
6950.05852603
6946.15693539
6941.5559712
6937.23754431
6932.7774515
6928.22523332
6923.58701614
6919.35725067
6915.47466638
6912.58014715
6909.97814581
6908.02548261
6905.58765232
6902.80330299
6900.45648988
6898.66378107
6896.99231698
6895.83081117
6896.36146246
6897.33151785
6899.06681036
6901.3121169
6903.52230318
6906.2329341
6909.41737849
6912.94827224
6916.50792989
6920.36613421
6924.76862254
6929.19452205
6934.56039577
6939.8269096
6946.43399451
6950.27573642
6955.06419921
6959.46611602
6961.59779571
6964.42263894
6965.26096023
6964.76729708
6963.47387595
6961.787894
6960.10466508
6957.46931377
6956.15777145
6953.53746074
6950.49744923
6948.12544766
6943.03316215
6939.59954437
6933.45250082
6929.973594
6926.86677801
6924.68455414
6922.37767038
6920.59814822
6919.77075541
6918.46933308
6917.76094773
6916.05313671
6914.58986423
6912.8943129
6912.0398289
6911.77597038
6911.74027162
6912.06059858
6912.83529356
6912.76424454
6913.71049147
6913.70440693
6912.72469852
6912.00813772
6911.62602447
6911.36286291
6910.97861693
6910.62693334
6909.52549232
6909.18789448
6908.86351814
6906.72475028
6903.87717191
6900.97361997
6899.22196263
6896.0223731
6894.58168939
6892.71142187
6891.53866001
6889.91700133
6889.03169736
6889.18590176
6890.05863937
6891.42810679
6892.98718462
6895.36008528
6897.22121554
6898.14739673
6901.43272042
6904.57288637
6906.98708941
6909.05972188
6911.02645688
6914.33883691
6916.83054987
6918.94465897
6921.5269779
6923.70113088
6924.41833986
6925.10224766
6926.95907065
6928.68666862
6930.17167956
6931.80642732
6935.32918046
6938.8998781
6941.21881942
6943.37983453
6945.05529922
6947.11422231
6948.88515781
6950.23162525
6951.38639137
6952.95349829
6953.96458425
6955.26846688
6956.59465253
6957.40867747
6957.58473184
6957.45973045
6957.6313521
6957.94766451
6958.21769121
6958.53207301
6959.59950195
6960.83322768
6960.06692421
6958.92846019
6957.91030697
6956.41350332
6954.06703869
6952.24507112
6950.57757279
6949.1012182
6947.90671091
6946.51062625
6945.18541636
6943.78241079
6942.37214978
6940.08255783
6937.45536106
6935.06522436
6933.47371656
6933.11363449
6933.61244127
6934.70784654
6935.9436353
6937.50089405
6938.30006658
6939.26970379
6940.04672665
6940.6521418
6941.64856353
6942.26137353
6943.35181638
6944.66893445
6945.42446279
6946.40772575
6947.47967104
6947.55828914
6946.95998307
6946.29460071
6946.19735262
6945.99062465
6945.06675042
6944.70568563
6944.09111927
6943.48348776
6942.18167512
6941.17151613
6940.40510811
6939.5830053
6938.5341715
6937.80436829
6937.27545942
6936.84219561
6937.08301234
6937.95005572
6938.95638138
6939.77959934
6942.34159466
6946.21192624
6949.07497035
6950.58611066
6952.61934347
6954.78385737
6956.68546759
6957.86992459
6958.61863656
6959.53905383
6961.00972811
6962.02994437
6963.02423337
6963.35178092
6963.88923463
6964.68162565
6965.03564409
6964.48665555
6963.28250917
6963.29938279
6964.61579693
6966.57559709
6968.6390226
6970.48601833
6971.94681657
6972.78995391
6972.77369362
6972.53842477
6971.55713423
6969.99873943
6968.20203001
6966.5691571
6963.73863357
6962.23934173
6960.53254132
6958.49788669
6956.34973762
6954.11724834
6951.12542527
6946.83581804
6943.07526605
6939.84415958
6937.61326636
6936.80616929
6936.13701632
6935.54889297
6935.6954307
6935.87467022
6935.83425996
6936.08685546
6935.56663083
6935.26383265
6935.39070191
6935.71739219
6935.89095838
6936.44007935
6938.14169431
6939.38832792
6940.90622882
6941.86759301
6942.09652642
6941.7193268
6941.28212511
6941.09385288
6941.57981451
6942.31219651
6943.5917828
6945.80992149
6947.34024936
6948.54343391
6949.29889952
6950.03351182
6950.39229055
6950.26058432
6951.11381377
6952.75055486
6955.50503907
6958.70421739
6962.38505704
6965.97902648
6970.11890385
6973.33951396
6975.60606412
6976.12648391
6975.19061484
6974.28691787
6973.87031859
6972.51840085
6971.11085104
6969.99558913
6969.13118726
6968.22966483
6966.63205855
6964.94786084
6963.40827723
6962.44907364
6962.20097359
6960.75342473
6959.10804123
6958.05418228
6958.08521831
6958.46592369
6959.301478
6960.2185986
6960.93670667
6961.73453405
6962.31804347
6962.36496342
6961.48093491
6961.34927747
6961.26670755
6961.10921347
6960.29807398
6960.29106944
6960.93259455
6962.27921533
6963.20012744
6964.23132095
6964.72740955
6964.98500929
6965.61978078
6966.58554284
6967.87522125
6969.276575
6970.76198321
6971.65190808
6971.74039526
6971.39872015
6970.53713404
6969.38576913
6969.41894486
6969.27111076
6968.28072478
6967.56462398
6968.03580291
6968.77176732
6969.58996014
6970.68878056
6971.02090719
6970.95738544
6971.36621351
6972.49337269
6974.96409295
6978.50543425
6982.15593485
6985.74123399
6988.21590606
6989.8620632
6990.24964069
6990.46186775
6990.7758035
6989.63869857
6988.40093042
6987.85018551
6987.20404646
6986.97559397
6986.80990352
6985.95718983
6984.48997948
6981.79932369
6979.9374407
6978.72175252
6977.73484442
6976.50816504
6975.26442386
6975.49284151
6976.77158447
6977.76696772
6980.32366607
6983.3105546
6987.74851168
6991.0064863
6994.45141588
6999.10372578
7004.51721642
7010.13327414
7012.75821273
7016.64460248
7018.71616162
7020.44966292
7021.73905557
7022.19856723
7021.66594352
7020.09880872
7016.68756365
7013.83069469
7008.82012879
7005.79575727
7001.05333625
6997.99764991
6993.98109423
6989.51589961
6984.68865746
6981.69633258
6980.3709136
6978.17316822
6976.8603365
6975.91518381
6976.02568825
6976.77450477
6977.46734772
6980.70761932
6983.15707506
6986.14284843
6988.0455738
6988.7098689
6989.76428542
6990.53392041
6993.44152174
6995.43836581
6999.17556934
7001.60527297
7004.56417819
7006.88395588
7010.06069876
7012.36732463
7013.20211925
7014.6607987
7015.07921707
7015.55955417
7015.69547706
7016.27263012
7016.32095098
7015.56654477
7014.5176343
7010.68205359
7007.23850401
7005.00664896
7001.18957278
6997.75454713
6994.57617333
6991.42251406
6989.32426798
6988.16814277
6986.43216724
6985.68896828
6984.82664339
6984.15450739
6984.46627557
6985.34458196
6986.78845779
6988.58036509
6991.13065133
6993.65418092
6995.46825881
6997.46972377
6999.81568658
7001.98268169
7003.76324233
7005.56342265
7006.99326152
7008.1002086
7008.29549931
7008.01951353
7008.24631421
7008.58015539
7007.38104811
7005.59808292
7003.6963124
7001.45837979
6999.7239097
6998.76844187
6998.31257536
6997.15960045
6996.20116353
6995.14605004
6994.47231798
6994.48580433
6995.94952984
6997.50072496
6998.90511052
6999.10790062
7000.1315599
7002.26985382
7004.21770794
7006.20160231
7008.9676144
7012.08479431
7014.19007978
7015.57240628
7017.31683605
7018.880716
7019.65616371
7020.01482396
7019.89745438
7019.07440368
7017.73050806
7016.31382796
7015.70955584
7014.49756856
7013.46498111
7012.90254804
7012.73624427
7012.73030609
7012.73030609
7014.07905959
7016.08244819
7017.30967121
7017.49437496
7017.2259025
7016.8918592
7015.97791678
7014.61300057
7014.35675992
7014.42637318
7014.89530786
7014.94203267
7014.212334
7013.66586152
7013.37493969
7012.99107007
7011.85320545
7009.68792489
7007.90463213
7005.93779955
7004.26601486
7003.44922992
7002.329828
7001.38406198
7001.31482508
7001.39775045
7001.88327997
7001.81448913
7002.00938257
7002.17793058
7002.3415789
7001.57287785
6999.911708
6998.38995982
6996.82117321
6995.0994019
6993.27941372
6991.90875449
6991.43597254
6991.6296184
6991.63251082
6992.27124806
6990.91192851
6989.57222864
6988.46588096
6987.74214835
6987.70112475
6987.64920753
6987.56608004
6987.87000731
6987.29467334
6987.37309629
6987.85580309
6987.57758003
6986.94413975
6985.54832691
6983.91031036
6982.73147094
6982.12181821
6982.67642433
6983.89722129
6984.31267754
6984.80349705
6986.09471576
6987.72906624
6989.9133183
6993.03279124
6996.13453329
6998.59243629
6999.77623813
7001.28650723
7003.0848127
7004.97065052
7007.6753363
7010.63713394
7012.39094491
7012.70913914
7012.00591833
7011.17403704
7010.68479268
7009.4627133
7006.8635765
7004.64345145
7002.79915996
7000.66648361
6999.22632262
6998.88785357
6998.56611177
6997.36744357
6995.82766481
6994.2452176
6992.39338491
6990.47346532
6989.75995724
6989.50695052
6990.39208025
6991.77261553
6992.41885216
6993.29715158
6994.13874165
6994.33863933
6995.58225506
6997.41642655
6999.40142215
7001.59626116
7003.83458408
7005.48747394
7006.98856395
7007.34378117
7007.37131145
7007.8026795
7008.09086224
7007.52233069
7007.23745158
7006.81112958
7006.56387286
7005.94242045
7005.04497529
7003.97907969
7001.77115159
6999.15146815
6997.56274126
6996.56502316
6995.91896078
6995.53331389
6995.458557
6994.88948181
6993.86902162
6993.36198364
6992.78858724
6992.20958025
6990.96878724
6990.13935232
6989.18217691
6989.12876818
6989.22967535
6990.02063759
6990.60664215
6990.93716576
6991.34749232
6991.06664866
6991.71126832
6993.2616898
6995.7044616
6997.79917405
6999.93173889
7002.16513423
7003.45882718
7004.21275946
7003.81798924
7003.40435208
7002.83787659
7001.81032125
7000.43981535
6999.44645331
6998.04709986
6996.20824473
6993.95961365
6990.72164901
6987.07440326
6984.10733653
6981.68727198
6979.82313778
6978.96527349
6977.42323655
6977.09645566
6977.90394304
6978.23663422
6978.14190219
6977.33753724
6976.66557549
6975.1226743
6974.49222402
6973.45647233
6972.74848425
6972.15531485
6971.92265962
6970.46307411
6968.44562765
6965.90254807
6963.98654544
6962.47790725
6960.83853859
6958.5550242
6956.2332741
6954.72430834
6951.4410895
6949.89641801
6948.73223584
6947.76395075
6948.1413525
6949.34423735
6951.0746929
6953.45162203
6955.23255207
6958.26033874
6959.86971683
6962.71258368
6964.25740153
6967.33634573
6969.58089257
6972.27124867
6975.01686744
6977.64918693
6982.50974419
6984.63569479
6986.02184765
6985.82206845
6983.8436174
6982.63291255
6981.49739672
6980.52702769
6978.90070628
6977.51762009
6976.93685673
6975.32925591
6974.3640793
6974.42375379
6974.88022667
6975.8745087
6976.47442477
6976.43663511
6976.2048511
6976.40214908
6976.57010467
6976.65240277
6975.79049606
6975.26205416
6974.83886156
6973.77230384
6972.60752924
6971.09825681
6969.9829949
6969.24220049
6967.2340934
6965.53521753
6963.65501819
6961.44219041
6960.9533712
6961.58061542
6963.40343329
6966.16598144
6968.94391169
6970.7684929
6971.90157631
6972.8256666
6973.56885161
6973.7531581
6974.46339042
6976.19275869
6977.50526283
6978.8261306
6979.80823659
6981.27023361
6983.58487463
6985.6336847
6986.61108615
6987.18724951
6986.96639397
6986.48577112
6986.89250829
6987.83178553
6989.4728548
6991.22161972
6992.97186918
6993.99421816
6994.69993412
6994.94803417
6994.5382861
6993.88763069
6992.0671616
6989.26105986
6986.13543268
6982.62088287
6979.24784563
6976.72288725
6974.58424484
6972.49646026
6970.04022302
6966.50910625
6963.50812501
6960.90927397
6959.2379214
6957.07625811
6955.11413704
6953.47678959
6951.69057652
6950.51334012
6949.18999811
6947.82746554
6945.53254874
6943.69068967
6942.63759042
6940.96657937
6938.93028686
6937.91544424
6937.42866715
6936.74401359
6935.73088551
6935.34895347
6934.97349627
6935.04828104
6935.05230952
6935.12848127
6934.46696011
6932.92095044
6931.39803136
6929.89774286
6927.11993109
6923.04862153
6919.02851131
6916.36528124
6913.17718473
6910.66169816
6908.78696306
6906.51844048
6903.68579119
6900.35098968
6897.34510875
6894.42390955
6891.69650258
6889.53238595
6888.18858093
6888.25301572
6887.47042408
6886.94819914
6886.82221503
6885.65716165
6883.97670666
6882.63892345
6881.65433626
6881.32134538
6881.91519781
6884.03267327
6887.05642449
6890.58952065
6894.00551906
6897.78189922
6901.10409953
6904.21061582
6906.88405648
6910.53692677
6915.76295366
6922.12164579
6927.63434997
6933.83939528
6939.50136235
6943.92250156
6947.72221625
6950.38796237
6952.39746339
6954.24617366
6955.74961943
6957.17023741
6958.27356024
6959.7728242
6961.01156811
6962.33146709
6963.80757774
6964.86141578
6964.49999553
6964.26587667
6964.91451784
6966.5444147
6967.66928085
6968.57314509
6968.07964226
6966.78540567
6965.30622139
6963.51407015
6961.32164265
6958.65001411
6955.69598767
6951.75043919
6947.38274356
6942.37699372
6937.13272017
6931.45572645
6925.19417787
6918.97407803
6912.82236479
6907.33144088
6902.27990018
6897.49206466
6893.14727143
6888.76004673
6884.39971109
6880.54134646
6877.73585108
6876.27486467
6876.48479173
6877.56565125
6881.42294255
6885.80543483
6891.46333857
6897.3815672
6903.0421682
6908.70134739
6913.14447598
6918.79943154
6924.97797111
6932.10852853
6937.8335225
6941.87629816
6945.35132983
6948.14632886
6949.33669615
6950.17119107
6950.36657239
6948.94654684
6946.65315641
6944.81159704
6942.83731386
6941.21669366
6940.28653975
6939.10243123
6937.16648135
6935.28038566
6934.09668139
6934.11683076
6934.6194639
6936.89846889
6939.05672401
6941.20830913
6942.99167856
6945.24023994
6948.12933675
6951.81131943
6954.51282703
6957.32519452
6959.61415921
6960.81562225
6962.28196139
6962.59783471
6961.0965356
6959.80695477
6958.5606348
6957.03271148
6954.83691065
6952.30422985
6949.91299194
6947.98476447
6946.17220598
6944.27407364
6941.36133564
6939.35823976
6936.93373552
6935.43883459
6934.24548427
6933.01016248
6932.95377071
6934.04659023
6935.1364058
6934.97287597
6935.84619903
6937.22038493
6938.55441845
6940.68667662
6942.00537681
6943.6564685
6944.25661456
6944.45794103
6943.65731183
6942.79726602
6941.97349745
6941.46594372
6941.66556958
6941.91307024
6941.72597588
6941.05253655
6939.95964734
6938.85980935
6937.18695133
6935.667078
6934.22178036
6930.71116841
6928.56993328
6926.88012497
6926.11695088
6925.1601379
6923.94909154
6921.18175521
6919.10750577
6914.97741384
6912.13887517
6909.89832195
6908.97724954
6908.93198837
6908.62607474
6909.0385619
6909.39172306
6909.93733828
6912.5878626
6914.53119338
6916.26707831
6917.44423804
6918.53392119
6920.65794119
6921.86093756
6925.0819101
6927.36611448
6931.18376218
6932.94148315
6935.64366681
6937.64477633
6939.33245888
6939.60495982
6939.81014749
6938.60876809
6937.44541531
6934.84367882
6932.84364961
6929.78403934
6927.79879284
6926.39090849
6925.32171623
6923.1544493
6921.185714
6919.20549264
6916.82285533
6914.96388567
6910.41589113
6907.88180245
6905.63846833
6904.50663249
6903.38746058
6902.88242291
6902.80694813
6902.55213627
6903.37294272
6904.12021894
6904.86585729
6904.85885275
6904.77470768
6904.62058693
6904.31500087
6904.25263608
6904.51704521
6906.01062887
6907.64634542
6909.78351025
6911.61615539
6913.82271045
6916.81215686
6919.37396399
6923.64242518
6927.25244581
6930.80314044
6934.52058491
6938.66200258
6943.67033121
6949.09477124
6955.26349053
6961.16961977
6965.64209772
6968.87443085
6971.38728289
6973.59585219
6975.82957511
6977.49394405
6977.91144242
6977.51552221
6975.80834544
6973.59765734
6970.67180936
6967.46066409
6963.13506538
6958.07718226
6952.08852491
6945.31781259
6939.63360525
6934.54246973
6930.18272652
6925.10583705
6919.42683606
6913.63444519
6908.34518926
6904.2667288
6901.48207976
6899.10590335
6898.03781927
6898.13179857
6898.97241288
6899.89375014
6900.47376077
6900.50881831
6900.58556157
6900.15302261
6899.72571091
6900.14659655
6901.47557704
6903.57228282
6905.76054942
6907.30804363
6907.23360037
6906.4359542
6904.91217785
6903.41163147
6901.54871697
6899.13473696
6896.42628754
6894.08067322
6893.5516389
6894.05194416
6894.80895007
6894.39727836
6893.66461061
6893.54054316
6893.60798188
6894.05671143
6894.27126637
6895.47937849
6896.55857226
6897.69143264
6899.2480223
6900.75921139
6902.32508468
6905.01023442
6908.43906402
6911.84481001
6914.51598552
6916.73707936
6918.6224502
6920.52330072
6921.65267626
6922.18605269
6922.79417209
6924.51181037
6926.09169273
6927.66688449
6929.24432745
6930.23899979
6929.80469053
6928.44843067
6926.67859638
6925.43552429
6924.67052415
6923.07982483
6920.78385561
6919.7291603
6918.81036001
6917.97155782
6917.35827389
6916.06954336
6914.17035859
6912.0332286
6910.84769828
6910.88996944
6911.97767321
6914.02235025
6916.87691225
6919.77541117
6921.26675755
6922.23448507
6923.71306299
6925.84401782
6928.16302884
6930.76130139
6933.37074636
6935.94794257
6938.08963073
6939.37675126
6940.92427335
6941.53685334
6940.81040255
6938.84405088
6937.02094725
6934.93592964
6933.22170651
6932.26904746
6931.74312859
6931.01057932
6929.95402311
6928.87570055
6927.64863784
6926.54509197
6925.67335799
6924.90982149
6924.75805649
6924.95179993
6924.84282186
6924.76067709
6925.55788417
6925.45253034
6924.9845505
6924.19180402
6924.14817376
6924.02229419
6923.65134638
6922.76872575
6921.76773887
6920.93068607
6919.86057381
6918.30941354
6917.04691692
6916.33000764
6915.29966443
6914.36092385
6914.55484154
6915.44517065
6916.84318592
6918.60379931
6920.7455502
6923.70400239
6926.28222314
6929.38668337
6933.13744295
6937.54046098
6941.67690229
6946.51741473
6951.18155218
6954.52116278
6957.14270016
6959.95515826
6963.7317266
6966.90117222
6969.43259151
6970.94936332
6971.48934703
6971.26867967
6970.59105853
6969.77338844
6967.49733163
6964.50408674
6961.29680964
6958.16921701
6954.55273548
6950.75665897
6947.68677538
6946.07187032
6944.37601929
6943.17815958
6941.35769049
6939.28963014
6937.64730632
6937.2640361
6936.37581881
6935.07497496
6933.97749969
6932.9731116
6932.48041028
6932.06436857
6931.98979289
6931.65637686
6930.91393063
6929.88757408
6928.2829772
6925.67674526
6922.79594239
6920.35066847
6918.89943265
6918.35761592
6918.29070689
6919.04105675
6921.4864143
6924.06601506
6925.37002315
6927.0130509
6927.37548872
6927.62782634
6928.86133602
6930.33612242
6931.1878046
6932.49522784
6933.91233309
6935.59613353
6936.83112078
6937.91700545
6938.77795034
6938.7961273
6939.10695456
6939.06021582
6938.39202467
6938.42803706
6939.01165102
6939.81390416
6941.11028741
6941.69160137
6942.11258459
6944.08292292
6945.19177272
6946.57720073
6948.81463849
6951.57736088
6953.12161418
6955.83807177
6957.21781251
6959.27230288
6960.45317049
6961.58862359
6963.55818829
6964.7501168
6965.37053769
6966.09975545
6968.15922915
6969.55286048
6971.35227413
6972.52909235
6973.79241139
6974.68025929
6975.62290289
6975.87838385
6975.49686302
6973.09472451
6971.11687982
6967.03352663
6964.31577966
6961.00504448
6959.51565658
6958.31778293
6957.76781166
6956.59905737
6955.36434891
6954.98737929
6953.81704985
6953.31418672
6951.16609341
6949.03443463
6947.15737863
6945.99008101
6944.33447994
6943.26224889
6942.7158461
6943.11479813
6943.21327985
6943.44968476
6943.92108672
6946.29529071
6949.37532914
6952.26410534
6954.69679897
6956.12433088
6957.16800711
6959.4934163
6960.11626961
6960.69698418
6962.11056974
6962.86848171
6964.754898
6966.83491138
6968.16766247
6968.13817371
6967.28450517
6966.02865067
6963.28711614
6960.89268611
6958.10322102
6956.19009687
6955.68685041
6955.42665097
6955.45615367
6956.42531694
6958.12444373
6960.02630485
6961.187734
6962.0877231
6962.98847886
6964.1319262
6965.82067512
6968.29731264
6969.94514251
6971.23447243
6972.07769341
6972.96061374
6973.10414056
6972.57445806
6971.99779985
6971.02087931
6970.33622576
6969.97383672
6968.98345771
6968.11699979
6967.70106263
6966.55612378
6965.88044021
6965.31519835
6964.74897377
6963.60025734
6961.17294431
6958.06952257
6955.21899602
6952.75991515
6950.13540171
6947.40365263
6945.46272639
6944.69652049
6944.25936062
6944.40803108
6944.16560435
6943.83937407
6943.2757213
6942.02027801
6940.61905669
6939.55930835
6939.53032141
6941.1815037
6943.64573517
6945.97718012
6947.88495851
6949.04249857
6949.72511697
6950.54172767
6950.54647403
6950.53606131
6950.89003793
6951.16874886
6951.95562686
6953.59286977
6955.42968278
6956.98052245
6957.72959685
6957.84745431
6956.93915734
6955.87046689
6954.50173129
6952.80813844
6951.33314991
6951.11414831
6950.28902762
6949.26015501
6948.27225721
6945.60619049
6942.9548995
6941.13033223
6939.67897096
6938.40766465
6938.19957759
6938.40282769
6938.52111727
6938.73352554
6939.88769923
6940.79796863
6941.70639802
6942.69268582
6942.72001398
6942.70944096
6942.14545364
6941.06872714
6940.36968118
6940.04706817
6939.85973684
6939.48483024
6938.83463483
6938.40662617
6938.21857696
6937.68567447
6936.67588487
6934.62308814
6932.17387634
6930.13561838
6928.60294173
6928.07777559
6927.83302796
6929.07437156
6930.24588585
6931.92345538
6933.4530584
6933.62036581
6933.12868205
6932.54594627
6930.86150462
6928.84534058
6927.85568642
6927.6604654
6927.57249397
6928.09055103
6927.21299039
6925.06750375
6921.55615302
6917.66790236
6913.28173705
6909.41485547
6906.31281372
6903.26590919
6901.87553967
6900.8607319
6900.16562381
6900.30204155
6900.48018682
6900.30311488
6900.59004308
6901.98932683
6903.59570098
6905.66737861
6908.52988605
6911.65667019
6914.3452072
6917.29263335
6920.21012467
6923.33058731
6924.85927032
6925.89428323
6926.83098866
6927.90377031
6928.64665563
6930.02904485
6930.8157974
6931.63746809
6932.02757558
6931.78861279
6931.66455231
6932.5998847
6935.02528107
6938.04082199
6941.25534756
6944.47052829
6947.6162909
6950.91907366
6954.08521564
6955.84529237
6957.5703464
6958.20318031
6957.46236499
6956.39568182
6954.98618747
6953.51598712
6951.37496108
6949.14813816
6945.75113216
6940.83785616
6935.69994009
6930.75664564
6925.84090934
6920.44746352
6914.47575647
6909.28565135
6905.19662484
6901.32542901
6897.68184235
6894.66180598
6891.6768132
6889.34494311
6887.45649864
6886.24922984
6885.43608308
6885.87368204
6887.07659477
6889.01194526
6890.99089813
6892.73490275
6894.70583351
6896.84614167
6898.20104941
6900.01697426
6901.86296635
6903.90076431
6905.85649418
6908.10165435
6909.86031623
6911.51034852
6913.48483382
6915.16344881
6917.27655427
6919.28835529
6920.42597597
6921.14542919
6921.60793782
6921.9589105
6922.22868629
6922.45883242
6922.78772512
6922.00684802
6920.94733666
6920.61918275
6920.51618467
6920.43196293
6921.66454564
6923.09691451
6923.39546118
6922.4967336
6921.95274232
6920.5655928
6919.47666934
6919.01411193
6919.41848637
6919.77214238
6920.45821776
6920.24479888
6920.23035071
6920.05079756
6918.90207416
6918.04286472
6916.07951698
6912.42896063
6909.77988601
6906.75864388
6905.94320409
6906.22365744
6906.77728083
6907.76485802
6908.06186439
6908.59483659
6909.09875911
6909.42786091
6911.1854843
6912.31481105
6914.96660385
6916.62592674
6919.04788007
6920.38334238
6922.34570041
6923.7900223
6925.36517224
6925.4403752
6925.19309757
6925.18345152
6924.71868471
6923.16939232
6921.65546413
6918.94918926
6917.21338797
6914.22467338
6912.40552854
6911.37147745
6910.97561997
6911.13723314
6910.58809823
6910.23941858
6909.6817249
6908.51338879
6905.69352191
6903.7964629
6902.5379181
6901.56817634
6901.6824235
6902.54723658
6902.79808269
6903.36428636
6904.5631985
6905.05395528
6904.66504658
6904.23753973
6903.95937941
6904.7915813
6906.0749382
6906.83219502
6907.65217208
6909.21607991
6912.30113652
6912.73760639
6912.98662644
6912.2855732
6911.66669261
6911.36201958
6910.63919303
6909.60661255
6908.26394359
6907.57402094
6908.06231045
6908.08119831
6908.2367618
6908.70288072
6909.05473855
6909.59931528
6909.35283219
6907.99451628
6906.08062547
6904.46061163
6902.57317079
6902.14441637
6902.20429298
6902.82466509
6903.56366132
6904.60148998
6905.82415481
6906.17781082
6906.21012231
6905.68379223
6904.62983571
6903.33036488
6902.6645504
6902.79492542
6902.96022556
6903.42522933
6902.61367166
6901.54570606
6899.77654783
6896.98774486
6893.8496977
6891.121998
6888.20713425
6885.08684585
6883.04863668
6881.51991881
6878.61293081
6876.91447312
6875.91021049
6875.40672008
6875.66188043
6877.06487903
6879.95861765
6883.80071502
6888.00577294
6891.9910835
6896.1245627
6900.42486839
6903.49767926
6905.98127951
6907.00546848
6907.4844883
6907.70281384
6908.58109236
6909.86479077
6910.77535986
6911.76599675
6912.76015333
6912.99793825
6912.49872026
6912.41990701
6913.19152139
6913.96993121
6914.78776858
6915.36309558
6916.3720279
6917.99883021
6920.04547271
6921.80380005
6924.23019307
6925.68542253
6926.80014778
6927.74212926
6928.11133465
6929.1636742
6930.48110591
6931.43572344
6932.14825576
6931.67480472
6931.0987459
6930.06076391
6928.3866374
6927.14695258
6925.76862669
6924.6964514
6923.55976465
6922.12795336
6921.13750465
6920.76007503
6919.2053881
6917.15740742
6915.24216449
6912.51116116
6910.125039
6907.01844604
6903.91214582
6900.42653415
6896.96955397
6894.05805658
6892.19093936
6890.13936929
6888.62125929
6887.6673457
6886.37942365
6883.80856986
6881.48992824
6880.14154413
6879.9876255
6879.74107272
6879.40659032
6879.66152067
6880.40182024
6882.4992439
6885.19662544
6889.51778445
6893.78562534
6897.53259341
6901.19975156
6904.39144443
6908.14419037
6912.78744664
6917.70075748
6921.46028494
6923.78083625
6925.55260812
6925.76953275
6925.1100328
6924.57891454
6923.93788428
6922.5164857
6920.86497583
6918.27772933
6915.69244828
6913.63549761
6912.39272521
6911.5451203
6910.79247742
6908.92336687
6906.78227113
6904.54938457
6903.82206257
6903.94532851
6904.78779676
6906.49785899
6908.23894331
6908.57783751
6908.27505327
6908.09713103
6907.40503384
6905.9273341
6904.13243681
6901.95253384
6899.63334858
6897.55999126
6896.52498533
6895.83070663
6895.50101241
6894.60728209
6892.68211432
6890.16003442
6887.51113404
6884.56430032
6882.6875928
6881.77245856
6881.55541545
6881.66701412
6882.21680418
6882.55376778
6883.77151899
6883.83361893
6882.99068371
6881.70378621
6880.59009944
6880.92692365
6882.48146422
6884.84294852
6887.81069828
6890.64349393
6893.09804451
6895.57067446
6898.05175865
6900.14944716
6902.45010698
6904.84842609
6906.61873432
6907.44860137
6908.25235299
6908.62201838
6908.61169627
6907.82831705
6906.90559979
6904.95275538
6903.12212449
6901.22366457
6899.83300929
6898.6487335
6898.04538138
6897.40887444
6895.87255264
6895.16368638
6895.00014261
6894.89527665
6895.13873489
6896.65478186
6897.84376219
6899.90570316
6902.21030782
6904.1120435
6906.01076826
6909.67665793
6912.38571371
6916.58092345
6919.03591312
6922.38653583
6926.88641163
6929.30038467
6930.79424015
6930.7497108
6929.71674001
6927.99472476
6924.60352452
6922.17005029
6918.98720892
6917.61471666
6915.72540794
6914.53964761
6913.68901786
6910.07937359
6907.92904301
6905.65794862
6903.18409897
6901.29180722
6900.80176135
6901.60956236
6902.37829826
6903.04725608
6905.55449054
6907.80714313
6912.47324604
6915.37624041
6920.11702355
6922.7458791
6926.34184187
6928.73473857
6931.38839228
6932.32864528
6931.42032043
6928.25525178
6926.04154581
6921.90881237
6920.10826265
6918.68472438
6917.62030635
6915.87080962
6914.41836107
6912.75730273
6911.89111663
6910.99390843
6911.457581
6911.87641058
6912.44490728
6913.32379913
6915.61355139
6917.33468845
6919.87985197
6921.2232876
6921.76700008
6922.1209767
6921.87111331
6922.5128754
6924.43676075
6926.19853111
6927.49460072
6929.83633989
6930.48629136
6930.40438357
6930.10228235
6930.0322997
6929.71040456
6928.84845603
6929.24906684
6930.21759587
6931.82626305
6933.33412064
6934.53914519
6935.27931233
6937.05185783
6937.43519078
6937.8295916
6938.58776144
6939.13286787
6939.95290068
6940.78066289
6940.68319177
6940.14228807
6939.04836038
6937.59755668
6936.7243521
6936.10883089
6935.85591478
6936.40092363
6936.58440072
6936.25426741
6935.92284471
6934.57745061
6933.54646618
6930.85272979
6928.01519474
6925.60633746
6923.75012083
6921.86691756
6920.53128102
6919.67784944
6919.23540655
6918.34532835
6917.74631835
6916.78830658
6915.79130636
6915.43944156
6915.95698983
6916.14676055
6916.82782472
6917.59838668
6918.98509711
6920.38840934
6920.65914695
6920.67358815
6920.21849527
6919.94128282
6920.1239096
6920.09357751
6920.42068597
6920.23674192
6920.35834907
6920.29069429
6919.66574309
6918.19644184
6916.86401832
6915.76629911
6914.91046997
6912.99473219
6911.26708543
6910.6309897
6910.28090914
6910.14310443
6911.20775943
6912.40281036
6913.31181824
6914.61600754
6915.33075622
6916.36627791
6917.37507084
6919.85507472
6923.08478028
6926.755026
6930.44523989
6934.63449752
6939.41242213
6945.32810682
6949.94912978
6953.89405796
6957.57236761
6960.429369
6962.10856247
6963.33078125
6964.16093405
6964.91191815
6965.5347645
6965.68082829
6964.37748929
6962.41918761
6959.34883705
6955.96453679
6951.75206313
6946.5662374
6941.02831688
6935.98523738
6931.12919648
6926.8029008
6923.57923797
6921.27061179
6920.3088573
6920.55764038
6921.49038703
6921.90244207
6922.02093377
6922.38300916
6922.86791141
6924.49931371
6926.55082803
6929.33796524
6932.35163132
6935.46442729
6938.37552044
6941.73256224
6944.03042721
6946.69413122
6947.6933687
6947.81419525
6947.54724915
6946.75742297
6946.53800319
6947.11933806
6947.05250571
6947.59792577
6948.10157648
6948.59919143
6949.60320316
6950.68367238
6951.83558092
6953.33842033
6954.7293753
6956.25963347
6957.66422116
6959.79536418
6961.87153725
6963.0986139
6964.7091629
6967.31845453
6969.49579963
6972.75297273
6976.05176186
6978.58391296
6980.3457809
6980.57138976
6979.91560466
6978.93383322
6977.70623384
6976.23594986
6975.62057502
6974.98022778
6973.82928105
6972.91837045
6971.68941198
6970.86745553
6969.35550674
6967.21830009
6965.46143639
6963.79753442
6963.18846018
6963.64114154
6965.64761075
6967.82556918
6969.58575045
6971.12175164
6971.46688372
6970.70897872
6970.29267913
6970.91031912
6972.03563133
6974.02574267
6977.28102699
6980.26681431
6983.39223937
6986.22079745
6987.64564602
6988.21201
6988.48270579
6987.98880568
6987.89304911
6988.27538539
6988.84007665
6989.86164502
6992.01225438
6993.09168512
6993.31438066
6992.93469982
6992.82143539
6992.48240179
6991.577973
6990.11274204
6988.46857126
6987.78651043
6987.05860297
6986.52372108
6985.33028016
6984.26729092
6983.92628489
6984.34098842
6985.66909073
6987.56612186
6988.67102682
6989.74691695
6990.0707636
6990.17272319
6990.32676728
6991.12156285
6992.85367718
6996.23355865
6998.63109716
7002.03144164
7005.67444981
7009.52427657
7013.96224758
7015.18027758
7015.06233648
7014.66954567
7013.97348272
7013.49638654
7013.21173743
7013.02644125
7012.2247875
7010.97313573
7009.01788677
7005.93982773
7003.54723073
6999.82138779
6996.70417999
6994.40839199
6992.37813523
6989.77823177
6988.83970725
6988.54793512
6988.151534
6987.98191266
6989.61459739
6990.59559519
6993.28733826
6995.69382585
6998.02373049
7000.0818451
7001.08052501
7001.76704645
7003.20054441
7003.54454043
7002.40875277
7000.38246177
6998.76849763
6997.19028799
6996.69992848
6996.79224203
6996.88975496
6997.03963117
6996.61784644
6996.35203641
6995.39228222
6994.80813159
6994.07167232
6993.93680185
6995.34108984
6995.97929042
6997.67843114
6998.49368972
6999.21199991
6999.43878665
7000.0339006
6999.55551502
6998.81357758
6996.96778761
6995.67344648
6992.56550838
6990.61684578
6987.8062695
6986.46341236
6984.04697205
6982.34514102
6980.60242579
6978.7136398
6977.96257904
6975.94553681
6973.79399351
6972.08608492
6970.12713506
6967.55512429
6966.70675272
6965.72730915
6964.50849855
6964.62652328
6964.74529377
6965.41177735
6966.23354562
6967.68605689
6969.02519222
6970.05832331
6971.41680649
6972.2003042
6974.51882036
6976.92596311
6978.93953443
6980.86730886
6981.5267182
6980.84367464
6979.69239337
6978.92514202
6977.9500336
6976.58270587
6975.53389995
6973.06179273
6971.20544367
6969.40620426
6968.08937194
6967.4272026
6967.71164262
6967.16070954
6966.97079245
6968.32839746
6970.12060446
6971.73445012
6973.59826371
6974.82690157
6975.2410754
6975.42563976
6974.89042332
6975.03245864
6975.68634101
6975.79896423
6975.42431552
6974.56340547
6972.56143868
6969.82784263
6966.85395257
6963.98313029
6961.20848973
6957.93555816
6954.97716172
6952.33540527
6950.40444569
6948.57304116
6946.82123048
6945.36872618
6943.30473612
6941.69885682
6940.33517424
6939.06765248
6937.61919059
6936.24373621
6935.3195832
6934.09765018
6933.63994366
6932.92463044
6933.06023273
6934.31088087
6936.34985671
6939.26044107
6943.79952835
6948.92045929
6953.49251321
6958.51809182
6962.29309198
6965.17154607
6967.39236112
6969.48118419
6971.41824922
6972.07220826
6971.46079221
6970.15774593
6968.73802705
6966.54774621
6964.5969021
6961.81005065
6959.15229179
6954.65631901
6949.86090047
6945.33484652
6941.69394319
6938.74771583
6936.45069419
6934.41222017
6932.15286273
6930.72658537
6928.84398846
6927.25694823
6926.52665017
6925.41475462
6924.25139487
6922.23863204
6920.21105164
6918.61226051
6918.48808154
6918.80323699
6918.97078136
6919.78622115
6920.85208888
6921.92909416
6922.40927793
6923.62769125
6924.53205035
6925.43498066
6926.96008125
6928.16613035
6928.5448424
6928.58661872
6928.9947777
6928.77355277
6927.90870485
6925.87172931
6923.56373738
6921.73243042
6920.05276998
6918.18178458
6916.3950697
6915.41424613
6914.46872405
6913.64371487
6913.45291264
6913.75168234
6914.08271474
6915.15019246
6917.60689667
6919.99322792
6922.87575928
6925.54620297
6928.65533289
6931.3423993
6932.31964044
6932.49027239
6932.88951714
6934.06132415
6935.45262761
6936.72233089
6937.13350775
6936.83864107
6936.22148896
6935.74784974
6935.71046432
6935.23485268
6935.54459964
6936.58248406
6937.6610854
6938.07219257
6937.970226
6937.52084827
6937.15857075
6935.88025294
6933.65251002
6930.71462538
6929.18873721
6929.42747697
6930.62935819
6932.17986331
6933.75651173
6935.40753372
6937.64052482
6938.93208504
6940.21719133
6941.15635009
6942.44052941
6943.13089114
6943.54261164
6944.19416614
6944.31814299
6943.65257941
6942.54013325
6940.31045972
6936.71735453
6932.94638284
6929.58377227
6926.26021983
6923.49113412
6919.53331201
6915.55673448
6911.02988597
6907.44992561
6904.91974693
6903.44261871
6902.67096948
6901.86774756
6901.50110702
6901.96557413
6903.58690523
6905.49016727
6907.61740726
6910.31444729
6912.74704335
6916.03878611
6919.94781342
6923.66346667
6926.57948042
6928.60162446
6928.881576
6927.3839081
6925.06516194
6922.3613404
6921.18827884
6919.65206159
6917.99796597
6916.98472638
6916.70446121
6916.124353
6914.65054932
6912.32510528
6909.88314894
6907.68124962
6905.46472093
6903.86168526
6903.58994402
6904.54013579
6906.48872172
6909.273775
6911.29515934
6912.7940539
6914.80087159
6917.16445378
6919.36566309
6920.53179677
6922.08512461
6923.58491827
6924.4832904
6924.22260308
6923.59390917
6923.06456121
6921.95407353
6920.50415498
6918.93602352
6917.27616397
6916.85956469
6917.40261505
6917.82699251
6917.86531186
6917.13350835
6916.23144229
6915.38548222
6915.02622955
6915.43452096
6916.91830523
6918.36539409
6920.0084079
6921.02871476
6922.33143346
6924.41045017
6926.06192518
6927.6455642
6929.16129057
6929.98186702
6931.78221461
6932.7655403
6934.77311768
6937.47521074
6938.24870693
6938.59944961
6938.09014649
6936.7661563
6935.20942028
6934.40357775
6933.60053704
6932.43331608
6930.98630389
6928.72082707
6926.2535359
6924.83917671
6921.48168188
6919.89574983
6918.85195512
6917.71138626
6915.4944812
6914.30613512
6912.98818068
6912.41483307
6911.63436022
6911.48262309
6911.07924532
6910.82336709
6911.41804195
6913.13027175
6914.23102974
6915.58577717
6916.23994531
6917.21179888
6917.7036499
6918.10192587
6919.04648614
6920.60498549
6923.36122606
6924.41103562
6925.47344638
6925.7536767
6925.70778826
6926.59093859
6927.06848781
6926.81017716
6927.03545148
6927.56065944
6928.46441217
6929.21609324
6929.80871204
6930.3895451
6929.86989895
6926.77247114
6922.78522997
6918.49542063
6915.55301963
6910.8907849
6907.91295
6905.60322261
6903.0510894
6900.63986242
6897.63376543
6894.8546573
6892.68252553
6892.13209426
6892.3577101
6892.16077454
6891.8920442
6892.08551583
6892.99541582
6894.94871326
6897.32724543
6899.73477151
6902.22044872
6904.71688713
6907.07579962
6909.61681617
6913.14263598
6916.24444076
6918.33738291
6919.971594
6920.31697002
6920.72613264
6922.36184919
6924.47484313
6926.63426219
6928.65711713
6931.34034324
6933.37413363
6934.55843032
6935.68881646
6936.40419939
6937.95105238
6939.44730543
6939.02508858
6937.84652794
6936.81742534
6935.95962377
6935.05601043
6933.93661549
6933.03180336
6932.96890888
6933.51614106
6933.76638778
6933.69694876
6933.8451871
6935.13637096
6937.20558828
6938.51527667
6939.05765097
6938.73058433
6938.49379608
6938.7128395
6939.38462701
6939.71801516
6940.68340783
6940.5981058
6940.05663755
6939.32776131
6938.22138575
6936.56775013
6934.61235481
6932.47725301
6929.52809838
6925.95022196
6922.73311063
6920.62943516
6918.71400405
6916.95875732
6915.43549672
6914.29662149
6913.07498817
6911.96240261
6911.27533057
6910.69097086
6910.63342213
6910.2214089
6910.52863981
6910.8605922
6911.72261043
6912.56356626
6913.46753505
6914.24376336
6914.44568225
6913.99417876
6913.47547353
6913.35710728
6913.52313227
6913.60713097
6914.00383179
6915.25774174
6915.39933797
6914.82175976
6913.38365483
6911.04907353
6907.8815167
6904.54380882
6901.3928747
6899.35299977
6898.75563461
6897.86397429
6897.71127535
6898.21964454
6899.16409329
6899.88147651
6899.99867185
6900.73665748
6901.52439972
6902.66150464
6904.15040467
6905.79688242
6907.76952075
6909.75970876
6912.0523604
6913.28458069
6913.22797983
6912.77053817
6912.20349116
6912.27785078
6913.42955024
6913.78250231
6914.27243667
6915.08664282
6914.37040263
6913.31296126
6912.15714272
6911.20644216
6910.84992858
6911.07669441
6911.74372162
6912.36575948
6913.26788131
6914.2725203
6914.7746098
6914.95990598
6914.36610233
6913.33226034
6912.25204202
6911.80048278
6911.12557285
6910.84157192
6909.76443421
6907.79245103
6905.90647382
6903.37889483
6901.6699826
6899.02061525
6895.60994866
6891.46370099
6887.63787785
6883.81687773
6880.18111106
6875.87034386
6870.71772174
6864.42674015
6861.90810328
6859.1061485
6856.97683851
6855.50030968
6855.25901902
6855.60506412
6855.88134264
6856.33576642
6858.56787934
6863.19150199
6869.58117439
6875.30224443
6882.00094591
6888.94202533
6895.97835951
6902.43489214
6907.53927704
6909.58795469
6910.07094026
6908.87317813
6905.87967536
6902.00870954
6896.53666653
6888.72547009
6883.43582387
6875.76670457
6869.00101739
6860.28298066
6855.19900998
6849.17217965
6844.12647257
6839.76944057
6838.17024519
6837.89320002
6839.09331094
6840.48850348
6843.63315791
6845.92346774
6848.72674676
6852.96215768
6859.42396637
6863.6363773
6868.944772
6871.31871811
6872.87623473
6875.70634705
6878.13834371
6881.50386065
6883.1852426
6884.45692527
6884.81998339
6885.51673633
6885.89910747
6886.21529442
6887.03704178
6888.49897608
6889.37084945
6890.05071483
6891.30201115
6891.9196372
6893.46898535
6894.60711482
6894.54233155
6894.2078631
6893.1100951
6890.52385224
6887.64872966
6885.06327436
6883.33065125
6879.51996627
6877.4656362
6874.58722393
6871.84360546
6868.83067817
6866.79148627
6864.12571924
6862.71596004
6861.97891533
6861.72493982
6861.87046695
6861.9591911
6861.51766124
6862.4066452
6864.41057047
6866.50259262
6867.91144576
6869.94680433
6871.75376616
6874.5945421
6877.95918783
6881.42909678
6883.61615066
6885.32318804
6886.33469915
6886.18653748
6885.22998238
6884.21345309
6883.21296803
6883.5611598
6882.74070184
6880.85998675
6878.33004504
6875.60675018
6871.59499662
6866.98036487
6862.43410578
6858.46333399
6855.08345252
6852.42151882
6850.64285393
6849.77937904
6849.04344947
6847.78047195
6845.58690141
6844.90192028
6844.16327254
6844.63121752
6846.01714038
6848.43178948
6851.34909262
6854.87450122
6858.53107938
6861.62534295
6864.16802526
6866.63898945
6868.7310813
6871.31683629
6873.9719397
6876.8428247
6879.68937155
6882.39326976
6884.41601319
6885.93988015
6886.9695473
6888.85882117
6891.17516977
6893.04251699
6894.19102433
6895.27862354
6897.10745626
6899.61142194
6902.05930949
6904.1337959
6905.59347898
6906.3993006
6906.35670186
6906.46296872
6906.22084866
6906.13172723
6905.51600391
6904.85484518
6902.98298159
6900.08510995
6897.21649706
6894.65028508
6892.34980647
6889.97446642
6886.01163311
6883.56717465
6881.09887287
6878.46073369
6875.7952803
6874.91326603
6875.15190821
6876.35989488
6877.78429043
6878.64269139
6878.97503409
6880.43483566
6883.03510154
6885.62399289
6887.98130235
6890.6856048
6892.86426717
6895.51635967
6897.03295027
6898.7556137
6900.59274035
6902.3642613
6904.14229195
6906.26445104
6909.575695
6912.88371897
6916.92462674
6921.42633558
6925.58024294
6929.32221374
6932.4026146
6935.45041125
6937.488488
6939.44913846
6941.04220747
6942.61656984
6942.57404776
6942.181013
6941.6930441
6939.96228189
6937.35499753
6934.07374414
6930.64190363
6927.85112824
6925.21412512
6922.64294375
6919.29954861
6914.84303822
6910.04671362
6905.21853057
6901.63953203
6899.25352835
6897.01793059
6895.73520096
6894.64309236
6893.65394698
6892.34591041
6890.63695636
6888.74656735
6886.4006603
6883.98953089
6881.85185727
6879.90256043
6880.41508356
6882.67469887
6885.50564059
6890.75201201
6895.09889615
6898.56384965
6902.34073163
6905.72526885
6908.55478875
6911.23476001
6913.63286307
6916.43281754
6919.16302632
6920.4988162
6920.83007163
6921.08179592
6921.48426067
6921.14978525
6920.2247889
6919.2265202
6917.53642613
6916.57876285
6915.82777178
6915.33272167
6914.22105611
6913.96291274
6913.79448321
6913.93554276
6914.55045063
6914.99709625
6916.68827759
6918.32916564
6919.10498971
6918.63369231
6917.43043109
6916.50799261
6915.0267941
6913.93521519
6913.09076755
6911.88305966
6910.4145181
6908.41463525
6905.4920909
6902.13293729
6898.97607196
6896.01665098
6893.72878752
6891.1175374
6890.34079333
6889.98677489
6891.09538772
6892.48752754
6893.18315139
6893.13817598
6893.03995214
6892.02972346
6891.55236939
6891.32220932
6892.96098556
6894.93287813
6897.22722341
6898.79876305
6900.87998218
6903.39881421
6905.6338544
6907.0562357
6908.24205876
6908.31335869
6907.74204623
6907.41265171
6907.40156293
6906.39029576
6905.16071699
6904.94537448
6904.64695326
6903.26572101
6902.70365733
6903.3009737
6904.00717057
6904.29446816
6903.92236338
6902.5420581
6901.36816018
6899.67222551
6897.55774702
6895.61282715
6894.75693527
6893.47302777
6892.92493135
6893.04743759
6892.40972489
6890.93335637
6890.41520871
6890.07570814
6889.36949036
6888.69564679
6888.74021099
6889.1823263
6890.55615675
6892.59967683
6894.90060846
6897.66685055
6901.44159283
6903.19665835
6905.47311941
6908.62723868
6911.2153773
6913.79010624
6917.14608864
6918.9436623
6919.96256128
6920.61996335
6921.07737714
6921.18373461
6921.66804442
6922.16512272
6922.28139108
6923.91362278
6924.37726747
6925.46400942
6925.9655274
6926.03424157
6925.96865679
6925.69495009
6925.77532456
6925.77834244
6925.62431926
6925.23283874
6925.32928531
6925.13846217
6924.19423644
6923.11010116
6920.43638869
6918.05745228
6915.9148023
6912.4512497
6910.89739216
6908.94129291
6908.46018915
6907.6869578
6907.14208137
6906.71225362
6907.2478743
6908.5954778
6909.77463783
6912.41845731
6915.05872922
6916.42299725
6920.15678563
6922.61774832
6927.14465955
6929.75007604
6932.90130986
6934.67347899
6935.16509305
6935.48002546
6935.73065551
6936.30532736
6936.72490967
6937.29215183
6937.49927011
6938.53929422
6938.00221688
6937.09900081
6936.31612341
6934.64325145
6932.97907766
6930.31207002
6927.67289236
6925.50318604
6923.42804448
6922.40276824
6921.12521012
6919.51158749
6916.66980094
6913.5859919
6909.97147582
6905.44022944
6901.22484244
6897.2739273
6894.49204524
6892.06535251
6890.18230955
6889.3760349
6889.20820476
6888.98562074
6887.71865656
6886.48093719
6885.63387591
6884.68459717
6884.1882019
6882.88688411
6881.40359469
6879.30131315
6876.99371849
6874.30578785
6870.78525803
6865.95177802
6861.26654331
6856.41605725
6851.17045947
6846.22706744
6840.90431519
6836.31331069
6832.13888456
6828.72986979
6825.12090158
6822.36946312
6821.0786138
6820.67528481
6820.16544502
6819.42895091
6820.66224452
6822.94216951
6826.89113314
6832.17086847
6839.4133591
6847.69404779
6855.68633071
6863.33682003
6871.4020059
6878.87045389
6884.93140783
6889.87809652
6893.74921568
6897.94880239
6902.55075627
6907.4138505
6913.02857003
6918.27662115
6922.75735121
6925.96577831
6927.14528683
6926.46674569
6924.74229802
6921.81973973
6919.45723785
6916.91171888
6915.50022423
6915.03154742
6915.11098795
6914.7414062
6914.10963865
6913.9519982
6914.03509781
6914.28030545
6915.23654692
6915.92570986
6916.36670306
6916.49191354
6916.22126654
6914.85297003
6913.53659074
6912.87592685
6912.56804777
6912.3362986
6912.08955067
6911.91999902
6912.6108556
6913.50894198
6913.09548603
6912.08133341
6910.01771274
6907.49344436
6904.57154819
6901.82557396
6899.15101118
6897.46838165
6896.23361743
6895.22876238
6893.77619535
6891.91089024
6890.21618921
6888.27285843
6887.43798714
6886.52032988
6886.43126421
6886.98147244
6887.81793979
6888.31869808
6888.7369422
6889.53435838
6891.10924347
6893.49791653
6896.70138121
6900.7899547
6904.638506
6908.39512012
6912.02871225
6914.27268061
6916.00078039
6916.86874377
6916.85329197
6916.77065932
6915.08970949
6913.31820247
6911.84485182
6910.56174583
6909.44181423
6908.16403308
6905.81662755
6903.75274204
6901.44654131
6898.28129842
6895.26716537
6892.78425513
6891.50632065
6890.56133523
6888.77066156
6887.42478655
6885.61463957
6884.60781209
6884.761438
6884.76916041
6885.07568041
6885.62979864
6885.85014539
6886.15750872
6886.07878607
6886.91299524
6888.19281154
6889.4027079
6890.11864143
6889.64785281
6889.14984755
6888.80543335
6888.03056412
6886.2654274
6884.14165134
6881.49873793
6878.94583109
6875.08039919
6870.43816747
6866.55897741
6863.5149653
6861.61704902
6859.71843577
6857.36623509
6855.67113678
6854.71838016
6854.83860731
6855.4369552
6855.91012746
6857.62578635
6859.85281139
6862.32530892
6863.79863169
6865.05763649
6866.45004116
6868.29317568
6870.34790999
6871.3435999
6871.23145759
6871.35140595
6871.41239074
6870.91573063
6870.41969779
6868.90769325
6866.72227725
6866.10678393
6865.40089372
6864.08759504
6863.15184446
6862.72028125
6862.91125076
6862.73254791
6862.56499656
6861.74989131
6860.3696139
6860.03667181
6859.71348729
6859.88800833
6858.80289729
6857.47280165
6856.67289033
6856.91111433
6857.20230798
6857.12152927
6857.35738358
6857.06507478
6857.3344533
6858.10683435
6859.79670539
6862.19107269
6865.65417226
6869.40031093
6871.79258733
6873.48134322
6873.2905828
6873.52957347
6873.53940073
6873.84941255
6873.42711903
6871.90417207
6869.74579847
6868.4006483
6868.24585148
6869.05154765
6870.3723039
6871.39998469
6873.75964294
6878.11951858
6881.14246131
6887.45387803
6892.31008621
6901.93890112
6907.93106422
6916.53700743
6922.86292111
6931.15726342
6939.08235853
6943.81628349
6951.20600883
6955.17107941
6960.90737125
6963.49364896
6966.21094291
6967.11560867
6967.7492441
6967.63153998
6966.97768548
6966.03462369
6964.8849803
6962.14785758
6961.32377537
6959.83728686
6958.62171717
6957.24468067
6956.31307008
6956.01720674
6955.58784596
6953.9343567
6952.67555402
6952.25740747
6951.45002464
6949.85706714
6947.97624751
6946.21033019
6943.82917045
6943.2525889
6941.47776431
6940.22415405
6937.94497481
6936.34741035
6935.03498288
6931.82523851
6929.04462493
6925.93290228
6924.00458421
6919.30121437
6915.35907407
6908.5454633
6902.7803518
6898.02872382
6894.1074438
6891.70398802
6886.3292837
6882.29607743
6878.68907468
6875.11218098
6870.75654291
6867.83561553
6863.03572942
6859.52593293
6857.0938596
6855.18465242
6854.02559298
6853.4967329
6853.23021195
6853.72666297
6852.78296695
6850.69958721
6848.17697761
6845.72768915
6843.11217359
6840.63166092
6837.6800669
6835.61076594
6833.06997242
6830.11962597
6826.98026851
6824.18326221
6821.79056764
6819.04346432
6815.60266079
6811.75107071
6807.05343692
6803.80249471
6801.57651512
6800.20982164
6798.9600238
6799.5856859
6801.87356331
6804.51012734
6807.17205407
6809.63598585
6812.90560682
6816.47102841
6819.3828255
6821.762201
6823.45325688
6825.33367924
6827.4607659
6829.76048482
6831.39626409
6832.69319098
6832.88993835
6832.03434618
6830.58548702
6827.06599569
6823.67120606
6821.04648353
6818.92560686
6816.77839174
6814.61771117
6813.27723069
6812.64585345
6812.47168089
6812.13392972
6811.36272655
6811.26508119
6811.33805385
6812.10326308
6812.34279739
6812.79722814
6813.36617091
6814.15339042
6814.72100198
6815.41622856
6816.10845817
6817.83854431
6819.65491523
6820.15666321
6819.36344279
6818.00867445
6816.59515162
6815.25027327
6814.39182352
6814.3704196
6815.12065097
6816.86453014
6818.62556868
6820.67060815
6822.74394456
6824.82007582
6827.27236821
6828.75705158
6830.02017547
6831.68745774
6834.45603467
6838.32546019
6843.45619748
6849.45215209
6856.87494164
6863.82957711
6870.78010046
6876.3099919
6881.19106096
6886.149396
6891.0712029
6895.10648614
6898.80654819
6903.5005438
6907.85730399
6911.31132902
6913.05288031
6914.2509073
6915.41154189
6915.4973109
6915.13451762
6915.05869437
6914.79291918
6914.65353932
6914.03812266
6913.13286447
6910.63140789
6908.14599552
6906.41010362
6903.87411222
6900.71800659
6895.81192331
6891.8430891
6888.04045411
6883.81436864
6880.20896891
6875.61901684
6870.59860974
6866.46899871
6863.37452605
6860.96405876
6858.63729746
6856.99098698
6856.62647219
6857.06388994
6857.26649883
6857.37208963
6855.68486707
6854.18359585
6851.78462855
6849.00197982
6846.82193048
6844.39466624
6841.42132679
6838.53726907
6835.44349338
6832.46812575
6828.53200726
6824.01626844
6819.69994639
6815.24505297
6810.47910925
6804.82006945
6799.6141989
6796.52599896
6794.45844042
6792.71790671
6791.40007075
6790.95408029
6790.69411085
6790.7448502
6790.97387421
6789.95002675
6787.46317166
6785.31998501
6782.66551585
6780.27142734
6777.86556005
6775.08151737
6773.20945167
6773.36236667
6774.8763297
6776.5370744
6779.31985556
6782.79431572
6786.51194837
6790.72017749
6794.74809377
6798.69977557
6802.90290986
6807.50514253
6811.69233016
6814.67367778
6816.43526693
6817.87652216
6819.35953279
6819.74865059
6818.74921098
