7031.72920798
7023.84878859
7017.73621016
7010.35135663
7002.02796465
6996.75525477
6992.13290758
6988.65606378
6986.83162894
6986.87615132
6987.71176139
6989.533262
6992.00445619
6996.45571841
7002.41894335
7010.09951385
7017.94067995
7025.05552072
7031.34190231
7036.28236707
7038.62913139
7039.82973018
7040.21118132
7039.44960329
7038.6355435
7038.46192852
7038.57274659
7037.68515657
7035.5642799
7032.29709832
7028.21139635
7023.99131875
7019.64067795
7016.22874288
7014.28008028
7013.97554665
7013.93570093
7013.48674835
7012.88117289
7011.25790421
7009.5715459
7006.96162002
7004.58589664
7001.55039452
6999.67595216
6998.99741102
6998.71483888
7000.08965902
7000.99959386
7000.47081045
7000.54533038
6999.46245661
6996.72064329
6994.39685107
6992.55959897
6991.84682968
6991.80891457
6992.6707725
6994.32609478
6995.70757097
6996.71164542
6996.91985794
6997.27304001
6998.24521419
6998.94506168
7000.9945269
7004.83211488
7007.69066354
7009.61011616
7010.33836513
7010.70132568
7010.01812181
7008.14204854
7005.89442806
7003.39606601
7001.12552222
6998.61402928
6996.64578882
6994.74771921
6991.92426294
6988.17791517
6986.14176902
6984.23831184
6982.96306766
6981.54488908
6980.69573689
6980.8162498
6981.17348824
6980.80520982
6978.59868263
6975.9483674
6971.54074938
6967.34163661
6964.96247717
6962.81511568
6960.70817143
6958.29026051
6956.02871459
6954.18995704
6952.58611288
6949.88859194
6947.56270185
6945.99267463
6945.80767118
6947.27229577
6950.06583813
6953.53082648
6956.81279775
6959.5728159
6961.52979333
6964.55691788
6966.58145252
6966.89100434
6966.23341408
6965.53042327
6964.99393835
6964.65468869
6963.71617115
6961.0017975
6957.17879011
6952.16485785
6946.18275201
6940.22777221
6935.43135004
6929.86546712
6925.62954742
6923.61097883
6923.47302775
6924.19772218
6925.56437384
6927.01247331
6929.90392587
6934.39023865
6940.22354858
6947.05664659
6953.04575
6958.99943344
6963.66511817
6968.97869134
6973.67497301
6977.37746052
6980.76931591
6982.10917609
6983.373903
6984.11744347
6983.80342409
6982.58167925
6980.9129194
6978.37978557
6977.07988263
6975.53822205
6974.89974269
6974.51813125
6974.05918414
6973.33621122
6972.98940642
6973.08775571
6972.01189346
6970.22204919
6967.5571464
6965.44080003
6963.98413482
6963.76570473
6963.98743845
6963.61926458
6962.07326188
6960.52355131
6958.50928999
6958.04075955
6957.07693506
6956.05803608
6955.74897911
6956.58118101
6958.05837196
6960.09929234
6960.75400411
6961.07485379
6959.08520941
6957.10726018
6956.14593084
6956.58688222
6956.43966842
6954.84305184
6952.88489652
6951.47894278
6950.32236454
6949.03053947
6948.0374144
6947.12783501
6946.92183188
6947.2188731
6950.3902772
6954.16528433
6956.36301577
6958.03556713
6960.62723939
6964.75016648
6968.47875548
6971.53835181
6974.93852205
6979.22811533
6983.35880666
6986.15886567
6989.12493574
6990.60844819
6989.93689765
6988.86268024
6988.08994374
6988.73992309
6988.77001821
6988.90749535
6989.34453673
6990.00430153
6990.24858916
6990.14960562
6988.03569168
6985.23571629
6982.49259964
6979.46130025
6977.95239721
6976.80729109
6974.74013679
6973.49256228
6970.34990118
6967.0282445
6964.27293089
6962.41069245
6961.25340331
6960.75995622
6962.2369799
6964.81044036
6967.67791719
6970.1149599
6973.65922151
6978.27029871
6980.652943
6983.27598583
6985.43302822
6986.02002248
6986.59640887
6984.95791142
6982.89664651
6979.54224623
6975.48341241
6970.17195802
6964.32456236
6958.63031169
6951.55524694
6945.92334712
6942.24763716
6938.27382659
6934.97722595
6931.92591657
6926.29342433
6921.29290872
6917.35763357
6914.40840924
6913.35316333
6914.06794686
6916.83507409
6920.09995567
6923.57796341
6926.4279045
6929.25297773
6933.06023362
6937.51691826
6941.55687815
6947.65482721
6954.41137015
6960.90188699
6967.28364182
6972.81761053
6976.79082171
6978.99718859
6980.08778478
6980.71493142
6980.76248562
6979.21051686
6977.09628928
6975.7650994
6974.69744744
6973.15573807
6971.62188354
6970.26765884
6967.96045448
6966.38891484
6966.14858599
6967.49385464
6969.40585667
6971.81563396
6975.82094056
6980.31934576
6985.20915481
6989.65040855
6993.7675717
6998.22832663
7002.79828267
7007.43701561
7011.19579033
7013.78087623
7014.2763515
7013.32557426
7011.04017807
7007.92695694
7004.66280717
7001.34449594
6998.14321278
6993.66133272
6988.40208131
6984.17113796
6980.54445977
6977.4008508
6974.93539962
6972.94572737
6971.79058489
6970.63009666
6970.47357136
6970.95073725
6970.82242525
6969.72592574
6968.20421242
6965.97884616
6963.33960577
6958.48162729
6952.25611897
6946.14742266
6940.32371696
6935.31370864
6931.09565922
6927.7862692
6925.93959408
6923.85719707
6923.01449882
6922.12713183
6921.54916331
6922.88199107
6924.83369942
6927.70226352
6930.60672153
6933.77356048
6937.12350713
6940.10478506
6941.92506597
6942.32262406
6941.32975687
6939.15589662
6936.010134
6933.17013866
6930.16161622
6927.20908129
6925.1128843
6923.25490434
6922.33212435
6922.35658099
6923.02422851
6925.07834948
6928.28597506
6932.77046876
6938.40845312
6943.74245445
6949.27164196
6954.6607596
6959.33102341
6963.64026425
6967.07413991
6970.61918909
6974.08194714
6975.52716115
6975.53339903
6973.24860919
6968.20474908
6961.99124954
6957.19463221
6953.04291334
6949.75376329
6946.04898275
6941.93217505
6937.81641977
6933.43022658
6929.38239094
6925.44528972
6922.953291
6922.24656443
6923.5307577
6927.35352115
6932.83343294
6938.77326761
6944.91294419
6950.66799844
6957.91957755
6964.59674269
6970.87414732
6977.17198709
6982.56254745
6986.64891155
6989.67506034
6991.73978918
6991.70832103
6990.29038639
6986.01991096
6980.57323065
6973.64191577
6967.62075179
6961.40058225
6955.94474377
6951.07950287
6947.09869473
6944.24683001
6942.64524404
6942.12862273
6941.63263869
6942.42934395
6944.3647711
6946.69926877
6950.17066924
6953.8736516
6955.92992621
6956.50411715
6956.35422699
6955.64683831
6954.45118102
6952.87056684
6950.34133604
6947.22150067
6944.21833095
6941.06378653
6938.86342751
6937.39850322
6936.69510817
6936.73235419
6939.3276716
6943.65206454
6947.60313999
6954.49828915
6962.59168833
6971.26412239
6979.51609595
6986.81692986
6991.7146286
6995.37177131
6997.13648985
6998.38004982
6999.01932372
6999.11841878
6998.79743667
6996.98884393
6994.09028926
6991.38974347
6986.32315521
6979.26666469
6973.57741129
6969.86301258
6968.63420047
6969.28877285
6971.62834445
6974.37192807
6976.26619223
6977.05339084
6977.16496164
6976.8589574
6975.02762953
6973.4484302
6970.4834962
6967.84898823
6964.21555641
6961.05149836
6958.08855071
6953.31406912
6946.68212333
6938.0490053
6933.0429697
6929.94896401
6927.35191115
6924.95683294
6924.12011468
6926.34335519
6928.85017147
6933.34827
6938.66030287
6945.60098502
6951.9927762
6958.58550355
6964.3379581
6973.55495494
6978.76963518
6983.59557399
6987.2043122
6990.83623857
6993.39197511
6995.30594956
6995.69460038
6996.4344957
6995.71424097
6994.73652588
6993.30057459
6990.93475514
6988.9746971
6985.18958392
6980.76259016
6977.80578282
6976.1526978
6975.7434376
6976.35879153
6977.86066215
6981.05514987
6984.46293101
6989.10663333
6993.87188705
6998.35713348
7002.26799381
7006.94441186
7011.82514637
7016.76729082
7020.27245944
7021.97395592
7023.09473783
7022.38513975
7020.45504441
7016.80062685
7012.06487583
7006.17149415
7000.66148723
6995.27298292
6991.03639413
6987.64743116
6984.39276017
6981.92099446
6980.59101033
6980.88717337
6981.54359271
6982.64125616
6983.78535865
6986.06585516
6988.88340113
6991.57627329
6993.7233072
6995.34741224
6996.13706418
6997.71059018
6999.82999625
7002.18625328
7002.22378506
7000.7301108
6997.87354154
6995.82496843
6993.15967534
6991.94584807
6989.63566765
6987.48244465
6985.61230955
6984.61636176
6984.91246207
6984.76909555
6983.24071223
6980.53933705
6977.71545563
6975.437517
6973.31535094
6970.83174373
6968.14606429
6964.5848524
6961.44385706
6958.11796978
6954.77020464
6949.97020004
6945.60058078
6941.52681091
6939.59774011
6940.46478349
6942.93434678
6946.91168401
6952.04964887
6957.77206406
6962.86999502
6967.87962698
6972.75698817
6977.44270378
6982.32455345
6987.94944176
6991.30212053
6993.25557827
6993.6014352
6992.11257699
6989.66505883
6985.8195742
6981.07281106
6976.39978725
6972.26881714
6967.89741363
6963.95862575
6959.80995263
6955.98311191
6952.68840702
6949.61848161
6948.16479943
6946.40631179
6945.64215498
6946.55394376
6947.97934991
6950.78723589
6953.74703324
6956.58833191
6959.32983159
6961.64550413
6963.70694328
6965.75297941
6967.4521062
6970.45804986
6974.48383341
6977.86720669
6980.71743354
6981.96638805
6982.31062801
6981.40097892
6979.81722838
6977.94753934
6974.96824777
6972.13378637
6969.72395332
6968.09004889
6966.47766687
6964.57408423
6960.22244676
6955.20095239
6949.67405792
6945.61107016
6942.17056633
6940.00432395
6939.49663779
6940.48201953
6943.72013751
6949.07941094
6954.91324359
6959.65080673
6963.77450048
6967.25946397
6971.99616984
6976.74997236
6981.17668035
6984.10967924
6987.14017712
6990.61803849
6992.47332118
6992.72089851
6991.93128839
6988.65808499
6984.3461887
6979.6713458
6975.23839993
6970.28969003
6964.97180262
6959.50438051
6955.02819468
6951.64662655
6948.53009482
6945.59220321
6943.47336169
6941.68805469
6940.37608721
6940.3404024
6941.63885565
6943.79663682
6946.17428384
6948.5383539
6952.29838317
6956.57137466
6960.67068147
6963.82009619
6966.99715968
6970.22287858
6972.08405066
6972.12700486
6970.5859367
6968.04652318
6964.27596968
6961.2743751
6959.36332792
6958.27635598
6955.61509834
6952.06336522
6948.99191345
6947.23481278
6944.64047113
6942.95707494
6942.23945475
6944.30568207
6946.0226652
6950.49426498
6954.42050044
6959.81694323
6962.66795068
6965.88170959
6969.45990662
6974.08927926
6978.49972697
6981.91226144
6983.44315384
6984.2893927
6984.34523385
6984.17354948
6982.82825991
6981.57088602
6981.30122174
6979.90407769
6979.21579989
6978.86022722
6978.7175019
6977.40943048
6976.00212462
6975.0821813
6974.76216798
6975.50517875
6975.99482038
6977.65571145
6979.56273015
6980.90719032
6981.57171541
6981.81722971
6980.71314718
6978.52858846
6975.64904709
6974.04284021
6973.24874161
6974.31174479
6976.56549163
6978.52299179
6980.03714998
6982.03105283
6985.17857181
6987.22860157
6989.91343071
6992.66392826
6997.26099639
7002.15952452
7005.88717958
7009.52796443
7011.61915718
7012.09842792
7010.8933267
7008.44162672
7004.9290563
7000.44814502
6993.93112942
6987.51199614
6981.76945946
6976.8373653
6972.11245214
6967.24330126
6963.2728222
6959.76161783
6957.44355469
6957.28377455
6958.54402693
6961.97625774
6966.80085837
6973.00611277
6980.04936087
6988.20551514
6995.61920924
7001.97737864
7007.55337458
7012.17066875
7016.38908757
7020.35882784
7022.46957058
7022.47930723
7020.0432333
7016.36134123
7011.44034282
7005.66993434
6999.15696116
6993.73202628
6988.79069031
6984.50459581
6981.95467897
6981.1087886
6980.80290982
6980.43615079
6981.13324525
6983.68723239
6987.18721555
6991.94538807
6997.17131739
7003.6994845
7011.0132193
7017.96062721
7023.5428192
7027.30157302
7028.32165684
7027.26289124
7025.59302321
7023.99884602
7022.63501708
7020.64542846
7017.2455161
7012.346751
7006.88521828
6999.78410084
6991.69875862
6983.15946655
6975.35208254
6968.91748352
6965.82570116
6963.79478925
6963.00310216
6963.33009214
6963.97751361
6965.78177817
6967.52431219
6969.46369813
6970.87734641
6972.85344868
6975.57433202
6978.86974084
6982.72723426
6985.49533725
6988.21130695
6990.36873268
6992.57834047
6993.72562811
6993.30304186
6992.85618019
6993.12419265
6994.09740531
6995.46773
6997.1482059
6999.01378979
6999.77435024
6999.73090816
6999.50339657
6999.13273452
6998.42092705
6997.37490203
6996.68279091
6996.29478827
6995.96951283
6995.04848921
6994.12255892
6993.4561311
6993.06618392
6992.67335128
6993.26836069
6995.15027456
6996.19883654
6996.67214122
6996.24475286
6995.86087628
6996.49940442
6997.69354232
6999.56031106
7001.47662036
7004.65383021
7008.41680069
7012.46188331
7016.140646
7019.53118412
7020.66796147
7021.43026434
7021.284786
7020.97315025
7020.18816801
7017.60414847
7015.47858817
7012.12503122
7008.62032261
7004.31366055
6999.31955706
6994.69192684
6990.19046892
6986.25769588
6983.70193843
6982.77799451
6982.46117331
6984.02024418
6987.02022875
6991.24024362
6996.92727369
7002.93617799
7008.8098006
7014.24742728
7018.94094895
7022.30562953
7023.84614011
7024.32934872
7023.46845261
7022.44499545
7020.3459827
7017.08472535
7013.43685931
7008.61791109
7001.84026393
6994.27213544
6987.59563939
6982.20529508
6976.77191991
6972.02771465
6968.60411232
6966.10462118
6964.17777372
6963.00208459
6962.45428089
6961.97314925
6961.17044309
6960.74999654
6960.91854455
6961.3692744
6961.64124565
6962.53810536
6964.57704635
6967.58183304
6971.28818176
6974.43488528
6978.69928313
6981.97314865
6984.84749759
6986.58617737
6988.79652395
6991.91051871
6994.09638077
6995.71456854
6995.74236367
6995.39840946
6993.82922558
6992.4543218
6990.05805177
6986.69105029
6983.74840536
6980.26544217
6977.4568871
6976.30233008
6975.96597284
6975.90429108
6977.50320069
6979.46654843
6981.22185091
6984.46082616
6987.55696458
6991.3147287
6996.73166934
7002.00971801
7006.86629557
7010.01736909
7012.89566288
7015.89984321
7016.49714564
7015.76309789
7015.39632492
7015.10121431
7014.87871392
7013.84407738
7011.67635046
7009.90086375
7006.63775247
7002.16267482
6998.02208654
6995.99504978
6993.17643047
6991.38947166
6990.41292051
6988.86035934
6987.33092359
6983.70722843
6979.20446717
6973.73425719
6970.30465395
6968.13365128
6965.41370187
6963.1955144
6961.94210625
6962.6384201
6963.12715568
6963.9484291
6965.14727153
6967.96922932
6971.58365479
6975.38118797
6978.8246818
6983.0159467
6986.53255954
6989.0254016
6990.46827379
6990.96827935
6989.71894848
6985.9436974
6981.34600897
6976.32289763
6970.94120271
6965.49573513
6960.00797546
6955.44680123
6952.67695582
6949.62156221
6947.47066709
6947.03524268
6947.91445513
6949.09060426
6951.76881916
6955.47938454
6959.00236071
6961.93933232
6965.37274798
6969.02260736
6972.40407094
6976.1071927
6979.75816723
6982.21966658
6984.51919034
6986.42211087
6989.09948243
6991.1681143
6991.81303366
6992.23748081
6993.17904411
6994.87782241
6995.78664908
6996.54607347
6996.73045662
6996.13599782
6995.30356592
6994.16635645
6991.78351702
6987.57509971
6982.38123794
6977.55910458
6974.51203975
6972.49954873
6971.49170367
6971.63088838
6973.08809723
6974.70155956
6977.15688377
6980.50900496
6985.88579322
6992.73532576
7000.53551009
7008.73091068
7015.93337438
7022.49914297
7028.03422683
7031.18097217
7032.07685612
7032.71297973
7032.15456816
7029.4220315
7024.60806662
7017.19722312
7008.51381877
6999.10700939
6991.30455992
6984.35876899
6978.41265463
6973.6336079
6971.0725744
6970.2170798
6970.7244802
6971.3408308
6971.94704746
6972.90696893
6975.13561791
6978.5329236
6983.53861769
6989.52618776
6994.00989388
6998.59453506
7002.87589714
7006.017004
7006.17597566
7004.25713636
7000.69765295
6996.16704082
6992.28969076
6989.378277
6987.15938558
6985.28863715
6981.89144297
6976.78458384
6971.8144282
6966.52065592
6961.99328469
6958.37165952
6956.79657928
6957.13017652
6959.53538866
6962.32460981
6965.27540232
6967.16029225
6968.54034663
6969.94802885
6972.0871452
6975.17141424
6976.93977095
6977.58814728
6977.94319722
6978.39914737
6978.79961182
6979.27769074
6978.44879248
6977.20514887
6976.50600533
6976.95998305
6977.56640184
6978.95567712
6979.63420432
6979.8708462
6981.25043361
6982.84345384
6985.20972632
6987.14907741
6989.19560839
6991.98392349
6995.65046133
6999.73136816
7003.86569069
7006.529325
7008.13774824
7008.4527155
7007.66607447
7006.99473999
7005.31135076
7004.00502177
7001.81231548
6999.67877488
6998.04305834
6997.79907737
6997.93412208
6998.38341618
6998.31632594
6998.82118241
7000.13692745
7002.2720432
7005.36280102
7009.31622524
7013.259641
7017.62045058
7021.25566664
7024.10088228
7024.9075542
7023.24695586
7018.4397237
7013.14314263
7006.95902033
7000.94804604
6994.84657032
6988.24523541
6981.70508043
6975.09967522
6968.77300185
6962.74711242
6958.30265959
6954.11290014
6952.94469646
6953.65292848
6956.54605377
6961.18224974
6967.44248106
6973.97746452
6979.86458045
6985.50211876
6989.98046519
6992.44181818
6993.43543809
6994.07460746
6994.39734592
6993.95570454
6991.85397362
6988.30594141
6982.94999949
6976.60810432
6967.54288641
6960.88841458
6954.81071945
6951.36229805
6949.46896085
6949.50858354
6951.50047912
6953.15761352
6954.52219519
6956.64665428
6960.62915605
6966.20348624
6970.34116119
6976.88137889
6983.80448348
6991.52071092
6996.71026543
6999.76218813
7001.00964416
7001.98924803
7002.27359744
7002.49222964
7003.19211197
7004.25154667
7005.21436056
7004.34471749
7001.3646035
6999.04787854
6994.94529598
6990.20100012
6987.67933143
6986.07566848
6985.45479456
6985.36223011
6986.60880098
6987.5309746
6987.30300998
6985.95577588
6984.35781414
6980.91774243
6979.64387128
6977.57459123
6975.84327144
6973.74862869
6970.80323073
6968.19534697
6964.9233563
6962.5346693
6958.37093467
6952.23818596
6947.95929115
6944.37461231
6942.72888032
6942.35953553
6942.05557341
6942.76986209
6943.82592346
6946.56890769
6949.44702026
6952.7499703
6956.03012944
6957.93039451
6960.05976723
6961.42872586
6962.32538345
6961.66492865
6960.94882088
6959.07363973
6956.84384772
6954.85884516
6952.32634557
6948.81371938
6945.00837319
6940.21386768
6935.61065228
6931.27070996
6927.09166292
6923.99615178
6923.32593245
6926.05646881
6930.52176101
6935.86549203
6940.98923175
6945.71668187
6950.67560934
6954.53137427
6957.12879652
6958.8424342
6959.89013891
6960.65591966
6962.25196473
6963.56773069
6963.37109483
6960.85786643
6956.25571043
6949.72003696
6942.83233839
6936.13035419
6930.02753332
6925.98944827
6923.76888412
6922.63702041
6922.7668727
6923.69296329
6924.68797018
6926.69865604
6929.58939073
6933.107056
6937.73699319
6943.03510759
6948.21867513
6953.55357555
6957.47913496
6960.32033606
6962.05767068
6963.0310088
6963.57282553
6962.98183764
6960.95249391
6958.38318739
6955.03717164
6951.82385183
6947.66289114
6942.39430732
6936.38809332
6932.27491683
6929.70722031
6927.68734142
6926.1561284
6924.38791108
6922.82255356
6921.94551565
6921.21454153
6920.30550577
6918.75752368
6917.6908196
6917.41320987
6918.67284195
6920.71474506
6922.56562987
6925.36591192
6928.89359961
6932.11287154
6934.72489529
6937.25983427
6939.17234508
6940.71219355
6942.52967264
6945.07795857
6947.11320563
6949.69644456
6952.42535698
6953.80282561
6953.86843827
6953.70431601
6951.54712029
6949.67837215
6947.87753668
6946.33761853
6945.47166242
6946.98537454
6948.7674267
6950.18628134
6950.15583774
6949.88436134
6948.34553046
6948.33666501
6948.4910994
6949.19878082
6950.07475236
6951.70653801
6953.74968172
6955.88601716
6956.84874044
6956.62432339
6956.09300998
6956.40814452
6957.4620174
6958.3560056
6959.40490909
6958.7804876
6957.40928473
6956.76906991
6955.27159717
6953.58261128
6951.63037323
6950.18273377
6949.10724091
6948.25695964
6947.11283624
6945.45944456
6943.91143459
6942.2458808
6941.20440002
6941.94387019
6943.5482998
6944.86155667
6945.93653378
6947.04048388
6947.96229508
6948.21999937
6948.88411325
6949.8616053
6951.36560865
6952.29750499
6953.84775223
6956.24007741
6958.82589513
6960.05152208
6960.96482329
6961.10017467
6961.40879255
6961.30173114
6960.868084
6959.68309033
6958.47014124
6957.5541567
6957.2360252
6956.39446998
6954.97514837
6952.06097462
6948.63342047
6944.43179861
6941.1419516
6937.67914476
6935.29912108
6932.64850615
6930.91283728
6930.3253203
6929.81076202
6929.70560334
6929.04691885
6928.27317871
6928.16645185
6929.28491982
6930.89808942
6934.16872797
6937.25347094
6940.38390721
6942.28148198
6944.229357
6946.06947364
6947.64086692
6949.09440274
6951.33942352
6955.01215743
6957.25358882
6958.54076511
6957.24950458
6954.86679757
6951.28929054
6947.73787803
6943.55002131
6941.44667342
6939.31841585
6938.23563269
6936.77691839
6935.58265504
6933.07816663
6931.94662352
6930.03271877
6930.00323698
6931.74173555
6934.93280811
6938.6176414
6943.81236741
6949.37089731
6952.55443564
6955.24012205
6958.11321645
6960.78839953
6962.20459872
6962.01463982
6960.95189452
6958.84598874
6956.48437202
6953.25443646
6948.55983449
6942.78951662
6934.93397205
6930.34641058
6926.62187097
6923.15023353
6921.11720981
6920.60825516
6922.58526349
6927.41693836
6933.36170756
6939.7434136
6945.36197344
6950.61992849
6956.36585941
6960.59485124
6965.17789635
6969.32813069
6973.92370033
6976.15690749
6973.02948911
6968.83423057
6965.02314832
6963.93166699
6962.89804106
6962.26443351
6962.6069868
6963.72511326
6966.29179918
6972.17402936
6979.36118762
6989.33610341
6997.73156198
7004.7532389
7010.41703202
7010.90757971
7007.34158661
7005.89381473
7005.01488803
7001.16736824
6997.70045625
6992.09053883
6986.02454581
6979.03541734
6968.07465285
6957.12280259
6948.94661046
6944.69792229
6943.10391237
6944.95288052
6951.91674386
6961.24883816
6969.27247074
6975.75173851
6981.48733338
6984.65246476
6983.35859757
6981.75876795
6983.32005518
6987.90687787
6993.64027031
6993.53378739
6986.83208894
6976.75788295
6961.85861634
6948.96991711
6941.96362229
6939.49697931
6932.16967451
6926.12144026
6922.30399468
6918.55096995
6914.15217556
6914.38033533
6919.01863615
6923.66911998
6927.86402306
6934.18482795
6943.56321494
6959.20859384
6979.04905006
6998.45151702
7013.9467688
7023.90134005
7028.11612069
7027.27083668
7027.83043309
7032.15261665
7032.47329209
7025.23004175
7016.24280771
7002.1746836
6982.42823456
6967.48808374
6958.32112927
6949.2983289
6941.52286607
6939.71335333
6940.22816251
6942.72973062
6945.72395823
6949.75804965
6949.45098602
6946.70027241
6943.84267163
6944.23261184
6952.37372552
6965.39639613
6985.73781276
7006.45543932
7021.74709251
7028.2192024
7025.47614151
7016.69548908
7005.57985807
6990.81969253
6979.5322726
6966.4861211
6955.51651207
6947.55143883
6945.61656925
6944.96683384
6946.46767991
6943.07477906
6938.83708906
6935.95028528
6939.27875831
6950.97632358
6967.71540715
6983.09365177
6992.3621825
6997.312823
6995.25210173
6993.45367777
6992.53765839
6992.98762157
6992.09167489
6984.90253723
6970.17856529
6953.31648761
6937.99266929
6930.14040048
6933.30431913
6945.33341165
6957.48773556
6964.12697862
6964.50116036
6965.69181341
6965.77356788
6969.586288
6980.48428347
6991.14717038
6998.83587451
7003.95773242
7008.26852053
7014.24053426
7022.28230197
7024.46957888
7019.24206047
7005.48881998
6984.77632312
6966.08519666
6953.72077145
6948.96572135
6948.02218563
6946.29750099
6939.9242213
6934.11875529
6931.01771718
6929.64893976
6932.87047684
6941.72975435
6952.11876729
6961.19211882
6971.84158211
6982.00322983
6989.27827589
6992.6418204
6990.96687147
6987.84169035
6983.70758388
6980.32761878
6982.23721626
6985.26381808
6981.68766318
6972.25146261
6960.12636262
6948.81989453
6945.02071651
6951.83446667
6961.23720575
6969.09568456
6975.15605304
6974.37966442
6973.36710786
6973.18901834
6972.70217852
6971.41294618
6965.82374268
6957.64411449
6953.27754098
6957.12147835
6973.42563235
6994.73021135
7015.22749115
7025.84260781
7019.44808451
7000.17029136
6974.87470756
6955.06084071
6950.09374477
6956.32507975
6965.38884796
6971.93763838
6967.1080126
6956.31183037
6948.71139039
6946.67086031
6944.30173723
6944.0046054
6937.74050591
6929.7670551
6926.35202548
6933.55057222
6945.86098931
6958.07687648
6965.25781082
6964.25102516
6956.712253
6947.99857232
6947.49240555
6953.25879948
6964.12913225
6975.88724322
6986.48273323
6993.09579116
6993.1760332
6989.23723835
6980.4679953
6966.97177607
6959.27478498
6953.98152846
6949.21824716
6950.85887037
6956.30146644
6960.34261816
6961.00689931
6958.56501963
6952.29048651
6945.7632394
6953.00322792
6966.72904268
6976.7782693
6980.4838165
6976.4898008
6961.34191837
6941.94632352
6929.13075725
6920.5307313
6919.54286835
6921.85995573
6927.47430587
6936.44557933
6944.89086421
6956.00809128
6966.94570943
6976.44946023
6984.14221375
6987.19694524
6987.79030283
6987.50828129
6986.55800588
6984.65817293
6983.66824695
6981.12386404
6978.47306094
6972.46866603
6966.57861586
6959.07647639
6951.08595681
6944.76534707
6938.21033968
6933.291704
6929.62635796
6930.59630184
6934.05751959
6936.52570985
6936.1796508
6935.92411409
6937.82556401
6940.64090756
6947.5237134
6954.06678171
6955.70787188
6956.62665824
6960.03551271
6963.83924193
6966.71819784
6968.63615895
6968.59497506
6965.68427918
6962.00379498
6959.59434527
6959.31756494
6959.3963085
6959.39858759
6959.95113067
6960.67901721
6961.27112026
6962.19976175
6963.00475398
6964.33563022
6965.13970942
6964.15207647
6960.52869494
6955.6726401
6950.64351392
6947.08124263
6945.38976159
6943.34759364
6940.71842445
6938.16266003
6935.19852754
6933.49475197
6934.5146755
6937.32643663
6942.07465642
6947.7085217
6952.42745486
6955.74904184
6959.1254315
6963.80231652
6969.16547206
6974.49375825
6978.31907957
6978.95631833
6977.61454149
6976.37582546
6974.49700612
6971.99499196
6969.57620286
6966.06872031
6961.06667137
6953.94950273
6945.92290106
6937.95551388
6931.13424343
6926.97609849
6924.43878285
6922.48758328
6919.59109164
6917.1347847
6916.35676517
6917.4843495
6919.96381672
6924.28621633
6929.88973558
6935.59566745
6941.57423268
6947.81133857
6953.42621144
6957.70058292
6960.7349211
6964.00985994
6967.20435463
6969.60224162
6969.62126191
6968.53425512
6965.43836761
6960.85153795
6956.60432735
6951.85410725
6946.40139816
6940.89153761
6936.17739959
6932.56806896
6929.83367139
6927.17040648
6924.71979378
6923.3355785
6922.286675
6922.81923598
6924.87547575
6928.06364195
6931.80809396
6937.11135199
6944.07327776
6951.99266469
6959.11521393
6964.22832488
6968.32638411
6970.7629738
6972.38097339
6972.88503531
6972.68915914
6971.91036598
6969.46799843
6966.49861079
6963.28030067
6959.99858032
6956.38569514
6950.99728841
6944.53020367
6938.4518952
6932.57251562
6927.83222036
6924.51047308
6922.46212301
6922.30437801
6922.79626389
6923.40130267
6924.05395839
6924.71821166
6925.78240666
6927.0505766
6927.93054875
6929.10914424
6929.84524805
6929.96150945
6930.44504563
6931.38876954
6932.68718096
6933.83823224
6935.28691715
6936.33195944
6937.46916194
6939.5386232
6941.88989691
6945.12738064
6947.39682322
6948.81288999
6950.14268593
6951.74823766
6952.84547596
6954.09686986
6955.59386866
6956.85684619
6957.24552489
6957.50310372
6956.84915165
6955.8028827
6954.28727482
6952.13890969
6950.16242409
6948.64568016
6947.29258454
6946.65839851
6946.80237836
6948.09871283
6949.42079332
6950.36490056
6951.27620147
6952.11721305
6953.29596187
6955.08545069
6957.52641037
6960.17362408
6962.26553472
6963.26093888
6962.76629998
6961.20580729
6958.81926695
6955.6940719
6952.87141714
6949.3258313
6944.86421909
6940.57801307
6937.18868767
6934.40746076
6932.29433439
6931.49238095
6930.46955106
6929.46024237
6928.59919293
6928.62859805
6929.9099895
6932.57503865
6937.56143367
6943.29824126
6948.54713571
6953.98260876
6959.16884569
6964.24795849
6968.9818277
6972.65427585
6974.97927382
6976.57060041
6977.23354339
6976.95260912
6977.30601422
6976.90890917
6975.41227975
6972.71279336
6968.92910199
6964.41042894
6960.06091026
6956.56473951
6952.73338243
6949.01119161
6945.4417973
6942.90460711
6940.49943679
6939.87921801
6940.50001527
6941.65915836
6943.29113915
6944.07477624
6945.1252061
6946.58532828
6949.2018893
6951.42540859
6954.7874825
6957.46612952
6959.22610867
6960.67827843
6962.09695883
6962.37865976
6962.61749012
6962.55491625
6961.86971208
6960.61332789
6958.43486764
6955.97128435
6955.28385685
6955.0346068
6954.72090105
6954.55215789
6953.34962151
6951.64519776
6949.22945442
6947.25310822
6944.56166485
6942.70230489
6939.62652493
6937.5859391
6935.85488416
6934.57639211
6934.31435964
6933.91071004
6933.19426076
6931.64093292
6930.26674005
6927.89827212
6926.93669884
6926.41956875
6926.8768989
6928.39797798
6931.40344073
6933.36618907
6938.13357552
6941.06559865
6946.91752461
6950.27738216
6953.02372578
6953.48256835
6952.10452124
6950.9088082
6949.76571631
6948.61163322
6948.20758635
6947.80308645
6947.24540671
6944.04075719
6941.30425477
6936.91073644
6932.43703182
6929.83019352
6923.70046965
6920.76519167
6916.15481144
6915.43735852
6917.46870952
6920.08692932
6924.7635704
6928.55718661
6931.27660631
6932.66523341
6933.40760994
6934.8532491
6935.96389708
6938.58447961
6940.55132613
6941.33794625
6941.31249991
6940.48640347
6938.9712068
6936.20287381
6932.67723522
6929.44150088
6921.70738225
6915.66697495
6910.94173422
6907.28401303
6904.6081748
6902.50732205
6900.50671436
6899.16941903
6898.18440668
6897.58844243
6898.46272731
6901.3071275
6904.44599708
6908.1580958
6911.84626756
6915.83861751
6920.11473142
6924.13466043
6928.31615382
6931.50388094
6934.18912825
6935.8778005
6937.31162604
6938.72399887
6939.52552019
6939.92677221
6939.35424702
6938.30278565
6936.24690831
6935.29746229
6935.08228705
6935.28960745
6935.82924964
6935.28244958
6933.84917465
6931.66876986
6929.07488821
6927.54318732
6926.49824958
6926.79148534
6928.12947067
6929.61252313
6930.81390253
6932.68850521
6935.23763447
6937.96897235
6939.6030789
6939.72426787
6939.07735518
6938.58198446
6938.5541754
6939.45982389
6940.81841162
6942.5116072
6942.4635024
6940.84211554
6938.469647
6935.07611888
6932.05917705
6928.55107419
6926.39750968
6924.09882228
6920.8194298
6917.8420549
6915.06868282
6912.99995338
6911.14846917
6909.18474507
6907.42506562
6905.45375153
6904.34346597
6905.18881967
6907.74703045
6910.70104295
6913.05851271
6914.82479246
6915.75732305
6916.18324777
6916.51815531
6916.35456972
6917.30298423
6917.98674566
6917.89980575
6917.15164438
6916.10902057
6915.23420599
6915.00578834
6914.92148297
6914.07373867
6912.55063837
6909.70698394
6906.97177789
6905.37397646
6904.39571774
6904.12458286
6903.68140815
6903.11388023
6902.85949352
6903.14112475
6903.91423762
6905.46455455
6907.42645956
6909.41277242
6910.51405314
6910.50431648
6910.82775191
6911.85691028
6913.48728804
6915.23820659
6916.51383411
6917.33723328
6917.60774089
6917.93300935
6918.11437463
6918.64224501
6918.87197296
6918.83281027
6918.14763399
6917.24755428
6916.13961751
6915.17562575
6915.95940921
6917.25184064
6917.74616591
6918.23335421
6918.73222371
6918.74630945
6918.86520539
6918.96634953
6918.73082977
6917.81494281
6917.07093537
6915.70515492
6915.12970943
6915.439547
6916.35355215
6917.97601234
6919.52266322
6920.49613376
6921.58841661
6922.88830561
6924.20279612
6924.97093959
6925.86740203
6927.52054977
6929.1163509
6931.39272135
6934.21143823
6936.99407302
6939.68099306
6941.26960147
6941.68617984
6940.27598156
6937.7848889
6935.43783185
6933.11172569
6929.43804391
6926.76973294
6923.68414663
6921.02311899
6919.15860843
6918.06825619
6918.20995696
6919.38200094
6919.94604401
6921.60853113
6923.08068299
6925.8706499
6929.41984605
6935.04722951
6938.99659041
6941.9076975
6945.42086732
6946.47536748
6948.67537801
6949.67083095
6950.71394263
6950.82149889
6948.57779538
6946.68421424
6943.0996051
6939.62646918
6935.70547492
6930.88069307
6928.42327796
6923.89395521
6921.01226021
6916.68072333
6914.88238301
6913.51486711
6913.00601701
6912.34952797
6911.4456916
6911.4927161
6912.8067466
6914.13807588
6917.63373784
6919.69552547
6922.39867792
6923.1842038
6922.52672506
6921.87921298
6920.39620932
6919.469136
6918.94677864
6917.62110876
6917.08820626
6915.74909184
6915.28996351
6915.78115939
6915.72635671
6914.32749114
6912.13484758
6910.96797511
6906.92683036
6904.14281557
6903.40036934
6903.3310488
6903.60996883
6903.46748049
6902.55588685
6901.34198292
6899.93425887
6899.0274325
6898.75376066
6899.19752779
6899.02368281
6897.97836173
6897.80089949
6898.21114241
6899.24383441
6901.90301508
6903.58680855
6905.39688583
6906.65379275
6908.66679953
6911.03798564
6913.88128462
6917.28468879
6919.74361633
6922.46231816
6923.52800467
6923.47357139
6923.82457892
6923.43334931
6922.55475716
6920.51516798
6916.82523289
6913.06355877
6909.59725314
6906.58585222
6903.33723789
6900.18999073
6897.65438266
6895.10731642
6893.41460175
6892.52588961
6892.88537925
6894.89674815
6897.76697801
6901.03031232
6905.8815511
6911.13572161
6916.1479672
6922.72160457
6929.25474106
6934.40884076
6937.36927234
6938.87003478
6938.99357951
6938.97957043
6938.50844726
6937.33484904
6936.06358456
6933.74704081
6930.24088947
6926.22598561
6922.40317337
6918.59410536
6915.41663066
6912.54763444
6909.85208592
6907.05276569
6905.68891584
6906.04355458
6908.08052315
6912.1102376
6916.62843672
6920.36878359
6924.44763436
6928.04026561
6931.32710172
6934.4398977
6936.11245602
6937.09696655
6936.13641782
6934.59564936
6932.48890722
6930.99842508
6929.36844459
6928.40704555
6926.9561373
6924.97061201
6922.4949851
6919.65462036
6917.08020506
6914.54754516
6911.91164325
6910.24142674
6908.95884348
6907.99747929
6907.84091217
6908.37673497
6909.30571101
6909.98829457
6910.05453451
6909.56938135
6908.52521028
6907.82774643
6908.41871341
6909.38175033
6911.0054581
6912.34473979
6912.80179812
6912.21831658
6911.25705694
6909.70554819
6908.52758694
6908.28386385
6907.89545
6907.62372269
6908.28873567
6909.73983906
6911.99380196
6914.67396837
6916.34688215
6916.02477096
6914.56194454
6912.4556415
6910.75911441
6910.27063671
6910.64676997
6911.76461764
6912.87988653
6913.57165614
6913.39153844
6913.36902634
6913.77360988
6913.48382411
6913.07683603
6912.44081
6910.91745182
6909.67242125
6909.32108615
6909.88068953
6911.08090499
6912.00088317
6912.41482699
6912.98597915
6914.17620705
6915.12214732
6915.96306132
6917.35628842
6918.03478774
6917.66939477
6917.02004966
6915.5283757
6913.99951844
6913.08743693
6912.255932
6910.97755843
6909.35909884
6906.98910454
6904.42443286
6902.71714457
6901.08554014
6899.1599751
6898.06819407
6897.97464689
6898.44251521
6899.9285019
6902.53950111
6906.71655481
6911.18841943
6915.06914282
6918.08839162
6920.859394
6923.90282066
6927.60075696
6931.71466527
6935.46609394
6938.07329467
6939.69037426
6940.05706359
6940.36105359
6940.15948319
6939.3707861
6938.26207569
6936.55322619
6934.18852886
6932.48984813
6931.43732737
6931.68943499
6932.39073217
6932.51388659
6931.76988612
6930.12730443
6927.84153884
6926.06279032
6925.72225823
6927.20760372
6929.3925179
6931.10938951
6931.61211325
6930.95947845
6930.81229951
6930.47891135
6929.67237186
6928.62708563
6926.85922376
6924.89440542
6923.3743927
6922.78810238
6923.31445337
6923.6942945
6923.88927855
6923.1793529
6921.08353226
6917.96154327
6915.02952014
6912.15917876
6909.58084649
6906.71173876
6902.48342299
6897.79755404
6892.92079922
6888.41935523
6884.4658404
6881.33716747
6877.66351356
6874.37012595
6872.17439481
6871.40703194
6871.56496512
6872.61376407
6874.20194733
6876.41698451
6877.87727396
6879.64917824
6882.45942695
6885.9060432
6890.71425809
6895.51336359
6899.33335311
6902.25677564
6904.93900508
6906.55593134
6908.3114011
6909.88063377
6910.22213464
6910.05410238
6908.82794573
6906.48242899
6905.77269848
6904.30005178
6903.80786621
6903.33554426
6902.49545267
6901.04781321
6900.11073142
6899.58801861
6900.73834503
6901.97388289
6905.07116434
6906.95051337
6908.10957978
6909.04742824
6912.31345982
6915.32022591
6920.3841169
6923.43525203
6926.0091934
6928.87499053
6930.82519343
6934.93043145
6937.32400421
6941.56280239
6943.62456912
6946.02297884
6946.61799521
6946.50791593
6946.63589338
6947.04646388
6948.96702468
6948.95116864
6947.59192576
6946.24461498
6943.7891932
6942.15463362
6939.0707061
6936.28220979
6931.78899701
6928.15452671
6925.52215146
6922.17546663
6921.42564647
6921.51516517
6921.75301978
6921.44714099
6920.96248966
6920.00271456
6919.75200087
6919.58357134
6919.50009536
6918.94655561
6918.59575718
6918.78347881
6920.11271021
6921.53971241
6922.95469191
6924.10553409
6924.54046366
6923.92121367
6921.36754016
6918.81008908
6917.09923928
6915.44349881
6914.87797817
6914.67577352
6914.23327487
6913.8003944
6913.90653581
6915.11404157
6916.49574079
6918.61524443
6920.45217593
6922.57670471
6924.65796566
6926.80363351
6929.52071837
6933.29684763
6937.22814309
6940.95491997
6943.46791837
6945.60286684
6946.8057726
6946.96890517
6946.90318099
6946.1681087
6943.3614215
6939.92496009
6936.35921093
6933.94675728
6932.24147626
6931.08688438
6930.50548678
6929.45941995
6927.62851027
6925.64623285
6924.43709618
6923.42488811
6923.57944098
6924.19561733
6925.57345535
6926.63990156
6928.77631366
6932.03588434
6936.03841701
6939.19724082
6940.88338307
6941.17688369
6939.75013239
6937.46813043
6935.24718295
6933.77503109
6932.45982271
6931.22905909
6929.59972678
6926.96226366
6924.22476458
6921.91239568
6920.9146288
6920.83943281
6920.59561215
6920.07003479
6920.33804725
6921.47537521
6923.09982176
6925.8921514
6928.7221522
6931.11688193
6932.95938221
6934.30092905
6935.08636432
6935.75431153
6936.25691679
6936.09239029
6935.76778394
6935.12916519
6933.26791644
6931.42338102
6930.4451223
6929.68171821
6929.73676482
6930.2494134
6930.45054472
6931.13954039
6931.71817102
6933.00227368
6934.7075547
6936.89345161
6938.84743208
6940.96812056
6942.72272608
6944.78461129
6946.62904217
6947.39957625
6947.8104813
6947.51166281
6946.02886126
6943.48360017
6940.46283198
6937.73746016
6934.93496175
6932.03442768
6929.24803622
6925.98371918
6923.44797869
6922.44482424
6922.15484331
6921.75560553
6921.78230641
6923.50400106
6925.43119004
6928.1576561
6931.01043385
6934.29800875
6937.2529761
6939.88519104
6941.34304807
6941.14049493
6940.3628448
6940.25576249
6939.76474783
6938.36271105
6935.98284767
6932.42670971
6929.20176445
6925.3377474
6920.82172283
6916.96482881
6913.22664255
6908.83408603
6904.91368419
6900.67092722
6897.14719135
6895.06027798
6895.10167097
6896.16883506
6897.72365441
6899.52730564
6902.18443722
6905.14015033
6907.84111429
6910.63894301
6912.3140174
6913.06830513
6913.19990681
6913.53898223
6914.44267224
6916.62373915
6918.39362223
6919.75844783
6920.64902088
6920.41860293
6919.5214714
6917.91904907
6916.03661943
6914.11531984
6913.04327
6911.90087508
6911.60365962
6912.26651896
6913.67619452
6915.81357541
6917.77909072
6918.13516521
6917.01494088
6915.85390204
6914.66002899
6913.83525679
6914.03148841
6913.89873672
6913.06675786
6911.86514845
6909.77567024
6907.0481866
6904.5478591
6902.58223925
6900.42787322
6898.27306811
6895.74356548
6894.11248378
6893.29279945
6894.30642238
6895.83802569
6897.41868866
6898.32499927
6898.81165787
6899.29283133
6899.58505649
6900.31935515
6901.85083301
6903.7269272
6905.33604044
6906.40888482
6907.40566897
6908.67674528
6910.20918496
6912.0533719
6913.70729328
6914.86081879
6916.01669309
6916.78827262
6917.60836816
6919.89324861
6922.87923804
6926.23221651
6929.7799072
6933.62635366
6937.67564598
6940.96455208
6943.99401148
6946.35136275
6947.23329339
6947.17000163
6945.7878912
6943.23044709
6940.95745694
6939.05445975
6937.54219732
6935.92587742
6932.97399068
6929.60512132
6926.13832085
6923.18149259
6919.98618942
6916.81613047
6913.92798851
6912.29883044
6912.4010967
6914.55723303
6917.89919242
6922.46452058
6928.02397745
6932.89510076
6936.52869288
6939.51623656
6944.64167689
6948.53220663
6954.00271632
6959.62473312
6963.85726555
6967.87294305
6971.52831546
6974.7124253
6977.34525358
6978.76929367
6978.40753191
6975.96889314
6973.26874462
6968.97991103
6966.80395988
6964.25542303
6962.81054357
6961.17350975
6957.7190526
6954.79567886
6951.11985041
6948.739764
6946.38677575
6945.2809717
6944.59339088
6944.25828818
6944.0116657
6944.78524553
6946.14588932
6949.92483433
6952.69586459
6955.48234665
6956.1324654
6956.23268257
6956.44466569
6957.18433798
6958.17098821
6958.60658686
6958.71113918
6958.94309047
6957.87991304
6956.91759401
6956.48533383
6956.35394124
6955.61691743
6954.76315828
6952.39033429
6947.91588392
6946.33374338
6944.92813812
6944.54507698
6944.15341526
6943.66854089
6942.42704395
6942.32509133
6942.51182326
6943.05691575
6943.87697644
6945.64945224
6945.40283673
6944.61588904
6944.21973186
6945.0154753
6946.28818251
6948.68937314
6949.99118578
6949.76566752
6949.36714762
6948.39646495
6948.02664623
6947.92237967
6947.17889496
6945.99186614
6943.77378321
6939.94295583
6936.30456856
6933.31397913
6930.75931592
6928.29739141
6926.44645781
6922.87283987
6920.4026284
6918.86917812
6919.06451762
6920.44772229
6923.35391575
6927.12037108
6929.86076258
6931.50919881
6933.24040708
6935.51657541
6938.21349695
6940.37327843
6942.38110672
6944.51561611
6946.34456731
6948.35629166
6950.57031823
6952.47594299
6953.07027634
6953.33721547
6952.82832355
6951.36343411
6948.92491382
6947.88108425
6949.03497916
6950.68457933
6952.15829937
6953.43601082
6954.7497486
6955.27987716
6955.23789175
6954.63476962
6953.24730646
6950.4158699
6947.2681976
6944.70236895
6943.06415725
6942.28001834
6940.89047125
6940.45267714
6939.34159704
6936.67708455
6933.34469455
6931.0764647
6930.17317196
6930.58625852
6931.3850059
6932.54043414
6933.52416407
6934.26578787
6936.03404701
6938.08680193
6939.78815204
6940.7976071
6940.30285668
6938.59315688
6936.27650859
6933.53360103
6930.88569034
6928.7285225
6925.1602991
6920.82211313
6916.80856836
6913.04461515
6911.30451356
6911.0729247
6912.7685527
6915.11800035
6917.53893611
6920.75455593
6924.04522536
6928.69677556
6933.79412804
6938.85576783
6943.70004389
6948.16791488
6952.23461051
6956.36798516
6960.01532848
6962.11951274
6963.12764355
6962.01742769
6960.2395922
6957.96601659
6955.42655429
6953.28017552
6950.57788035
6947.34144904
6943.67703694
6939.34149946
6935.35745738
6932.87600381
6931.0285899
6930.2818364
6931.03797807
6932.53043961
6935.45109517
6938.9567656
6943.20700802
6947.23702914
6950.84330008
6953.48594168
6954.5760012
6955.49467604
6956.55868982
6957.78500678
6959.39091396
6960.49396498
6960.4031081
6959.80374264
6958.68292588
6956.59663978
6953.80014924
6951.2340906
6948.74888036
6946.86256861
6944.74710042
6943.29444278
6942.99550581
6943.9169267
6945.47633908
6946.95508427
6948.39805404
6949.95435097
6952.77614148
6956.58668706
6960.48558741
6963.74384779
6966.55415922
6968.14606429
6969.01479433
6968.85886146
6968.92820987
6968.26947659
6967.4494856
6966.54557256
6964.50861096
6962.64374495
6961.52626667
6960.59783427
6959.54716047
6958.33205774
6956.95228215
6955.75773304
6955.17391696
6954.83021367
6955.41471278
6956.15294932
6957.62181148
6958.35880741
6958.25763539
6957.47592193
6955.71662581
6954.21188368
6953.14154839
6951.59289721
6950.02139939
6948.37055164
6946.56186133
6945.30098865
6944.68890351
6945.06888404
6945.85093204
6947.07153385
6948.66651256
6950.80102891
6953.26507917
6957.05299417
6962.06649431
6966.19608442
6969.90315799
6972.8091563
6975.22411206
6977.16804224
6978.36937983
6978.6278229
6977.90533787
6976.07136849
6973.33647607
6970.15267986
6966.98532515
6964.17196099
6961.35772563
6958.32517866
6954.91605237
6952.02404223
6948.82195756
6947.09833231
6946.28580585
6946.88373556
6948.35769257
6949.79488446
6951.82731576
6954.05930323
6956.24423832
6957.96880447
6958.46071822
6958.62432472
6956.99891635
6954.4271565
6951.10888709
6948.41498342
6946.32416005
6944.66479535
6942.28618652
6939.18263932
6935.33596286
6930.56792823
6926.89062222
6923.56000252
6921.0693141
6918.37318013
6915.84378205
6914.17363524
6913.67948421
6916.30746856
6918.90148263
6921.91297416
6926.48628262
6928.21687756
6930.70297295
6933.64268364
6937.99904656
6939.98289912
6942.9104965
6944.17139009
6944.92272267
6944.25801636
6944.00825752
6944.79703128
6945.39182462
6945.22037025
6944.23910759
6941.87754662
6940.26966702
6938.314432
6937.54566126
6936.67872243
6936.26019951
6935.44562396
6934.22633942
6933.36679544
6931.94351504
6930.66525299
6929.69907971
6929.67246943
6928.83922208
6928.14444854
6927.81437099
6928.24566934
6928.18008456
6927.16401528
6926.46439082
6923.45627262
6920.70467386
6914.85389789
6911.5989272
6908.57194902
6907.0694581
6906.9026316
6908.04352803
6909.12176695
6912.49286661
6914.56982029
6916.91262583
6918.33953046
6918.69707556
6918.39606162
6917.4585965
6916.94506974
6916.85897316
6918.22322725
6919.39469971
6919.94889461
6919.42048756
6917.97201871
6916.25311194
6913.21978437
6910.60860395
6907.86531306
6904.97086353
6903.64179243
6900.73416322
6900.0617345
6901.80528609
6903.94209547
6907.65629903
6910.06915692
6911.4821152
6912.6020259
6915.3428774
6918.08874011
6919.66524914
6920.37603206
6920.28051246
6919.82017141
6917.81582796
6914.9422875
6913.09970358
6910.72046748
6908.39271647
6905.97704283
6901.70324286
6897.40866624
6893.49356834
6891.09730528
6889.65825248
6887.90460181
6886.6254546
6886.80313988
6887.56588184
6889.10483818
6890.6350615
6892.59992863
6894.73997194
6896.43412934
6898.01836775
6899.73896815
6902.18500874
6904.83496851
6907.5023316
6910.17379984
6911.45292614
6911.83419606
6912.32015769
6913.44080718
6914.44895193
6914.56083636
6913.70200328
6912.564522
6911.46770885
6910.97927994
6910.90342881
6910.48163711
6909.57982195
6906.92912339
6903.81468256
6900.74055443
6899.12084029
6898.41283827
6898.79296516
6899.84423138
6900.88205307
6901.9473911
6903.22397346
6905.26346505
6908.34784561
6912.71033488
6916.74551357
6919.22283413
6921.6072975
6924.56552666
6927.51643068
6929.91878525
6932.0800443
6933.15341838
6932.79586631
6931.53334878
6929.53301988
6927.31337573
6924.21980913
6921.25150179
6919.21036535
6916.78565899
6914.133908
6912.87093048
6912.5369499
6912.99133187
6913.48804077
6913.68830784
6914.07059534
6914.48617007
6916.26850799
6919.28100316
6923.18116502
6927.31825451
6931.35349593
6935.24131447
6939.67283155
6942.41860366
6944.26004454
6946.14836356
6947.22967612
6947.13233046
6946.73302995
6946.37975727
6946.38122788
6947.03124904
6948.47995487
6949.0524243
6948.43588552
6946.96659123
6944.75630738
6942.69915459
6940.76494713
6939.49650537
6938.72767886
6937.97653446
6937.79820797
6937.47855011
6937.74974772
6937.7881298
6938.35944923
6939.30196738
6939.89648194
6939.40826909
6939.74880814
6940.75518259
6942.31242043
6943.88232916
6945.07208312
6946.30694492
6946.82893288
6947.73734137
6948.25606055
6948.9409441
6948.84294329
6947.93633299
6946.32813278
6944.12304832
6941.18951973
6938.73942976
6936.92278703
6935.25004052
6933.7946647
6931.97149835
6929.72251878
6927.38573505
6925.03492134
6921.74639857
6918.5226521
6914.68204624
6910.71320506
6907.53071218
6905.51695965
6905.34076589
6906.38012091
6907.56558154
6908.35043833
6909.18656416
6909.03981037
6909.73354543
6911.00802992
6913.14366839
6915.38530887
6917.91009301
6920.49184043
6923.53866829
6926.38846302
6928.84118057
6931.22801364
6932.43365152
6932.20541508
6930.60260244
6929.00503798
6927.42544835
6926.60285068
6926.67421334
6926.138286
6924.68353745
6923.25928827
6921.29706266
6920.17757711
6920.62586757
6922.09585186
6924.24924213
6926.63381702
6929.72932816
6934.04222112
6939.14942177
6944.16406494
6949.35315945
6954.07636503
6957.55505579
6959.59793466
6960.40959688
6960.79015589
6959.94509492
6957.78271375
6954.24799365
6949.70504516
6945.24443659
6940.08559054
6934.88474513
6930.13325655
6926.22418046
6923.1254075
6920.20417345
6917.63121481
6915.5272257
6914.29733329
6914.1349883
6915.53215327
6917.17731375
6919.60889919
6923.37733391
6927.86522882
6932.36608735
6936.5807704
6939.25747985
6941.32869747
6942.43119789
6942.38551157
6942.5467902
6942.15822998
6942.05046463
6941.81894547
6941.06157714
6940.72449505
6940.61263849
6940.39484962
6940.86340794
6941.40375407
6941.61470567
6940.89320336
6940.77296227
6941.22232607
6942.38354612
6944.41707863
6945.81107936
6946.51608441
6945.91050895
6943.89895187
6942.89751197
6940.85615249
6939.02864402
6937.89756787
6934.95836597
6933.17956865
6931.52913212
6930.75624926
6931.1769746
6932.23641626
6933.46934048
6934.12288135
6933.88817007
6934.18833371
6934.90026663
6936.53424075
6938.63813229
6942.62266224
6945.31460046
6947.51494553
6948.45257793
6949.67034307
6950.37019752
6950.62117606
6950.79110407
6950.35373512
6948.24313874
6946.84398044
6944.97302292
6944.25716606
6942.85521292
6941.315699
6939.26526499
6936.40176786
6934.68688957
6933.41223084
6934.0211866
6937.87789244
6940.51881253
6945.57861231
6949.0486746
6954.10539379
6958.62710563
6961.5079782
6966.78121081
6969.6094901
6972.48629238
6973.20598954
6973.90565581
6974.10200591
6974.25208425
6973.76282595
6971.17148127
6968.1125819
6962.71917093
6957.10660503
6953.69432147
6946.89478948
6942.77922239
6935.39664098
6930.53954766
6923.37406513
6919.28450891
6917.10224322
6917.01577724
6917.9099815
6921.1483922
6924.24297638
6926.58079162
6928.25272964
6930.73595352
6933.33256032
6935.12637034
6935.68350645
6935.83111752
6935.34347619
6935.47893211
6936.63760823
6937.58372273
6938.35291863
6937.27672183
6935.38275736
6934.048459
6933.33435153
6932.9407592
6933.51482468
6934.65604869
6935.89137049
6938.34084016
6939.95916733
6941.73876615
6944.1236268
6946.48728565
6948.16352397
6949.72905574
6951.63731504
6954.58757785
6958.58918355
6963.48964228
6968.01812169
6970.32787696
6971.1232998
6970.94981028
6970.81758132
6969.95165309
6968.92957593
6968.5898593
6968.82972815
6969.5442538
6971.197757
6973.67203877
6976.31604643
6978.00448171
6978.35447166
6977.18580798
6974.14164951
6970.6620039
6967.69679111
6966.85550074
6966.57044738
6965.72498217
6965.10279097
6965.43831882
6965.9372859
6966.97288425
6968.20603848
6969.07629488
6969.35179975
6969.11180545
6968.70755646
6968.52150058
6968.72334281
6970.62312697
6973.41473175
6975.7849212
6977.90328878
6979.01905948
6979.47788114
6979.97137004
6979.43018058
6979.00562192
6978.06614255
6976.55967194
6974.83927366
6973.29902793
6971.86750936
6971.17197612
6970.22220252
6968.77612427
6966.24134559
6963.75811474
6961.35126472
6959.54182865
6958.66427499
6958.47792639
6958.87228538
6959.90407132
6961.78466096
6963.56639948
6966.6164334
6969.43318482
6972.63615465
6975.94516831
6978.53156451
6981.59651357
6985.10666551
6988.82351755
6992.24515444
6994.55170364
6995.72227702
6994.58478876
6992.47863208
6990.7123593
6988.82266028
6986.18931625
6982.88127138
6979.12525665
6975.42663035
6971.6903259
6968.76164125
6966.83114167
6965.75367638
6965.46130486
6964.60521086
6963.03045123
6961.51416729
6961.13129434
6962.5913747
6964.62278145
6966.32273066
6967.97943294
6969.46012965
6970.71027597
6971.79899034
6972.50255266
6973.09455116
6972.54708898
6970.49278679
6967.29096697
6963.09130359
6959.49357749
6957.47295284
6956.95920306
6955.99509281
6954.77294373
6952.79104268
6950.64249634
6948.68906648
6946.63769853
6944.28865512
6941.93488626
6939.4145906
6937.2741291
6935.0468183
6934.35566202
6935.57406838
6937.3506563
6939.67602367
6941.53607363
6942.67906097
6944.53096336
6946.7446763
6949.40025364
6952.34669009
6954.77398221
6956.87174739
6958.94546016
6960.7353114
6961.43423191
6962.13861666
6962.42518244
6961.87955329
6960.76272319
6960.10232415
6960.00044123
6958.9115108
6957.97717507
6956.99043424
6955.92282409
6954.97887019
6954.06256504
6954.32925326
6955.49058483
6956.49542594
6957.88761455
6960.08055084
6962.85300989
6966.41800632
6971.01168022
6976.102293
6980.84962765
6984.64627567
6987.64588388
6988.19958394
6987.66096629
6987.00543907
6986.34510973
6985.60729138
6984.34916476
6983.23252981
6982.42744698
6981.94755595
6981.53054545
6981.24236271
6980.92729091
6979.29481527
6975.98497221
6971.82707122
6968.56774448
6965.19732785
6963.68905905
6963.89377279
6964.59426148
6965.53976266
6965.71627006
6965.5298657
6965.60522199
6965.29825593
6964.66526171
6963.6340682
6962.19604691
6961.1166092
6960.52417161
6960.9484724
6962.1326297
6963.64319152
6964.47035433
6964.66284323
6964.51971368
6964.87698696
6965.36561101
6966.28779858
6967.21697674
6967.39636959
6966.93959004
6965.84537659
6965.44244488
6964.4722013
6962.38532975
6961.37146986
6959.35189066
6956.54530801
6954.0550796
6952.38894732
6950.95517057
6950.11854293
6949.27635347
6947.96035054
6946.95778154
6946.50611078
6946.46721294
6948.3659168
6950.24172523
6953.2492998
6954.88010271
6956.65822396
6958.38626102
6960.23091494
6963.34369
6966.64159398
6970.71592839
6972.03196616
6974.03983628
6974.86507545
6975.10495824
6974.93921205
6972.48045875
6970.27825277
6967.79784464
6962.77586936
6960.05406602
6955.82816873
6953.48318865
6949.0532049
6945.89454836
6939.75282966
6936.19211958
6932.94305919
6931.49923912
6931.7369404
6932.45958574
6933.89426854
6936.953147
6939.82861806
6944.84269669
6947.71063352
6951.38092106
6953.4914338
6955.26872566
6956.1555978
6957.69059535
6958.79414819
6959.5686759
6959.2142811
6958.00083717
6955.48932331
6952.80847387
6948.2935993
6945.40991097
6941.14589644
6937.76253013
6934.84975032
6930.1095596
6928.35300257
6926.7967614
6926.55834224
6928.4816282
6930.07847478
6931.75728492
6933.19194682
6935.11342066
6937.40837927
6938.39423495
6941.05433563
6942.69210823
6944.04518991
6943.97487968
6943.64139395
6943.97319998
6944.86353606
6945.78570271
6946.3632182
6946.06301274
6944.80319248
6944.37972806
6945.14467942
6946.20205806
6947.28338455
6948.50166545
6949.68672881
6950.79132013
6951.90230266
6953.2956552
6954.54147335
6955.32340984
6954.7314671
6953.4069054
6951.99303408
6950.78278226
6949.88267468
6949.04827733
6947.83213612
6945.99727462
6944.10877439
6943.14270566
6943.44233263
6944.00350419
6945.15652789
6946.68192818
6948.60296293
6950.80075012
6953.31082822
6956.64841761
6960.18523559
6963.3439897
6965.41499127
6965.53546236
6964.35915293
6961.89140873
6960.19630345
6957.95480933
6954.87879241
6951.23979877
6947.6160827
6943.11435296
6938.65197409
6935.70769128
6933.10919569
6931.32714354
6929.45408814
6927.60658362
6926.23874014
6926.80647715
6929.72709089
6933.68977087
6939.93367917
6945.29155169
6950.81582556
6955.93599681
6960.50904041
6965.20925996
6969.88823588
6973.31146185
6975.31252258
6975.90120351
6975.49951936
6975.55711688
6976.02233672
6976.14927568
6974.78997704
6972.01735769
6968.95181621
6965.73628701
6962.4836442
6959.86009955
6958.0749877
6956.83942196
6955.90948411
6954.4710516
6953.26956068
6953.53056861
6954.23711396
6954.85221698
6955.5011927
6955.91193047
6955.91179804
6955.5042733
6955.16988151
6954.83875851
6954.73009407
6954.64741264
6953.30130762
6951.78825762
6949.68669396
6947.49797433
6945.83318721
6943.78828714
6942.29770741
6939.8727362
6937.76724164
6935.84047781
6934.57431514
6934.87314757
6936.81180866
6939.65736581
6942.7911545
6945.60083169
6947.49739585
6949.08063063
6950.50043315
6952.35840614
6953.83054406
6955.17197242
6956.70985543
6958.22444573
6959.98736609
6961.50431912
6962.94866191
6963.13355385
6961.73475101
6958.49525303
6955.3161753
6953.52463043
6952.57367896
6952.76377028
6953.91201277
6955.50667784
6956.41780451
6957.25077307
6959.27058923
6960.40766627
6960.80696678
6961.50525305
6962.18076238
6962.43103698
6963.13799354
6964.76129707
6966.98369424
6968.82733058
6968.68004012
6967.56808184
6965.10842945
6962.68785611
6961.07628954
6959.36950307
6957.62069633
6955.20380996
6953.13763839
6951.72472193
6950.57344762
6949.74793663
6950.39980477
6951.29600236
6951.69475923
6951.52809303
6951.06918076
6951.04417352
6951.4575528
6951.24999543
6950.47140439
6949.32063191
6948.48046366
6948.11611614
6948.90714808
6950.32875575
6951.18747034
6950.62701666
6948.92290655
6946.09035483
6942.62092679
6939.29284406
6936.41780511
6934.69595714
6932.88693925
6931.43067828
6930.01750394
6929.51202717
6929.31441555
6929.47979235
6929.92417979
6930.80997163
6931.7976464
6933.18754895
6936.3712197
6940.58519185
6944.7538889
6948.76695973
6952.00010135
6954.61078692
6956.9162628
6959.61764494
6963.17413139
6967.5165828
6970.95524664
6973.58813764
6975.19625421
6976.61823128
6976.34970306
6974.74420012
6971.91276356
6967.98381688
6963.65579969
6959.53846926
6956.04935184
6954.27778907
6953.14575808
6953.09055117
6952.38995793
6951.14182584
6949.94411946
6949.96300035
6950.49018074
6951.3067775
6951.07341834
6950.98192024
6951.05290654
6951.20945274
6952.16856572
6955.0007132
6957.6176227
6959.78509174
6960.57369823
6960.16911469
6959.3353028
6958.51516544
6957.37821385
6956.21815077
6954.54471426
6953.29748126
6951.37061986
6949.96331399
6949.83153109
6949.87038014
6950.54008372
6951.20020397
6951.54656271
6951.95407352
6952.74015697
6954.79896158
6958.80483273
6965.87756959
6970.60518002
6976.30328492
6981.08225499
6985.51386268
6991.21986425
6993.89214097
6998.78884304
7001.3644432
7005.10206491
7006.59950978
7008.07184982
7008.73468128
7008.89492839
7007.65558509
7006.41882057
7001.31135507
6997.62562269
6990.56855369
6986.92923945
6981.88622267
6979.07764669
6975.36120587
6972.89848681
6971.33841231
6970.22645403
6969.80374233
6970.01187818
6970.63925483
6971.89156873
6972.43362243
6973.05924271
6974.13320225
6977.28416425
6980.11638838
6981.68297954
6984.6315069
6986.01897703
6989.03169523
6990.91272395
6994.53996669
6996.75478084
6999.35745126
7001.17168945
7001.97199107
7002.23787778
7003.53217709
7005.17417333
7006.74730902
7010.14709593
7011.56733057
7012.01143922
7011.36663835
7011.07718015
7010.64585391
7009.49994627
7008.2417848
7006.59718887
7003.75009839
7003.17020624
7003.35592757
7004.26400848
7005.68837614
7006.83992227
7008.32880835
7009.51730777
7010.47349348
7011.96343199
7013.93357517
7016.78337687
7019.4494645
7021.35629502
7022.60421105
7023.55654949
7023.85729161
7023.35763454
7021.71484375
7019.28610194
7016.63012732
7013.92597124
7011.50618548
7009.17793265
7007.2239034
7005.88662201
7004.36135414
7003.32219427
7002.86728957
7003.43343052
7004.73328468
7008.08741314
7011.4758046
7014.87077545
7017.89783727
7019.94505825
7022.35323948
7024.85047244
7027.41740926
7028.95561985
7029.24994986
7027.91622998
7026.03023186
7023.73852809
7021.19181034
7018.69683556
7015.92080803
7012.81597841
7009.45057299
7006.10127452
7003.60162308
7001.69500165
7000.1292817
6998.63837441
6997.06957385
6995.19204391
6993.64735849
6993.00376337
6993.89058673
6994.92235873
6996.05315608
6998.18273092
7000.71784415
7003.10172206
7004.86807151
7006.30081674
7006.22612258
7005.61527804
7005.02063802
7004.77973766
7004.67990382
7004.66173384
7004.59835845
7004.32749538
7003.51724104
7002.84758626
7002.56306957
7002.68262067
7003.42019508
7003.20936196
7002.7245782
7002.94882797
7002.9809234
7003.8832334
7004.87250423
7006.73141813
7008.63631108
7009.12926331
7009.24383804
7009.11560272
7009.36115884
7010.03017241
7010.84649735
7011.17110369
7010.88034216
7009.26000772
7006.59076282
7004.69534865
7002.79713964
7001.03086686
6999.56257621
6998.75876883
6998.88640476
6998.96208863
6999.72173605
7001.61113537
7004.94052841
7008.41109948
7010.6187697
7011.38238287
7011.53865029
7011.62287203
7010.69842629
7009.53110776
7007.21547007
7004.37035898
7000.77714227
6996.98614666
6993.02849183
6988.45658429
6983.30044944
6978.47546548
6973.65782757
6969.15119814
6965.17972938
6962.85518443
6962.04768312
6963.39676419
6965.11217915
6968.05723559
6971.41779708
6975.81818056
6980.80747496
6985.48235968
6989.2801577
6992.22800203
6994.26193181
6995.33754316
6996.88523949
6996.69821483
6995.32607105
6993.90313217
6991.29276024
6987.64018268
6982.87253138
6978.06398892
6973.87721947
6970.44153866
6966.5253047
6962.40221034
6958.3374244
6955.88727867
6954.35808687
6954.74953951
6956.31104976
6958.45806277
6960.19716073
6961.34935503
6962.74488212
6963.99105572
6965.07905221
6966.67923727
6968.11994189
6968.68480042
6969.10070273
6969.51702323
6970.71629778
6972.1980957
6972.58586834
6971.46466128
6969.76108086
6966.5856901
6964.44289375
6963.09236995
6963.16550291
6964.38125382
6965.73285792
6966.22959469
6966.03692458
6965.70723734
6965.21818116
6965.33838043
6965.20478542
6965.54896962
6966.24791104
6968.09979949
6971.72711192
6976.0574779
6980.29136245
6983.60420247
6985.18352029
6985.02843771
6983.63663244
6982.51518144
6981.57895692
6981.85535392
6982.35439766
6983.11941174
6984.01795812
6984.32704296
6984.08246957
6983.59509309
6982.32739011
6979.72544453
6976.03642246
6971.1446619
6966.89570191
6963.62236609
6961.06223865
6958.83391027
6956.19006989
6953.47557078
6950.27423186
6946.9712191
6945.14674244
6943.99445754
6942.91376528
6942.72339517
6942.52249386
6941.88243934
6942.02074587
6943.20373924
6945.88332716
6949.31372494
6953.02061033
6957.56377488
6959.99766729
6962.77347179
6965.07563009
6967.70244352
6968.91103656
6968.84660874
6966.48134687
6964.7178759
6960.60200911
6958.07709254
6955.46246213
6952.66040281
6948.73011098
6945.83574509
6941.4192686
6936.36412456
6932.90078802
6930.59193185
6930.70751719
6931.5648239
6931.88415419
6933.71559357
6935.02426438
6938.23284481
6940.96977935
6945.1526388
6948.49935152
6950.80572648
6954.3122751
6956.09494756
6958.12812461
6959.03562007
6959.21511747
6957.63792541
6952.62533133
6948.77729578
6943.01297882
6939.11051
6936.64443155
6933.07308573
6931.70772346
6929.36912762
6927.80771493
6926.04514306
6925.43538579
6923.70966267
6922.33404798
6921.20032336
6920.37583691
6921.22317
6924.22286185
6926.92028522
6931.62143173
6934.54730062
6938.23363239
6940.05815784
6942.51042235
6944.30342389
6946.60708068
6947.6926099
6948.76609549
6949.53675502
6949.46648661
6950.38325872
6951.25306906
6953.04439091
6953.77653594
6952.30744377
6950.30452213
6949.12384271
6945.6604992
6943.50428621
6941.51013244
6940.03101786
6935.83715327
6931.87132996
6929.12136908
6926.81693168
6924.82138398
6923.16548321
6922.25660079
6920.95073876
6919.78243054
6919.44288118
6920.86058582
6923.08591723
6925.41446975
6927.47876648
6928.95946318
6929.59741981
6929.78794326
6929.95166128
6929.4945681
6928.39167738
6926.12553843
6923.8591207
6921.12454889
6918.56486751
6916.19626715
6914.44067891
6912.35985008
6910.13962745
6906.79922928
6903.17603593
6900.50257436
6898.5110412
6897.87257578
6897.80089949
6898.53990966
6899.91702979
6902.57198684
6906.25702921
6910.11609778
6914.46942191
6918.47217063
6920.60044911
6921.21613062
6921.00396628
6920.9434415
6921.27521965
6922.27411562
6923.4075963
6924.64370567
6926.04405579
6927.3736287
6928.8512448
6930.63781332
6931.89554266
6931.74158221
6931.25788573
6930.42755868
6929.57379953
6929.4501642
6929.61328283
6930.33026878
6931.30397629
6931.1851361
6930.28472882
6928.86467539
6927.22838036
6925.56079142
6924.21801095
6922.96493038
6921.39679892
6920.3193406
6920.0266415
6920.76613258
6922.18622783
6923.53665405
6924.7969831
6926.65701215
6928.98877072
6931.73205465
6934.96803293
6938.59245294
6942.46564906
6945.81434117
6947.10298109
6947.30588968
6947.52980491
6947.98689112
6947.7486253
6946.87367132
6944.85370183
6942.26228048
6938.51313787
6935.09946037
6931.93167354
6928.77751245
6925.61822167
6922.38613248
6919.75023754
6918.31119867
6918.892659
6921.11198254
6924.24270456
6927.53931914
6929.99312396
6932.54504111
6934.67887443
6937.25121276
6941.63972686
6946.58943343
6951.26548208
6955.08904008
6957.66802053
6959.40175183
6960.19254679
6959.63842856
6957.78588496
6954.49212098
6949.87980317
6945.05590647
6939.76173692
6934.60358087
6930.64844906
6926.78204838
6923.21933104
6919.81467929
6916.9397658
6915.50594724
6916.03920519
6917.63656056
6919.52152019
6922.36464492
6925.90393017
6929.84894895
6934.8577097
6939.89419588
6944.47935281
6948.06708437
6950.75464562
6952.06141371
6951.77196945
6950.98806054
6949.17465872
6946.38558393
6942.78912632
6937.40146534
6932.41300033
6928.20511969
6925.09267219
6922.24875292
6919.14268269
6916.11615754
6913.04977969
6910.73717382
6909.37834215
6909.12725907
6910.22423252
6913.07398543
6916.132376
6918.62458381
6920.96613481
6923.15902928
6924.85640667
6926.37466303
6926.85623376
6925.98177464
6923.94649273
6922.11625214
6920.52240252
6919.4633651
6918.75258914
6919.06390428
6918.88430234
6918.21877361
6916.88370859
6915.92405197
6916.33506156
6917.94482298
6919.98547851
6921.3787753
6922.12241335
6923.14066415
6924.56683696
6925.72911641
6926.42076753
6926.42989086
6925.63825256
6923.68286421
6921.38403742
6919.67341761
6918.60721535
6917.75439014
6916.99251242
6915.35395921
6913.38693845
6911.97046744
6911.92213961
6913.08276724
6915.67611919
6918.24306995
6921.33567474
6925.2922423
6929.79000629
6934.64445113
6940.57429823
6945.36439889
6947.02521329
6947.48452283
6947.48749889
6947.09272868
6946.67948879
6946.78604838
6946.37434879
6944.68610866
6941.95509139
6938.24058117
6934.77081161
6931.66364714
6928.94038714
6926.37167304
6921.31131567
6917.7516162
6915.08462948
6916.38269939
6919.34245491
6923.7288781
6929.71890848
6933.4750626
6936.57795465
6940.68368751
6942.83222688
6947.20639038
6949.44957117
6951.07900106
6951.52856697
6950.47090257
6949.54028169
6948.83637785
6948.04066228
6945.99576917
6942.1616521
6936.4777096
6928.4823182
6923.81829226
6918.15438065
6914.96972717
6911.69621014
6910.26132521
6908.76249337
6907.42153199
6907.74238864
6909.50861263
6910.78833832
6913.15911322
6914.55109274
6917.14343408
6918.86528903
6921.90642265
6924.08163502
6926.55381195
6928.15272853
6928.57741962
6927.66324023
6927.12398138
6925.3724704
6924.03492416
6922.08863126
6921.09640528
6919.35079763
6918.77096124
6918.90082051
6921.36880168
6924.48242705
6927.9338036
6930.43647988
6932.83998445
6933.97407846
6935.30225744
6936.44985872
6938.8419539
6940.3838863
6942.59907681
6944.4160053
6945.52929479
6948.58496719
6951.5958663
6953.79442016
6954.40419834
6954.46498797
6953.13995233
6951.01950081
6948.94532804
6948.0338738
6947.68187658
6947.96507599
6946.80212746
6945.90982592
6944.79466855
6943.07790148
6941.17703702
6938.34172531
6934.677822
6931.28411267
6928.32453139
6924.95413567
6921.55876755
6918.75200369
6916.80357806
6915.39524765
6914.26725908
6913.78347199
6914.3615102
6916.08813241
6917.76543013
6919.72749544
6922.10412488
6924.27784574
6925.91747925
6927.70956079
6929.04999945
6929.48437144
6930.1314514
6930.81700405
6930.72986201
6930.72755504
6931.35912047
6931.71424012
6932.64042131
6933.05761999
6933.17879502
6932.85138686
6932.50260266
6932.88314774
6934.352909
6935.71572036
6937.7403944
6939.11143696
6939.98639791
6940.74375927
6941.84585544
6943.56474827
6946.07210122
6948.61083868
6951.43851161
6953.26145494
6954.90616935
6956.79769443
6958.78028548
6960.84635947
6962.85108625
6964.06652352
6964.73311861
6966.26074921
6968.47371639
6971.00383234
6972.65922433
6973.6483
6973.2193574
6971.19126822
6968.21690422
6964.49555673
6960.10977475
6956.165209
6952.46762815
6949.18904416
6945.89102867
6942.30409165
6938.86553236
6935.93733559
6933.04026546
6929.77341842
6927.51098735
6926.11980935
6925.74329973
6926.88475374
6928.96271105
6931.53706363
6934.97105777
6938.67918376
6941.03653504
6942.38806944
6943.34574667
6943.69893571
6944.22257549
6944.40656834
6943.7753026
6942.94005495
6942.22788506
6941.01081688
6939.76961267
6938.29893838
6936.43697873
6934.1693413
6931.49229034
6929.35515339
6928.21349726
6928.00402322
6927.75245226
6928.2387345
6929.0505849
6929.57094196
6930.96342329
6932.60247832
6934.8270361
6937.08874929
6938.80373909
6939.67113792
6940.72017384
6941.6846953
6942.9058059
6944.06672625
6943.86832706
6942.43645303
6939.35960672
6936.23948559
6932.54890231
6928.64660076
6924.85150698
6921.47523581
6918.01888291
6914.22926033
6911.03594352
6909.15817661
6908.14360581
6907.22896642
6907.07486658
6906.53449257
6906.45914325
6907.76340225
6909.44061633
6912.39008459
6916.07481333
6919.26108378
6922.1857748
6924.22293155
6926.48578777
6928.61001686
6931.02511899
6932.87720956
6933.21562286
6932.94727586
6932.14101515
6931.23708817
6930.62588818
6931.21402547
6932.03269222
6932.65665372
6933.57746129
6935.30059865
6937.92618542
6940.65143179
6943.36604241
6946.09430665
6947.60192029
6947.59324303
6947.499891
6948.61865867
6950.63942968
6952.13438637
6953.01103397
6952.80540024
6951.43032919
6947.45575892
6944.10767318
6941.32609081
6938.14605126
6934.83475851
6932.4859242
6931.13644585
6930.63172181
6931.84941726
6933.44450051
6935.91103895
6936.24112347
6935.6391165
6935.12657943
6934.84699729
6935.02358832
6935.68747221
6937.31040634
6938.81794332
6939.08582335
6938.31453655
6936.84298408
6934.64775476
6931.57387753
6927.8294534
6923.2887143
6918.14403763
6913.65087364
6910.38299509
6908.02944229
6906.39787968
6904.42579195
6903.08226572
6903.14514626
6903.16155291
6903.74187021
6905.75162214
6908.34318288
6911.07793591
6913.83117255
6916.97260698
6922.06287825
6925.30158865
6931.04570048
6936.76621295
6940.77858681
6943.73045265
6945.92511045
6947.04982327
6947.63341632
6947.35279569
6946.85051801
6945.6431377
6944.00502359
6942.58389682
6941.09976407
6941.01070537
6941.09343559
6940.40629385
6938.75465156
6936.0534576
6934.10684409
6933.64087153
6934.28094695
6936.86443679
6940.67747752
6945.26071081
6950.66495268
6952.91425983
6954.79809734
6956.43791206
6956.96055518
6956.62987126
6955.49587482
6952.88300774
6949.46005359
6945.53553266
6943.92381276
6941.73637555
6938.78052305
6935.42767701
6933.53250679
6931.12510616
6929.45521026
6928.87531114
6928.29747505
6928.72403402
6930.12435625
6931.6172987
6933.32527699
6934.31042176
6936.69148393
6938.91676655
6941.70390377
6943.38546693
6944.13015043
6945.34381043
6945.74974608
6945.71229097
6945.19829027
6943.07493936
6941.88816146
6940.23817099
6939.5704259
6939.8064196
6940.49334528
6941.54925331
6944.63720932
6946.66395335
6950.39538598
6953.17639684
6958.72503674
6961.99565438
6965.03931801
6965.65200951
6964.94014629
6963.06505574
6962.10815215
6960.1290111
6958.35275772
6954.30580025
6951.86293088
6947.80613918
6944.17083948
6941.20384942
6939.15437722
6936.76677749
6933.97300513
6932.32010133
6928.94089592
6927.49186252
6929.67180034
6933.73712991
6939.35414945
6943.76016444
6950.33870149
6955.44721942
6958.01122897
6961.20262912
6961.82373304
6961.71817708
6960.82958343
6958.84968965
6956.06984273
6953.88485189
6952.40221761
6950.68415418
6948.46834336
6945.20302269
6940.32829605
6934.21565489
6928.80339788
6924.7087747
6921.92018082
6920.77152015
6920.93511272
6922.26006472
6924.85527061
6928.23396724
6931.62099961
6935.55905567
6938.70901403
6941.04917109
6943.00819064
6944.99320714
6947.53902581
6950.806068
6953.45153232
6955.3152344
6955.64409225
6954.85540213
6953.33127032
6951.75728432
6949.44923663
6946.54327317
6943.20410166
6940.5316507
6937.96315963
6935.88780898
6935.15444425
6935.39601371
6935.72223005
6935.5926426
6934.82842307
6934.0709711
6933.74842081
6933.77381139
6934.19133067
6934.95201658
6936.4848605
6937.9317333
6940.76575561
6943.8161659
6946.35262427
6947.88792849
6948.94270744
6949.10433455
6947.60746816
6946.10329755
6945.33262408
6945.10629733
6945.35269678
6944.96064475
6944.93512175
6945.0101644
6944.43497679
6944.0552402
6942.82234386
6940.79911952
6938.3681474
6935.86439779
6933.97874816
6932.98484945
6931.91289719
6930.98909963
6930.07640479
6929.37965185
6928.71497342
6928.04842015
6928.59098961
6929.48975204
6930.59924305
6931.81268699
6933.44445172
6935.17544393
6937.52160189
6940.2968279
6943.62531487
6947.17771011
6949.60168466
6951.10430103
6952.05023433
6952.63275405
6953.0100861
6953.09734661
6952.48266874
6950.76546258
6948.21151726
6945.12726913
6941.96937926
6938.60684535
6935.91033501
6933.66357878
6930.8673043
6927.43542197
6923.72935901
6921.13717797
6919.82728049
6920.31094213
6922.87445684
6925.65515406
6927.87525123
6930.15548289
6932.8439502
6936.37279485
6940.39574174
6944.13645103
6948.01406594
6951.3329905
6954.15209071
6956.89902675
6959.04801218
6960.00606577
6960.35602784
6959.83882109
6957.57379032
6954.87001757
6952.29012409
6950.38042206
6949.05411793
6947.60019181
6945.42775337
6943.02896729
6940.80264618
6937.66420174
6935.27324959
6933.19366834
6930.74759987
6928.40990312
6926.94483943
6927.00622846
6928.55777903
6930.98661842
6933.25241585
6934.63274205
6936.10823936
6937.59478363
6938.5455748
6939.82729382
6941.22422182
6942.63399496
6944.31881994
6945.14214942
6945.40370794
6945.94943467
6947.00918998
6948.08224345
6948.47327791
6947.99219505
6946.69585362
6944.51885004
6942.12306092
6940.23486039
6937.77964072
6935.18482513
6933.61515337
6931.8921554
6930.68752115
6930.04357755
6930.60179396
6932.59037894
6935.10186491
6936.70533967
6937.78545344
6938.62240867
6939.60075799
6941.36832713
6943.9439691
6946.66982183
6948.27121962
6948.85485449
6948.59901808
6947.92130634
6947.17097739
6946.64615973
6945.27839989
6943.87537341
6941.49779609
6938.79582152
6937.39740201
6937.12500562
6937.30766725
6937.03841419
6936.0030528
6934.11324923
6931.9001566
6931.05533957
6931.35450654
6932.27581592
6933.41057903
6934.70963167
6936.56925648
6939.01667706
6940.8349716
6942.22685355
6943.54870404
6943.28083795
6941.10678254
6937.98995809
6935.37059525
6934.08668775
6933.87482311
6933.81107136
6934.12456104
6934.29178481
6934.69160108
6935.33279165
6936.58231767
6937.12424592
6937.33111329
6937.43103774
6937.38275172
6937.17262254
6938.43288885
6940.47084015
6943.15427535
6946.107563
6946.97671122
6947.76982709
6947.77583497
6947.00747543
6946.41627148
6946.04348367
6946.12113298
6945.33102802
6943.42897871
6942.19098752
6941.10547224
6940.23820584
6940.22132525
6939.79531689
6938.06040771
6936.69919938
6936.11734875
6935.77373606
6935.82285146
6937.81844795
6939.55845894
6940.87290066
6941.24253817
6941.34320837
6941.10625285
6940.6878066
6939.15045329
6937.97542628
6934.93376993
6932.7300585
6930.01818
6928.98477709
6927.85062732
6927.18801889
6927.00529452
6927.4785992
6927.65286933
6928.90074354
6930.44733866
6933.90920459
6936.30307705
6940.85590158
6943.93182093
6949.09181001
6954.08976077
6958.26444478
6961.59796387
6963.75994777
6964.94711598
6964.74454891
6962.67402128
6960.866934
6956.39765513
6952.60534923
6947.03342359
6941.93897747
6938.13494855
6932.16199391
6927.98802778
6925.07876766
6923.57236675
6922.25861503
6922.02830162
6922.81246841
6925.35250921
6928.14478308
6934.63271417
6941.7145186
6948.77201276
6953.65815575
6960.46547985
6965.60246199
6969.92990069
6973.5943546
6976.14431326
6977.51040735
6978.75434368
6978.6606362
6978.12422098
6976.70702513
6975.26517748
6973.32541517
6970.60400214
6968.28041204
6966.87833344
6965.63206923
6964.99513714
6966.17798414
6967.8748179
6969.0661261
6969.60744101
6969.23207442
6968.96987468
6969.09586577
6969.50424778
6970.30955364
6971.28878812
6972.35340827
6973.85764858
6975.15491001
6976.533445
6977.49071101
6977.43864742
6975.79228816
6973.43686749
6971.80925669
6970.31201395
6969.54099896
6969.36861065
6969.07991912
6967.81273887
6966.18116232
6964.51127338
6963.41820296
6962.75767847
6962.0980461
6961.20987062
6958.40635464
6953.92457215
6949.60650768
6946.50010988
6944.57733968
6942.90200742
6941.75412038
6941.46655097
6942.43694788
6944.0277169
6946.82836137
6949.88751164
6951.95227534
6953.39028269
6954.08312563
6954.37565049
6955.43045034
6957.98865415
6961.62140991
6966.1529072
6970.65359148
6973.6795033
6975.75026093
6977.07579142
6977.85971428
6977.61792876
6976.0893712
6973.52304073
6969.91277616
6966.98471879
6964.93708659
6963.36634847
6961.40639497
6958.54986753
6955.00764804
6951.72053314
6948.49991606
6946.11477663
6945.27899231
6945.62216591
6946.67905667
6947.50401009
6948.84679056
6951.56878905
6955.18900634
6960.25146855
6965.12388822
6968.55328934
6971.49218458
6974.3188957
6976.86211467
6979.4191406
6981.47878854
6982.79258904
6982.71422882
6981.37333016
6978.6044605
6974.97597716
6971.53554302
6968.13273825
6963.92010428
6958.85683358
6953.60434974
6949.27200438
6946.38776545
6945.5924123
6946.2823907
6947.76405619
6949.83566412
6952.27042774
6955.29801926
6959.11117151
6962.28891803
6965.89976805
6969.44248239
6972.45265665
6974.46168373
6976.36567062
6978.48218426
6980.98120146
6982.63853101
6983.47861563
6982.48130178
6979.80140718
6977.23783672
6974.7532189
6972.48809056
6970.60386971
6968.08933102
6965.89581624
6964.13914072
6963.04125425
6962.06220098
6961.95665897
6961.95096473
6962.39837701
6962.31775861
6962.43221486
6962.93752435
6964.04739172
6965.68181888
6967.79478495
6969.68054609
6970.87222369
6971.04588048
6971.78594308
6972.75486241
6973.88745795
6975.31727591
6976.49072777
6976.75508114
6977.49042525
6977.04795448
6976.85732649
6976.91498674
6977.2122022
6976.29046069
6974.51661186
6971.67989924
6968.33913168
6965.4733903
6962.85042413
6959.66325459
6956.13836872
6952.79975479
6948.98465103
6945.56815081
6942.98331582
6941.29083115
6940.17307408
6939.08843699
6938.02845168
6937.4188129
6937.66119781
6938.06440134
6939.17885478
6940.01667424
6939.70961061
6939.25538197
6939.23404078
6940.8495731
6942.10659851
6943.87175614
6946.49579564
6948.87542205
6950.37564085
6950.97057359
6951.45158675
6951.69802104
6950.59020973
6949.43814785
6948.51320029
6948.20044939
6948.96257105
6950.78438529
6953.11759356
6954.47151857
6954.97626352
6955.56157112
6956.21651986
6957.18718162
6958.25341873
6960.864634
6964.0367978
6966.99949453
6969.10574879
6971.34616958
6974.31494388
6976.45923871
6978.25500721
6978.99060921
6979.42757392
6980.13250928
6981.2306606
6983.21593498
6985.44361518
6986.85021013
6987.64278934
6987.15653498
6985.00559107
6981.86355027
6979.52737291
6978.43642824
6977.66337114
6976.10970875
6974.36472838
6973.12345447
6972.26586199
6970.73574322
6969.16938903
6967.89757394
6966.65521972
6965.06156526
6964.55482001
6964.90083027
6965.85016477
6967.29555302
6969.01379767
6970.74402321
6973.31390125
6974.71165864
6976.16869324
6978.77331518
6981.5323506
6982.64038495
6983.49815167
6983.89789127
6983.02136214
6981.10867012
6979.80172082
6976.96830486
6973.2691419
6967.67719931
6963.74476082
6959.68588518
6955.3494486
6952.46901512
6947.6165427
6945.25052113
6942.58248895
6940.13375806
6938.97991194
6939.89280194
6942.14636757
6945.48150362
6949.05891308
6952.89993711
6954.74317618
6958.21317574
6960.38680599
6965.20544057
6968.04168622
6971.36280623
6972.67772885
6973.17949077
6972.77583421
6971.89338085
6968.78358881
6966.7267845
6962.11305881
6959.05593672
6954.71513712
6952.58637076
6952.37970551
6953.0853239
6953.58509249
6953.45786777
6952.76475998
6951.2885866
6951.13257009
6952.31961285
6953.93463638
6957.42767774
6960.41090021
6964.31994145
6969.36311853
6971.92816657
6974.02462841
6973.99968389
6972.47756633
6970.39556659
6966.78566444
6965.03281528
6963.34261667
6962.99162308
6963.43875658
6962.8812441
6961.8555427
6960.84765583
6960.33137605
6959.38195791
6958.36332377
6957.04644963
6955.85336416
6955.50710996
6955.10003825
6955.2843517
6955.53190115
6955.78102575
6955.00821258
6952.95251646
6949.59321648
6946.41698239
6943.23064921
6941.34759927
6940.21276647
6938.84590571
6937.50845008
6936.7289251
6936.39763483
6936.99043484
6937.95676842
6939.59786557
6941.2466921
6942.51536386
6943.9044649
6945.45844092
6947.03541692
6949.43286482
6952.34379767
6955.08522069
6956.66912456
6956.83898287
6957.08295687
6957.32953753
6957.06283538
6956.16083204
6954.54395456
6952.80132994
6950.53493312
6948.12091826
6946.50349018
6945.27879019
6945.19102088
6945.33884104
6945.43222792
6945.23644235
6945.12337307
6945.30369289
6946.38918726
6947.6468957
6948.30725292
6949.12430968
6950.48489074
6952.62972223
6954.65213809
6955.73969549
6956.11376572
6955.83858842
6954.21094277
6952.04166161
6949.20117142
6945.93463105
6942.70898882
6939.91599707
6937.04076994
6934.27190029
6931.26414451
6929.40248455
6928.60802353
6928.43822097
6927.72660865
6928.49590212
6929.69988819
6932.29420893
6936.98655969
6942.73369637
6948.90690414
6955.35026406
6961.00000629
6965.67220071
6969.98418064
6974.27749574
6977.84953156
6980.41423809
6981.79540761
6982.22899203
6980.99776841
6979.24041683
6976.79367928
6974.24599274
6970.93049727
6966.88165798
6962.59794711
6958.55924873
6955.17191666
6952.83640142
6952.27352229
6952.9136674
6953.25336313
6952.65244342
6952.36743189
6951.60758235
6950.77783378
6950.98084691
6951.59634721
6952.4564418
6953.35829181
6954.58751512
6955.6631892
6956.42733207
6957.3193827
6957.01238876
6956.16838021
6954.51489095
6952.6201877
6951.46784703
6951.47978611
6952.60304226
6955.07275888
6958.61142383
6961.89315115
6964.84737971
6967.4141423
6969.51007444
6971.12051192
6972.30386074
6973.65788333
6973.6925645
6973.38396754
6973.12906507
6973.2415698
6972.35618917
6970.87021642
6969.22565533
6967.68971687
6966.31052673
6965.40498279
6964.49973855
6963.89305491
6963.02337699
6962.32292315
6962.07029976
6961.63635292
6961.3316102
6961.78121793
6963.75575202
6965.09755674
6965.41692187
6965.58971443
6965.61003804
6964.83425579
6963.09803631
6960.65366148
6957.36189083
6953.20852014
6948.78348487
6944.73584437
6940.31589697
6936.59109251
6933.80686863
6931.36103017
6929.42350514
6927.78983768
6927.53509551
6929.13852845
6932.04994918
6936.09508059
6941.20115215
6946.70961179
6952.9044256
6958.54073026
6964.36617838
6969.95970309
6974.60555905
6978.54797116
6982.34353888
6985.29858987
6986.93531702
6987.85220065
6987.98653445
6986.16562627
6982.74262333
6978.36067468
6973.95689697
6969.32035948
6963.93285881
6958.63342714
6953.26558099
6948.43247037
6943.62959426
6939.79443871
6937.49837191
6936.43318025
6936.01951521
6936.79103201
6938.45909489
6940.04843512
6942.05485554
6943.92027216
6945.40798036
6946.16204506
6946.74514327
6946.80951533
6947.04841539
6947.2184828
6947.68388385
6947.67102477
6946.81387138
6944.6593102
6941.06047592
6936.76408022
6933.23061466
6929.7982584
6927.35283812
6925.18511119
6923.6188267
6922.9107062
6922.81452447
6922.680344
6922.12003668
6921.70815588
6921.37460046
6920.16370743
6919.54832562
6920.3218706
6922.39497004
6924.2083649
6926.49697412
6928.97166013
6930.69418417
6931.15183492
6931.96224957
6933.09641328
6933.49609016
6933.90018581
6933.95956757
6934.92574782
6936.35956638
6938.12057705
6939.44585663
6941.40526649
6943.53291072
6944.43549952
6945.78834423
6946.10206391
6945.9860116
6945.75127942
6944.90439238
6944.22830457
6942.39899095
6938.64813379
6936.66705517
6934.62007115
6933.65308939
6933.25031101
6932.64439404
6931.31192173
6930.39749144
6929.53702048
6930.02829302
6930.91974425
6932.36756492
6932.88699501
6932.86717321
6932.78314663
6932.56401957
6932.58002198
6932.27566259
6931.66686714
6929.95175188
6926.64444579
6924.86325788
6921.66198866
6920.1974477
6918.41453827
6916.70608604
6913.73771597
6910.65952451
6906.74740963
6901.39025499
6898.87497053
6894.99178684
6893.03272547
6890.24749795
6888.41868614
6888.03531137
6888.46919549
6889.71192606
6890.12652504
6890.6164594
6890.80575618
6890.52944979
6890.98424297
6891.77225703
6893.94718364
6896.70175149
6900.29196427
6902.93454314
6904.81617126
6908.24362086
6911.1268004
6913.87073948
6916.47018294
6917.89381182
6918.06936437
6917.66467629
6916.36249426
6915.29156654
6912.64647161
6910.22752918
6906.50024351
6901.31790264
6895.64545316
6890.38376933
6886.20798411
6882.80484479
6880.64556513
6878.77016094
6877.88347698
6878.03109501
6879.51145717
6882.08173945
6886.11360754
6890.30333214
6894.08174745
6897.76636467
6902.02332587
6907.48691465
6914.1622607
6921.16652733
6927.56769972
6933.04143637
6937.01039603
6939.55869591
6940.91478849
6941.44119524
6941.12559374
6940.17424499
6938.42916704
6936.8267447
6935.53520539
6935.18373089
6935.8173245
6936.13068873
6935.49651664
6934.51466853
6933.05817756
6931.57283208
6930.1589747
6929.74728906
6931.08930286
6933.29105581
6935.29520411
6936.19309534
6936.92323309
6938.46345095
6938.94280531
6938.00198777
6935.53780508
6931.96234714
6927.46939224
6922.81362538
6919.19117082
6915.41318066
6911.92158203
6907.78110526
6903.49556137
6898.97314559
6894.05689353
6889.99638002
6886.70704179
6883.74752324
6880.19351103
6877.41351078
6875.7696397
6875.68028827
6877.63228935
6880.57489247
6883.49391713
6885.91854682
6888.4381943
6891.39675801
6893.92293609
6896.28048949
6898.58570749
6901.41104557
6903.58660643
6905.65624193
6907.39543747
6909.51545686
6912.27248502
6915.42354459
6917.89450182
6918.90215172
6919.51189505
6920.02038272
6921.58482025
6924.09103714
6927.02296269
6930.15399835
6933.3866939
6935.71210309
6937.11502502
6938.28340991
6938.60993989
6938.85845813
6939.1076106
6939.42418786
6939.15633571
6940.29688366
6943.14216899
6947.41346684
6952.18222632
6955.9796201
6959.03486734
6960.78566044
6962.0106671
6963.45322565
6965.6920922
6968.69671859
6971.79875337
6974.4967134
6977.18766192
6979.36189156
6981.28190176
6982.09815701
6980.94196907
6977.21126129
6971.20084457
6963.75338929
6956.87643799
6950.18694346
6944.1223862
6938.23805117
6932.13355758
6926.83376348
6922.01604194
6917.80342888
6915.49400816
6914.23520548
6913.54451617
6913.54055041
6914.09496834
6916.13611873
6919.85697834
6924.33413992
6930.16762409
6936.7803196
6942.51867447
6947.10768563
6951.12777495
6956.12345359
6960.59388245
6963.90555853
6967.27877698
6969.67069095
6970.798798
6971.23938696
6971.63711232
6971.48160459
6971.22984545
6969.55194834
6968.43904218
6966.99716665
6965.36753465
6964.61358146
6964.83900215
6965.45010456
6966.05234154
6966.94356277
6967.44618893
6967.63541602
6967.7263635
6967.73701319
6967.52539249
6966.59003918
6965.5053533
6965.20426269
6964.6095948
6963.83538072
6962.6925955
6960.5980782
6957.91859482
6954.74861254
6950.87954247
6946.96658426
6943.33095699
6940.40586173
6938.0373938
6935.560589
6933.90746217
6933.0256082
6934.26738393
6936.25352255
6938.25378176
6939.9761664
6941.05490017
6940.93842968
6941.18114217
6942.37581673
6944.22791427
6946.05873335
6947.74054743
6949.05227096
6950.71250688
6951.52821152
6953.02153033
6954.64605355
6955.80051997
6955.82592449
6954.75147708
6954.0408684
6953.02233881
6953.05532635
6954.51335762
6956.7127827
6958.53629057
6959.87642953
6960.70168265
6960.76118289
6960.39001902
6959.25487955
6958.35705802
6957.7297441
6955.94900922
6954.12324316
6952.7639724
6951.11767587
6949.07115882
6945.38751038
6943.52646376
6940.56803248
6937.62844723
6935.33483377
6934.82912003
6935.64872073
6936.84242651
6938.6416938
6941.71097103
6943.09791843
6944.77896584
6946.37390273
6947.32677087
6947.88844425
6947.47953254
6946.4710393
6945.81459208
6945.07881585
6944.79343492
6944.69266714
6944.46759494
6941.95129291
6939.42709422
6936.75438538
6933.7137257
6932.96825462
6931.27673874
6930.30740819
6929.39589819
6929.35244218
6930.49601497
6932.10400609
6936.52080319
6940.29701608
6946.57473435
6952.06158795
6954.72195347
6959.59306285
6962.16586815
6967.21652371
6969.6800373
6972.19500812
6973.60781307
6975.1341264
6975.56364051
6975.88242019
6975.21217298
6974.09859773
6970.56463733
6967.57307214
6960.47274227
6954.97224201
6946.60037584
6940.7246902
6937.75404802
6932.10837609
6928.76387277
6922.73892425
6918.65327106
6915.616145
6913.92363245
6912.44499181
6911.90281266
6911.75615644
6913.36181271
6915.16765242
6919.85414168
6923.65320818
6927.44565348
6929.33315705
6930.96453844
6931.51906092
6932.40429519
6933.26322584
6934.95502051
6935.99043069
6936.38478272
6935.85003326
6935.46786424
6934.66231444
6933.15826928
6931.36857137
6929.07879124
6926.63581035
6924.54954516
6923.30318338
6923.66007332
6924.87223484
6926.95527306
6928.54015966
6929.76409995
6930.55377279
6931.22241697
6932.03761283
6934.02646265
6935.41697854
6936.08552514
6936.38369545
6935.81002027
6935.99396432
6936.53971196
6937.10489109
6937.18936373
6936.88014647
6936.40035998
6935.2499081
6934.15022344
6933.34553091
6932.86298442
6932.57636289
6932.17904178
6931.6089978
6930.17365984
6929.06379944
6928.2071409
6928.08876768
6928.08876768
6927.01211088
6925.15368486
6923.98255391
6923.24980949
6922.99692126
6923.92413397
6924.0059651
6923.78474017
6923.46425291
6923.75609474
6924.84490669
6925.24267386
6925.79056119
6926.5422562
6927.19667524
6928.55101146
6929.95290885
6932.00643043
6934.64811022
6936.36930304
6936.68309939
6935.47105636
6933.65492242
6931.93669868
6931.05791835
6930.30628607
6929.27062499
6927.2742688
6925.66293223
6923.96547817
6922.21738931
6921.11302102
6919.9620952
6918.41190372
6915.53768023
6912.70877367
6909.7487533
6907.88508607
6906.83650318
6906.84703438
6907.41833987
6907.50149524
6908.14644944
6909.19581294
6910.79731528
6912.96119493
6915.05804708
6916.58228343
6917.25969548
6917.62926329
6918.05028833
6919.1156612
6921.13525433
6923.42660265
6925.74041427
6927.69741262
6928.35188045
6927.34921388
6925.16393728
6922.107317
6919.03345371
6915.2008839
6911.56152785
6908.68167982
6906.96442487
6907.08764899
6908.39457041
6910.28890427
6912.22133446
6913.7904138
6915.42870216
6917.54694429
6920.37692418
6923.63955456
6927.37801961
6931.88541571
6936.13385297
6940.62109273
6944.62968902
6948.09908222
6951.12889707
6953.02010154
6952.73778031
6950.35166512
6947.4163523
6944.63164053
6941.22349
6937.57952001
6934.56825848
6930.39113508
6926.90309796
6924.42970831
6922.69742671
6922.3310789
6922.51229781
6922.15327513
6921.1279501
6920.21738101
6919.67442822
6921.03371292
6924.14353981
6928.41615493
6931.99890317
6935.33877165
6938.45418823
6940.93141817
6942.80872508
6944.25249637
6945.72889277
6946.41963784
6946.00796613
6945.51094359
6945.6615795
6946.81783017
6948.62320291
6950.53611796
6951.29650417
6951.15035674
6950.25634067
6950.83646281
6952.1794245
6953.95181667
6956.27161526
6959.50600445
6962.10891881
6963.02301457
6963.45941474
6963.64985455
6963.01653973
6961.58638025
6959.8748962
6956.83538651
6953.46036292
6951.00857234
6948.82886452
6946.47086506
6943.68455027
6938.94626228
6934.39918774
6931.30304235
6928.32273321
6926.70060756
6926.68174061
6927.13380864
6928.55524904
6930.67151874
6932.32403224
6935.09019765
6938.12799977
6941.63889747
6944.68438018
6946.3865109
6946.98239152
6946.9951809
6947.23896672
6946.8723192
6945.64799558
6943.62074973
6940.94148241
6938.21607574
6936.06282486
6934.69232593
6933.65236454
6932.98635491
6932.14509242
6931.24613483
6929.94102553
6929.24938137
6929.49898688
6930.93151605
6934.00207571
6937.73867985
6941.49651367
6945.11413823
6947.23217127
6948.48936395
6948.26787417
6947.24294641
6945.34337831
6941.82968576
6937.18355101
6932.43839788
6928.03455047
6921.96247987
6918.57461811
6913.34924636
6906.50553351
6902.3172377
6897.46669588
6893.42587174
6891.05058745
6890.31796152
6891.40413891
6892.96700826
6895.10983945
6899.06709701
6901.33437201
6905.11765914
6907.43052289
6909.01310949
6909.89704739
6911.56658784
6912.64840918
6913.4435393
6913.6959745
6912.70197822
6910.42856989
6906.57632465
6901.03958898
6897.68844354
6893.20304378
6890.74438109
6888.3749374
6886.3228446
6885.36410798
6884.99008654
6885.54292932
6887.77819951
6889.43462997
6891.60365326
6892.75432817
6894.16075585
6895.81092754
6897.60599211
6901.12498162
6903.10902236
6906.74521418
6908.52783088
6909.87011651
6910.20352557
6909.770896
6909.5432729
6909.29762617
6909.44350178
6909.68564972
6910.37888297
6911.26910753
6912.81156963
6914.95026082
6917.72616289
6920.31906182
6922.86848381
6926.93451732
6928.86468236
6931.72448556
6933.82395831
6937.83197612
6940.53118373
6944.16534736
6946.56720708
6949.37360155
6952.70935791
6953.78058533
6954.98909472
6955.43509913
6955.62581075
6956.27376889
6956.89134615
6957.34507297
6958.72313402
6960.14772472
6960.81451496
6961.4746143
6962.90115651
6965.05751587
6967.00815786
6970.58748397
6972.93378829
6974.99354775
6976.56397224
6979.57912983
6983.08640329
6986.70505937
6990.03620877
6992.98151612
6995.67064556
6997.44312136
6998.09968707
6998.06739649
6997.52601188
6996.71178482
6994.95668445
6993.13808324
6992.11838274
6991.70105165
6993.09130268
6996.58177919
7000.23639887
7003.69514238
7006.89478767
7009.67928337
7012.56226776
7015.82960964
7018.70501798
7021.45438644
7024.19553067
7027.00661574
7029.64380704
7032.39321035
7034.44710829
7035.95054012
7036.21050956
7034.89093815
7031.67470501
7028.05179045
7024.46442131
7021.15232704
7018.22431846
7016.09072211
7013.96854211
7013.38427299
7013.94251031
7015.9915922
7019.35913035
7023.88809764
7028.624002
7033.17242169
7037.23184793
7041.49144367
7045.84715144
7050.37048025
7054.3981944
7057.94019086
7061.07689985
7063.8141759
7066.99751211
7069.94840219
7072.33301192
7074.05871414
7074.40441773
7072.85909806
7070.61137304
7068.56854993
7068.21693604
7069.61365495
7072.39839459
7075.69025584
7079.133213
7082.74894181
7085.76681061
7088.22384937
7090.6249006
7092.54302899
7093.83206618
7094.14641314
7094.67484807
7096.82890743
7101.10982345
7105.70745613
7110.25816885
7114.23165881
7116.30904461
7117.10358927
7118.08157618
7119.29270618
7121.2825457
7124.30516086
7127.04013691
7129.0819076
7129.96595005
7130.7118393
7131.45919219
7131.87012511
7130.44266987
7127.70441807
7125.03000862
7121.23668514
7117.59593515
7113.89049249
7110.74193503
7107.11943865
7102.70977852
7097.67613597
7092.89317924
7089.20705657
7086.17238384
7083.89635491
7082.4164876
7080.93514969
7079.58171255
7078.52949149
7078.27440083
7077.86248518
7077.10578594
7075.80790421
7073.60686217
7069.97399489
7066.48362989
7063.59497915
7061.13460888
7058.79885667
7056.27241374
7053.43456506
7051.45726401
7050.06318662
7049.7734566
7049.60179314
7049.21511474
7048.65921226
7047.59438303
7046.43218722
7045.9200544
7046.79119595
7049.17399357
7052.26170563
7055.70048098
7059.46794691
7062.84315869
7065.6014135
7068.73380825
7072.17592208
7075.60897531
7077.88960425
7080.01235576
7082.07441521
7085.04224164
7088.31918776
7092.62018346
7096.2755698
7099.03244462
7100.96458208
7102.57331896
7104.20428914
7105.61349773
7106.48743413
7108.39648798
7109.83328958
7110.61682909
7110.49561922
7109.97234186
7109.49149598
7109.322481
7108.2419142
7106.42463026
7105.02127621
7104.24918092
7104.65655233
7106.55782103
7108.49016759
7109.79140174
7111.01173173
7111.86537936
7112.09781852
7111.90162175
7111.30208902
7110.97813782
7110.39554841
7110.31078304
7110.24688492
7110.90057214
7112.74474515
7114.10787015
7114.7642198
7112.54081899
7109.88396619
7105.19056998
7099.90024072
7094.95691142
7090.65075815
7087.04659206
7084.12399892
7083.26867159
7082.8256781
7083.19082713
7084.37511685
7085.43771579
7086.1771999
7087.01628088
7087.18347677
7089.40046546
7092.85296413
7098.39979889
7104.55508061
7110.77400257
7116.53339894
7120.88019247
7124.81283308
7127.9706672
7129.94929249
7130.84390796
7130.84683523
7129.96657035
7128.62149685
7127.48305374
7126.2700489
7124.82997852
7121.43768403
7120.17965499
7117.92949754
7116.37449
7116.85971982
7118.66590802
7121.06698016
7123.49165864
7125.32182954
7127.83997854
7130.45814259
7133.63988274
7138.21862058
7144.4670104
7147.87016366
7150.83968372
7153.89567672
7155.54610629
7156.86489709
7156.46310143
7155.42482671
7153.59527612
7150.15894016
7147.44257318
7146.31558127
7145.5521981
7145.19200452
7143.86928978
7142.88223531
7139.39990637
7136.37868515
7133.33362062
7131.3983468
7130.95480967
7130.32536999
7129.57674862
7128.80422818
7128.23083875
7125.94631377
7123.85616646
7120.63094938
7118.01146806
7113.68754208
7110.00873061
7107.8804591
7105.93717014
7104.21907186
7102.33641919
7100.81527738
7097.80612069
7095.00013047
7092.40028974
7090.81573071
7089.86903772
7090.15653743
7090.72832383
7090.37636146
7090.04001119
7089.78143569
7089.11380211
7087.6910096
7085.195993
7081.62395718
7077.49999858
7074.62144691
7069.51711777
7065.35182891
7061.52031152
7056.81131017
7051.58285783
7046.00849976
7040.4791659
7036.57969404
7033.80136652
