6930.32322528
6932.74802922
6935.2787376
6938.17272016
6941.16036141
6943.77857425
6946.63444655
6949.36844684
6952.23103792
6955.66855872
6959.61758508
6963.51824178
6966.91087778
6970.03908375
6972.8549082
6975.07914537
6977.70476699
6980.57857927
6983.16126759
6985.26499882
6986.67831256
6988.7510914
6991.17759594
6993.25309993
6996.04159623
6999.25023938
7001.62445731
7003.35169983
7004.02755067
7004.44447752
7004.752036
7005.73895805
7006.41884434
7008.81648739
7011.51110197
7014.61303917
7019.14961039
7021.87629252
7025.80252798
7030.72221609
7033.19799635
7035.87728458
7038.13524808
7040.22260053
7041.01450368
7041.1527196
7041.86181586
7042.57585363
7042.61355269
7042.5984424
7042.04022599
7041.30617824
7040.16385999
7039.12948132
7037.50051841
7034.81621897
7033.44806185
7031.63260397
7029.49848489
7028.5120577
7028.19912559
7027.82449778
7028.16142653
7028.6906351
7030.22646901
7033.70155645
7035.89701577
7038.4774041
7043.93592591
7047.53408413
7050.95802101
7055.62519725
7058.63144758
7061.55654981
7065.33440057
7067.50183477
7069.14208161
7070.64503254
7071.49847108
7071.81071319
7070.90771318
7070.19952298
7069.54012061
7067.40370153
7065.54029219
7064.11860785
7061.86691707
7058.81703648
7056.241053
7052.31690844
7048.35659119
7045.96054419
7042.99368655
7039.86575937
7037.14451361
7035.33134179
7032.97615111
7030.97578039
7029.03751657
7026.57170994
7024.87919042
7023.68179071
7022.12099833
7020.89420047
7019.71722195
7017.28932347
7014.7496451
7013.38247071
7011.33499185
7009.7539107
7008.91349851
7008.65619149
7007.65540674
7006.88553478
7006.38350801
7005.17899921
7004.47332507
7003.48397061
7002.1681001
7000.10325277
6997.3494028
6994.15839993
6991.00062854
6988.516638
6984.15953629
6980.76104575
6977.58907014
6974.17050689
6970.9754616
6967.12979575
6963.77737486
6959.54475182
6954.87826557
6950.30538227
6945.77152923
6940.77951664
6936.36044743
6932.21010158
6928.45527169
6924.83478956
6920.8052145
6916.99778436
6913.33774924
6909.54964605
6906.2572342
6903.06308103
6899.46706947
6896.28606114
6892.97300506
6888.83788101
6886.14686976
6883.67695799
6880.74152668
6878.34209938
6876.13009402
6873.81107604
6872.00134027
6869.9450796
6868.28240429
6866.9375817
6865.5322831
6864.06485669
6862.38438777
6860.72796427
6858.72299355
6856.56995873
6854.97407396
6853.56197295
6852.33895963
6850.93088013
6849.5844336
6848.42586203
6847.50181356
6846.9533338
6846.74537219
6845.42454624
6844.42615906
6843.70890129
6842.4715095
6841.21464439
6840.56148686
6839.56721179
6838.72145385
6838.11446355
6837.66149643
6837.63862191
6837.05303552
6836.43374372
6836.03684775
6835.52295857
6835.04289329
6834.05458428
6832.58738787
6830.64932617
6829.0745038
6826.98749983
6824.72149331
6822.99847442
6821.55787435
6820.15843726
6819.53784213
6819.68992076
6819.93071658
6820.36191039
6820.51601024
6820.53831325
6820.40299672
6820.03153315
6819.88036057
6819.26212119
6818.6034367
6818.22237587
6818.34970513
6819.1997355
6820.45077394
6821.83804195
6823.07891162
6824.46524568
6826.30530657
6827.35925612
6828.17516288
6829.09460439
6829.56143422
6830.09087976
6830.94290345
6831.0729718
6831.52549287
6832.52058339
6833.56877598
6835.57307761
6837.52015808
6840.05698585
6842.89930907
6845.80375313
6849.15075858
6852.817624
6856.31895929
6858.91742699
6861.41875813
6863.53118056
6865.52571068
6868.13458414
6871.56572071
6875.69735991
6880.2393187
6885.49339163
6890.94613557
6896.09659708
6901.15779778
6905.86994246
6909.98348138
6913.73215702
6916.97608075
6919.6769332
6922.395412
6924.35204792
6926.68844831
6928.98305844
6930.29774409
6931.05222698
6931.15119657
6930.80180601
6930.21070661
6928.8695431
6926.75291794
6924.08219546
6921.68329786
6919.20063156
6917.20179416
6915.62862361
6913.99406403
6912.30222754
6910.87361534
6909.62199841
6908.72460203
6907.73281514
6907.16409541
6907.51247536
6907.96412522
6908.71842689
6908.48742348
6908.30099821
6908.2563225
6908.12075506
6908.3390109
6908.49060863
6909.04299141
6909.19186399
6908.4667932
6907.75734148
6907.01767616
6905.70951414
6904.24516136
6903.1370155
6901.76177718
6900.52326326
6899.94992262
6899.58542178
6899.98886925
6900.44102789
6901.03669942
6901.51491076
6901.46402505
6900.49438087
6898.85181312
6895.61692908
6891.66330273
6888.20579982
6884.9555755
6882.17838403
6879.56674361
6876.92824201
6874.33143309
6871.01654398
6867.32838615
6863.65764558
6859.26188301
6854.39060637
6849.77607219
6844.86260801
6839.92486144
6835.80475707
6832.27789181
6829.730038
6828.28257975
6826.87054843
6825.63108664
6824.16577204
6822.79350281
6821.26962191
6819.98156047
6818.84711797
6817.94806281
6817.41939091
6817.14222725
6817.92721647
6818.45861351
6819.05569291
6819.86184908
6821.03307063
6822.61194936
6824.11050937
6825.88597517
6827.38319004
6829.65421474
6831.46178293
6833.17257698
6834.56866164
6836.10347102
6837.31479617
6837.5541632
6837.70829093
6837.2474829
6835.69300506
6833.15640033
6831.46431293
6830.10973974
6828.55381917
6827.11962424
6826.117341
6824.94844035
6824.26770376
6823.34655468
6822.16919283
6821.89924977
6822.04934901
6822.93631873
6823.25905022
6824.49752929
6826.72557888
6829.98205502
6831.92231914
6835.89838092
6837.5944968
6839.63322173
6842.14817861
6843.21525906
6843.99156404
6843.9422953
6843.64424348
6843.39959342
6843.01889501
6842.71510016
6842.46850556
6842.17069768
6841.66567394
6841.30492975
6840.53299477
6839.57222997
6838.6749242
6838.51457951
6839.86923634
6840.51872781
6842.03192418
6844.62308765
6846.63249109
6848.54507857
6852.44167195
6855.30814514
6857.12400727
6859.54722212
6862.67499596
6864.54283803
6866.40401708
6868.33837787
6869.65408807
6871.14289749
6874.02052219
6875.95859086
6877.64739553
6879.21433518
6880.66817766
6881.42484903
6884.10186514
6886.23104968
6887.66244976
6890.42032124
6892.57153
6893.24344994
6894.61976856
6895.83126099
6897.2781059
6898.0423115
6901.53013256
6903.76626699
6906.78276973
6910.92477286
6913.33484985
6917.10572395
6919.73915162
6921.95087123
6923.31621259
6923.94742954
6924.67436123
6925.12385048
6926.31784201
6928.51684891
6931.69813603
6935.35214237
6938.39138024
6941.28091614
6943.24936569
6945.0391542
6946.0014593
6947.39003064
6948.13989959
6949.04289262
6949.92225841
6952.19263493
6954.27127527
6955.27316821
6959.68637592
6963.2480269
6965.70602747
6968.27463703
6969.83062032
6970.65123162
6972.06273324
6973.3337956
6974.53237319
6975.36964205
6975.63713876
6975.34908147
6974.4536157
6973.23371086
6971.8253456
6969.89752934
6967.31421374
6963.58577808
6959.21801275
6955.03675633
6950.13344002
6945.35785722
6940.56111444
6935.9619554
6931.66608242
6926.83177998
6922.06195415
6918.2877555
6915.15011955
6912.70834441
6911.15411748
6910.8571599
6911.30545036
6912.01614965
6913.02326985
6914.10327211
6915.8769467
6917.40901001
6918.66694148
6919.14707646
6919.80500125
6920.54130718
6920.59281319
6920.5308875
6920.20578631
6919.29392783
6918.06459299
6916.2853078
6913.58391172
6910.45050637
6906.12332554
6901.28255523
6896.90330385
6892.06723111
6887.27830833
6883.55902386
6880.23860779
6877.10882668
6874.48708718
6872.16770677
6869.91045418
6868.17533591
6866.57628691
6865.13750592
6864.00644372
6863.01920107
6862.14001649
6861.59109765
6861.62685216
6861.55972708
6861.35121486
6860.81047843
6860.28407168
6859.99452985
6860.00835772
6860.77850149
6861.07670665
6861.27287554
6861.6288664
6861.71699116
6861.20225864
6860.46363878
6859.70463257
6858.31429093
6856.96730773
6855.74931258
6855.05029449
6855.03636208
6855.61276242
6856.3527344
6857.36392491
6858.99957873
6860.36903221
6861.42521206
6862.46467859
6863.55089781
6864.23591379
6865.59150456
6866.82432423
6867.6184298
6869.02733173
6870.29842894
6872.08673988
6873.47964637
6873.96239498
6874.04107581
6873.66220346
6872.41740288
6871.99418937
6871.15324051
6869.87445573
6869.23396213
6869.11988224
6868.49014984
6868.22820101
6868.37495481
6868.83135102
6870.27522684
6872.55304002
6874.63000067
6877.9473919
6881.8787013
6885.65027238
6889.58312208
6893.40528614
6896.54955724
6898.55341978
6900.3207868
6901.94838366
6903.41012977
6904.50324201
6905.0175215
6905.78608315
6906.33245806
6907.10130547
6907.23603655
6907.23603655
6907.07824277
6906.84678633
6906.94687805
6907.3668646
6907.90168376
6909.99754621
6912.53925973
6915.41867564
6918.76508866
6922.09992502
6925.41144777
6928.62902607
6931.38607513
6934.10414271
6936.28366932
6937.69004822
6939.21168488
6940.48033573
6941.72156782
6942.96676567
6944.38982303
6945.48939618
6946.91755535
6947.46014572
6948.21879648
6948.32759334
6947.82849384
6947.05450976
6945.81327767
6944.96995215
6944.01733492
6943.74952458
6943.58904747
6943.7182934
6944.69621061
6945.515881
6946.33112564
6946.82736756
6946.27641357
6945.87663215
6946.46591944
6947.77838177
6949.62409507
6952.59743452
6955.92880695
6959.93805142
6964.93964036
6969.68237501
6974.02888279
6977.43301878
6979.82424972
6981.77116292
6983.59784898
6985.55842277
6986.78822457
6986.65475501
6986.2614554
6984.76945387
6982.50081977
6978.86961128
6974.36461275
6968.81639103
6962.30746724
6956.86832116
6951.70433845
6946.95547047
6942.31315511
6938.42442354
6934.5965304
6931.30005521
6928.83199738
6926.03822502
6924.15447115
6922.14453801
6920.24266991
6918.36396906
6915.54954551
6911.34889244
6905.06773811
6898.94539514
6893.92330138
6887.56507622
6879.35749261
6873.05479497
6864.51248503
6851.97505121
6842.02885055
6828.72156567
6819.65790898
6810.16829271
6802.88096606
6797.87289531
6796.03561533
6798.6870248
6805.78014801
6816.31852838
6826.14701794
6837.21035536
6849.17185583
6861.45725172
6871.53407831
6877.27006349
6879.86318544
6882.58697514
6882.1636292
6881.11476055
6878.49411529
6873.27268839
6864.09203848
6855.15318803
6840.70600338
6831.33462791
6821.5304068
6814.73925238
6809.84792394
6809.47984764
6812.4629586
6815.90558818
6816.69553285
6816.32979837
6815.57400518
6814.12864481
6811.78873866
6808.94262393
6806.18892032
6805.74725107
6806.81120213
6809.122198
6812.96880476
6816.88359599
6821.02056701
6825.09933414
6829.07028714
6832.25134426
6836.87107085
6839.58536087
6838.08532328
6835.21268888
6834.22605259
6832.0844411
6828.54369918
6824.52761744
6821.1292872
6816.15920823
6811.72382297
6808.35150362
6803.73991065
6798.99543358
6797.37275035
6796.85490239
6796.50655728
6798.99933661
6804.38683728
6809.9265281
6814.44719449
6818.22229223
6822.58627999
6825.38571173
6828.52710435
6831.33683033
6835.46353499
6839.57920663
6844.16948628
6849.35389019
6855.04928389
6857.98592792
6859.48768006
6859.1898652
6859.68550077
6858.60729669
6855.30937181
6851.90829551
6849.87013513
6848.95695937
6850.77256362
6853.517123
6855.39354476
6855.93218331
6857.68483034
6861.55361466
6866.13156493
6868.79538742
6871.65884273
6874.01441674
6876.73774644
6879.30745024
6881.58695705
6884.24272954
6888.81678376
6892.25866062
6896.35934046
6901.448169
6906.34941532
6910.7684009
6914.06437427
6916.60438021
6917.90886224
6915.65018783
6912.28925695
6909.43756647
6905.41376928
6900.24953566
6894.56798376
6889.70776105
6887.34408826
6887.14223907
6889.91768114
6895.43418381
6902.24681184
6908.72463688
6914.94651399
6920.76326393
6924.71587968
6928.14719746
6930.66358312
6932.03040206
6931.21717863
6929.63706627
6927.02022646
6926.80426365
6927.72806121
6928.44319322
6929.52616456
6931.17932624
6932.06708354
6932.80084553
6932.85019094
6931.08435725
6927.92232041
6925.33676057
6920.18938663
6913.21346572
6909.17470461
6904.95933155
6900.92445256
6898.24603554
6895.55761702
6893.84163055
6893.11948703
6892.60890148
6891.46022687
6888.32675879
6885.81439464
6883.99978009
6882.25812426
6881.56357374
6881.37697423
6881.15231324
6880.87257079
6881.67918696
6882.71171865
6883.9466362
6886.88462539
6887.49666174
6887.35501673
6886.53559725
6882.7033829
6877.11527364
6872.05033719
6864.87685345
6855.33664421
6847.72080122
6841.82999832
6834.64557914
6830.4777324
6827.86824562
6824.95703398
6821.66567454
6820.24382294
6820.05065101
6819.45224736
6818.83265586
6817.91512405
6817.3704846
6816.28961113
6816.13199159
6815.7666265
6816.60886475
6817.75499543
6818.59972185
6819.78199037
6822.17644131
6824.22330684
6826.99919497
6829.14012343
6830.85879323
6830.83274053
6831.75075325
6831.85451799
6831.54889012
6831.937757
6833.08476585
6833.72442309
6833.95562862
6833.89681837
6834.89051496
6835.85125187
6836.99840709
6837.38377519
6837.53666231
6836.62270595
6837.45715209
6837.21639112
6837.82627384
6838.7326193
6839.83899486
6840.21723296
6841.27799887
6842.22251732
6843.40307826
6844.76591054
6847.03315766
6849.71716437
6850.63698224
6851.76052415
6852.60449785
6853.60487139
6854.03469218
6854.47745567
6854.95421035
6854.91074736
6855.90489697
6857.4598139
6858.22749738
6858.99486722
6859.60916175
6860.58293896
6861.47370716
6863.01754925
6865.72788745
6868.6410506
6870.98518038
6872.70917502
6873.49814392
6873.68507101
6875.1095711
6877.14458119
6878.70358933
6879.17046795
6879.16763826
6877.05449794
6873.9799795
6871.67817665
6869.31382084
6867.22253747
6865.58512032
6864.33811036
6864.17681779
6864.53547107
6866.31190566
6868.87215855
6870.92277377
6873.9575371
6876.96244925
6880.08329522
6885.56369489
6892.85929456
6900.48221179
6908.54932827
6915.3843081
6921.52965801
6926.42943372
6932.49161432
6937.02056767
6942.26912061
6946.63388897
6948.30215397
6949.97717957
6951.45245385
6951.96465637
6952.19911674
6951.23479043
6950.64452738
6950.30879742
6952.04160174
6954.26758134
6956.3502641
6959.45672463
6961.06393515
6960.41840246
6957.93426555
6955.18430466
6952.21911975
6948.93305031
6944.16212326
6938.7245384
6934.13328996
6931.3300667
6929.52326517
6927.24706896
6926.49586184
6927.54318321
6929.55671968
6932.97787566
6939.47201674
6946.42326494
6955.07501992
6962.65706689
6968.65657604
6973.42976824
6977.65779128
6981.25059678
6984.26380286
6987.31450587
6988.82038406
6988.6178379
6986.38844316
6982.28559574
6975.72676897
6967.44684695
6959.72185164
6952.04738659
6944.96487125
6937.7211191
6928.97508511
6921.62570034
6916.08049649
6910.93120589
6905.10563929
6899.87223149
6896.52145545
6891.54994072
6887.11357273
6884.04101278
6881.36035849
6880.00214015
6878.65070332
6877.06689702
6876.16849701
6875.07676477
6875.97926296
6878.04848028
6880.33961951
6882.79504826
6884.25525408
6885.44948955
6886.17256701
6885.99667294
6883.92499532
6880.62638043
6878.09252872
6874.90691342
6869.64311778
6864.49625262
6860.93103316
6857.24719654
6853.08098071
6848.70595296
6845.60999575
6842.47673676
6841.74016599
6841.63862457
6842.20369219
6844.65088277
6847.33867402
6849.01291902
6850.53227659
6852.37382899
6853.72079825
6855.75021167
6857.82405687
6859.07729077
6860.21575478
6860.98150068
6860.68720552
6860.92042529
6860.25260353
6858.86801886
6856.85030057
6854.518082
6852.42697287
6851.71115086
6851.32916306
6851.09848026
6849.68361228
6847.99610397
6845.61121545
6843.20219786
6840.96999433
6839.68449774
6839.59639389
6840.05911161
6840.24761384
6840.12243124
6841.92999943
6843.78381152
6845.96450206
6848.6334194
6852.2930224
6856.26817115
6861.64956638
6866.97626348
6871.12686024
6874.00558614
6876.32143989
6876.62377807
6876.81646212
6876.47705216
6875.66782236
6874.96168822
6874.48533779
6872.70320199
6871.19458471
6869.44339434
6868.23939433
6867.47439419
6867.41829516
6867.87961894
6871.00243733
6875.36162994
6881.2745616
6887.62693222
6894.11096028
6900.93526255
6908.0873354
6914.59280222
6920.23817446
6925.12073503
6928.95008484
6930.77383665
6930.53947385
6928.4651129
6923.71833583
6918.0478518
6911.07138726
6904.94951823
6900.35311919
6899.88533451
6900.42788306
6901.95563213
6903.82465905
6907.18501842
6911.29664067
6916.6536838
6922.77983222
6929.51352155
6934.86052135
6938.38525389
6940.74130183
6941.44105174
6943.20791694
6946.02940776
6948.89478671
6953.09005221
6956.96561803
6960.03646345
6963.10075735
6966.00760596
6969.38330562
6973.5766893
6977.61764587
6980.7690609
6982.92311329
6983.93525167
6983.89712746
6983.44172792
6983.21618875
6982.38832897
6981.86183859
6981.62647216
6979.85672847
6976.67443772
6973.67071042
6970.0851534
6966.61550232
6964.36812578
6963.82051724
6963.14159974
6963.62675986
6966.24917542
6970.1639109
6976.14885339
6983.74281853
6991.69286512
6999.39548772
7006.23366664
7011.96916394
7014.73737147
7016.76138339
7016.67090287
7013.77423698
7008.92353486
7001.98702756
6994.35424125
6987.43828059
6981.66996303
6976.91126778
6973.06358072
6969.07196956
6964.87273134
6960.98719886
6957.38554186
6953.34744286
6948.99954115
6944.76222054
6940.40809489
6933.98505859
6927.54951169
6922.2662497
6919.483824
6918.65883573
6920.31495953
6924.06204609
6929.42810799
6933.91331957
6936.52169817
6937.81224779
6939.31748477
6940.20880358
6939.1567219
6938.2469613
6934.78266294
6929.70612893
6922.54390821
6913.9121423
6905.70671929
6898.59940579
6892.4402071
6887.66398309
6883.51450845
6880.50815358
6880.06256736
6880.88517199
6884.11430604
6888.3407609
6891.90598037
6896.23385816
6901.81352712
6907.94397584
6912.56542395
6918.10073781
6923.76556941
6925.94697087
6925.75161743
6923.96191952
6919.11026952
6912.9355354
6907.44895361
6902.15415678
6895.67854114
6889.61823538
6885.79005648
6881.51404015
6877.93782252
6876.42857099
6876.28117599
6876.03302715
6877.49019417
6879.96757746
6881.37373332
6883.32495379
6884.82846926
6885.5001801
6885.05089298
6883.94622499
6882.02295995
6880.09022309
6878.46003351
6877.83093535
6878.35486089
6879.8564109
6881.28450735
6882.05065749
6881.96700727
6883.42022946
6884.9773976
6885.66926478
6886.47949125
6887.95426371
6889.27707602
6889.76868311
6889.20161519
6887.22191656
6884.45731236
6881.09597724
6877.23865109
6873.93885136
6870.76494514
6869.67518532
6869.96545897
6871.48369442
6872.76179618
6875.04471814
6877.76313421
6881.50768379
6886.34499714
6891.49047533
6897.36183279
6903.7727488
6909.80852822
6913.41755219
6915.79336617
6917.87959651
6918.33193636
6917.67884853
6917.84806564
6918.61549123
6919.14396101
6919.71426983
6920.04754647
6918.98829995
6917.04440462
6915.36307145
6913.15137276
6909.79000975
6906.57314236
6903.66236982
6901.54086588
6899.71396377
6898.0540624
6898.21044133
6898.64859786
6900.29715258
6902.8695397
6908.16421108
6914.21122564
6920.08515491
6925.52379917
6931.36378606
6937.33160403
6943.29793049
6948.94350484
6954.96915033
6959.76527281
6962.57531242
6964.18377748
6964.16677144
6960.60379621
6956.47773973
6952.51128915
6948.16276017
6940.22369781
6932.0371766
6923.36370406
6916.25931086
6911.73991993
6909.65891685
6909.77685795
6910.77956634
6913.54481176
6919.7153571
6926.37743983
6933.24663387
6940.23294658
6948.21893587
6956.46972459
6964.0146231
6972.14839073
6980.22472811
6988.14913321
6995.22594038
7000.12661517
7001.47016232
6999.69414591
6996.7879176
6990.36507645
6985.23091704
6979.53159244
6972.79399311
6964.83209805
6959.29091571
6952.9575584
6945.69507173
6938.93807576
6931.58272493
6923.86216932
6915.65132389
6906.48797972
6900.58420623
6894.44870449
6888.93125395
6883.51263361
6878.54456191
6873.10255826
6868.89269126
6866.80694183
6865.7750165
6865.8726967
6864.73777329
6864.53540137
6865.0385642
6866.71841283
6866.98438317
6866.18792881
6864.56525255
6861.2751616
6857.92961283
6854.66214549
6850.66432433
6843.52137481
6838.8024068
6836.91504263
6835.16663317
6833.19157635
6832.37045626
6832.3639187
6830.6407186
6828.8177683
6825.73842684
6822.49404311
6817.97292369
6813.67213708
6810.55567505
6810.66148888
6812.65033174
6815.664186
6820.04226647
6825.74152835
6831.37319817
6837.44255059
6843.82422875
6848.08735115
6848.20349407
6846.74192917
6844.85723438
6840.6707019
6836.34373714
6831.13903053
6824.87150195
6818.23738161
6813.01458168
6808.59503852
6805.05571843
6802.65006023
6801.61631581
6800.3822625
6799.8269176
6800.68321371
6802.93330843
6803.93952257
6805.91368727
6807.42913484
6808.06868754
6809.95185596
6813.74604368
6816.06918772
6816.5372024
6816.86716146
6818.63651485
6821.87432615
6826.20147213
6830.69894339
6832.9430163
6832.04085265
6832.51537703
6832.77478889
6833.41524764
6833.09035554
6832.44956225
6833.24037115
6834.21987745
6835.13209835
6837.55837986
6841.29989764
6843.61205048
6845.40953353
6845.92791119
6845.06307721
6843.09407009
6843.23778509
6846.19633486
6848.83498283
6851.86208647
6854.21915199
6856.53918755
6859.59468571
6863.54585176
6867.39551821
6871.38327513
6873.61375714
6875.06608721
6875.32154725
6876.6191502
6877.0072086
6876.41790737
6875.37577144
6874.65868792
6873.47285789
6872.88505514
6873.50429816
6875.58014366
6877.59207013
6880.79211966
6884.28364162
6886.62346413
6887.87809197
6890.49291057
6893.55058327
6897.40359517
6900.72463852
6903.61147714
6904.92729189
6906.1678061
6908.37816662
6911.41483267
6916.58701174
6922.24947366
6927.73995847
6934.25590771
6943.00770563
6949.54721939
6955.55913459
6959.77426371
6959.93616961
6957.40909941
6952.60161634
6948.89987458
6948.00712699
6946.78554942
6945.26863124
6944.08920636
6944.32890097
6943.21938905
6942.83933186
6940.90964773
6936.83547362
6932.69909503
6930.61131742
6928.20397952
6928.57614006
6930.37827189
6933.36589224
6938.57759642
6947.10434305
6955.26787125
6966.09549375
6974.12380997
6979.56727725
6980.36907039
6974.96672427
6967.32801373
6954.29796919
6942.73940741
6927.44104241
6918.67299814
6911.10813844
6908.58001581
6908.76490078
6910.2111463
6912.02178116
6909.84410849
6905.57825397
6902.90572634
6899.69355652
6895.4956495
6891.7131151
6888.78979015
6889.86436301
6889.12561769
6884.6393049
6878.67434451
6871.32035277
6863.44509792
6857.46693693
6851.58804523
6847.44195786
6847.95027826
6851.32367792
6854.30738827
6856.25251026
6856.87764964
6858.58114642
6860.16907877
6862.21959642
6863.88870475
6867.66071491
6872.69912472
6876.17417034
6876.3566647
6875.53104219
6871.80260653
6864.51099352
6855.95270905
6846.48846942
6839.34788959
6835.53344098
6833.82477269
6831.91895278
6830.29449925
6830.07433371
6831.43961932
6830.60552167
6827.95625886
6824.82746047
6823.13188823
6824.35761973
6824.77792689
6824.04086126
6825.30086273
6827.00516799
6826.07886134
6826.14313583
6824.60117555
6822.94764448
6819.16241978
6813.60311624
6808.5152983
6805.0832487
6800.96618312
6798.04379211
6797.84292564
6799.89131753
6802.62880267
6804.44670692
6805.61141181
6807.16310177
6807.63396706
6805.68556931
6803.11256886
6801.07156484
6802.04376689
6806.4752561
6810.75379546
6816.07488892
6823.27616081
6828.63709303
6832.20268189
6833.77832667
6834.28792253
6835.64872662
6837.76018724
6839.03623293
6844.58895011
6851.81918106
6857.38160004
6859.37802592
6857.82222384
6854.76878174
6849.28719723
6839.79509278
6830.41988397
6823.73625096
6821.24609224
6821.96169122
6826.5601742
6833.94461651
6839.95602989
6847.28617135
6852.816014
6857.12439757
6861.54270709
6865.26753943
6867.96550643
6870.88569502
6874.4167421
6879.49367338
6885.13524017
6888.78877257
6889.65948201
6890.98628795
6891.47979776
6892.16588011
6890.44558637
6888.83558101
6887.03785402
6886.65985288
6887.22370777
6889.77639856
6890.1741727
6889.83191214
6891.46139778
6893.9338047
6896.28963659
6898.64265969
6901.01054217
6905.26095883
6909.68135926
6912.15653314
6914.75504267
6916.604429
6915.93068998
6913.40367553
6910.70958368
6911.04651244
6913.4180331
6916.31490111
6920.61023742
6926.29846628
6931.88362736
6935.96491055
6937.09250881
6934.82233442
6931.98729453
6926.97566923
6922.72988742
6916.96308925
6911.97494484
6908.48451712
6906.99783346
6905.5356831
6904.38318213
6904.67934517
6906.71632071
6908.97786663
6911.54682466
6914.87727709
6920.57458048
6926.31568838
6926.90588173
6927.35871643
6927.32067586
6926.10365647
6924.6294137
6924.06871608
6922.54614548
6923.23898146
6923.23684873
6923.14865427
6921.05364213
6913.35298498
6902.1957728
6892.77802101
6886.06229954
6881.51006046
6880.61085196
6882.35038901
6883.49306272
6882.86862728
6878.75368049
6871.49281775
6861.72554297
6847.8672344
6834.70765817
6825.34183754
6819.9704926
6817.43027757
6815.66069419
6815.04892965
6815.87346488
6817.95516492
6821.36001182
6826.60614627
6834.2963001
6844.3841388
6854.32817885
6863.11151461
6868.99407237
6870.09114339
6867.24794199
6860.43408729
6850.19770359
6841.32293246
6833.5489263
6826.88022933
6822.01200541
6817.96702733
6815.4091511
6813.13724126
6809.53014789
6807.5192599
6805.65099965
6804.77142477
6805.5195513
6806.55345602
6809.45331403
6811.59739976
6812.55693093
6813.8134127
6815.03653754
6816.09089133
6817.90910921
6820.59972319
6824.15537327
6829.71708134
6832.10820077
6832.61279936
6828.34438696
6822.32962115
6816.24456603
6811.20692288
6807.56137077
6807.01590889
6807.6880658
6812.31260844
6816.80804455
6818.98755025
6817.19738538
6809.2946351
6798.6240885
6786.86224874
6776.56251056
6769.80037793
6762.36469445
6756.8283212
6754.67997699
6754.74326874
6757.08801185
6760.34153284
6761.89173129
6769.04465444
6781.27081494
6798.27790399
6817.75522543
6834.38332365
6845.64063451
6854.38517698
6858.7669235
6856.93358837
6848.74179111
6838.40205387
6829.74267404
6824.54359894
6820.04027314
6817.45035028
6817.55092987
6818.23192434
6819.82090215
6823.3293047
6827.37161338
6829.20839155
6828.72690445
6828.28489368
6829.03661657
6829.20951367
6829.05815291
6830.34328011
6834.31086675
6841.63248428
6851.55098042
6861.66941606
6871.74183083
6880.84764021
6889.73547254
6896.72149949
6898.85027978
6898.4331996
6896.78127155
6894.87600224
6890.6902434
6887.09470578
6888.4203687
6890.80790571
6891.71004147
6890.67958674
6888.36499451
6888.72621961
6888.07555723
6884.44286419
6884.74610843
6884.93986582
6886.72658767
6890.69197885
6894.35172822
6897.99645094
6901.48629321
6902.9596578
6906.51243636
6912.42508227
6919.45224433
6927.38347974
6935.22882068
6941.37854756
6946.04697138
6948.48169318
6946.38095892
6940.31396226
6931.25505193
6921.67806362
6915.67978811
6911.69957936
6906.69017043
6901.72612721
6896.9399226
6892.88139545
6888.51346285
6884.24615166
6879.34277263
6876.0372229
6876.09309194
6880.60501136
6888.28034066
6897.15111815
6908.85905432
6919.28727874
6933.78534212
6942.97172809
6951.98891089
6957.35278431
6961.09209269
6959.85148787
6956.15873702
6949.67121018
6940.81122176
6933.93446561
6925.11050352
6917.63450039
6909.31349902
6901.32723094
6896.89924052
6889.83354304
6882.2755903
6872.57252727
6865.29877061
6858.21895254
6848.33237061
6840.02985982
6833.01139593
6827.70356578
6823.25620659
6822.83645004
6824.83339168
6830.51632357
6837.77409874
6845.85925975
6856.44044098
6866.6697853
6873.78235394
6880.57038594
6885.67592781
6886.24112088
6885.91679332
6884.37127154
6882.88259454
6881.57116373
6878.82107042
6876.91350112
6874.97712608
6871.86883252
6867.09667184
6862.05391294
6854.75677994
6846.51033334
6840.93561285
6837.16527541
6833.18943666
6829.85887969
6827.478626
6828.25405977
6829.31268599
6829.22596911
6832.35844052
6837.35757613
6841.85879011
6844.49509626
6845.5706867
6848.38710358
6850.18748602
6846.91721687
6843.71148007
6842.56180183
6842.17128313
6840.03915041
6835.44967925
6831.74922689
6829.18863945
6826.45698794
6822.96547991
6820.22377114
6818.86136402
6821.68935755
6824.68071365
6826.6908071
6828.04030635
6831.0715709
6833.02633197
6833.34861044
6833.15409336
6834.55467347
6837.89670256
6842.69625412
6844.77527083
6848.96116907
6854.67192396
6858.42851718
6856.86487419
6851.37117635
6844.74790086
6838.73360899
6835.57364912
6832.9494075
6830.58857835
6830.24232415
6832.64313842
6834.65312035
6835.69851112
6835.44523955
6836.25129117
6837.96652491
6837.60012831
6835.92729119
6836.79682972
6836.79400699
6834.55260348
6830.41215459
6826.74333068
6826.5574839
6828.80960679
6833.19747271
6840.72479367
6850.76856999
6860.60476803
6870.85796263
6879.90754055
6885.34676329
6884.1979911
6883.34975195
6881.78072837
6883.59132141
6884.6386846
6884.93590703
6886.46206702
6888.81952982
6887.33574554
6885.81185767
6882.06286142
6874.56147468
6869.15572039
6865.53233189
6863.01467077
6864.18476324
6865.49996465
6868.57179279
6872.75711254
6876.29059204
6880.0641216
6886.69116073
6891.34620274
6896.04863168
6898.43911686
6899.81199246
6903.4793597
6905.85284581
6906.54007816
6906.63944503
6909.99545531
6914.12163724
6919.95414565
6927.73659211
6930.32654285
6928.05741391
6923.4595373
6913.76002184
6901.02645397
6886.66466197
6875.30626272
6868.90098519
6868.63727303
6872.22930489
6879.42858345
6890.11320882
6899.3123075
6905.45127318
6909.92094235
6914.64066309
6916.83901483
6918.67714511
6922.79674766
6928.72952203
6933.78043546
6941.56240798
6947.45742754
6950.30810045
6951.64662941
6951.66447182
6950.30350045
6950.44421849
6947.90139679
6945.55609611
6942.72148834
6937.67270763
6929.98971168
6920.77949634
6908.17851985
6895.30211515
6882.47739767
6874.48069597
6870.31017287
6868.18841105
6865.43379441
6863.13170581
6862.36635718
6863.09153948
6862.5278658
6860.45035455
6858.60666942
6858.34441393
6858.69647388
6857.02137161
6854.3170622
6851.1352872
6847.25657108
6844.8758783
6844.18872263
6845.80968434
6849.0673732
6851.40735602
6853.75848336
6855.00503333
6855.24295763
6853.13335096
6847.73060757
6841.74302356
6837.67466914
6834.68757849
6833.08442434
6833.35747588
6834.7695769
6837.34380402
6836.93236231
6835.48441618
6835.34243663
6836.5551139
6839.179704
6841.28098887
6843.26151689
6845.66983751
6847.23366867
6846.44985734
6842.77032102
6834.92249886
6828.68726086
6824.88845223
6823.45238246
6822.87146576
6823.8090424
6827.26670561
6832.30019482
6836.89991143
6840.4055749
6842.91126209
6845.6112503
6845.40952656
6843.9001008
6842.09094351
6842.7945616
6842.24640942
6840.11242973
6841.24286466
6843.92876016
6847.49663508
6852.02219419
6855.95859843
6857.35710158
6858.57924369
6855.6726669
6850.7117461
6844.2268538
6836.71540283
6828.88317187
6826.67365469
6825.40001354
6828.8070768
6834.36410124
6839.20140065
6844.64082551
6849.41120892
6853.37815435
6857.61211557
6859.0477811
6860.94963526
6864.23453379
6868.68152359
6871.68351544
6872.90887754
6872.02951176
6869.63105325
6865.90890424
6863.67218436
6859.964832
6857.65551583
6858.02649152
6859.49102551
6864.03138824
6867.73112272
6870.02159983
6875.59699637
6881.05999273
6885.09850293
6888.99190419
6894.86068983
6902.3000533
6903.99411313
6903.67942465
6901.32888276
6898.45537715
6889.11089074
6876.88101539
6872.00000209
6867.18540993
6861.85529769
6865.52128493
6867.57641651
6873.33619621
6876.7952882
6882.24458912
6901.50171016
6912.41112895
6920.24909596
6924.15773993
6925.32707967
6913.94234197
6901.27536948
6894.10797725
6888.99309601
6893.3134535
6897.03389493
6909.81300973
6928.21050315
6939.40818135
6927.7875057
6925.88285669
6933.32257562
6939.68613955
6945.22540523
6959.48760036
6975.17776649
6976.73716493
6977.64663978
6975.43919956
6972.35190568
6962.62849116
6954.73580511
6954.20346019
6945.77626862
6930.41703731
6927.00649617
6926.40475405
6921.66565758
6913.19081423
6908.29069701
6922.86668153
6944.75525782
6966.62205383
6995.10773444
7018.83193192
7024.40900817
7014.84414712
6998.35351907
6983.15178882
6967.78940721
6952.30038633
6943.08134737
6939.07307168
6932.96138537
6926.66769954
6935.08565628
6941.58864886
6935.97738629
6932.88267666
6935.0365339
6943.45281791
6950.25952171
6962.52345793
6972.55883577
6960.04399071
6929.13441223
6908.84917827
6893.58725777
6881.64871547
6865.77270256
6858.33314394
6852.40737411
6860.77203362
6877.55046805
6893.42459218
6891.85841223
6881.72379994
6860.41285762
6856.08358588
6860.75944636
6875.60201455
6890.63812406
6905.1282629
6911.2313974
6906.86936116
6899.20733003
6889.68407804
6878.99722236
6870.84925748
6870.14505394
6875.17866164
6870.71423368
6858.25979492
6858.22894707
6861.67085878
6856.30414172
6849.53549243
6840.42931366
6835.31654423
6831.48393958
6837.60474224
6858.91261093
6884.53560986
6896.01059111
6894.54110167
6884.123283
6877.02466767
6867.18906205
6851.2380274
6839.72741012
6834.34719277
6835.22461402
6844.33006794
6864.65702246
6882.89605301
6882.0260057
6871.65738607
6860.08903188
6858.54767797
6861.46677929
6874.8804983
6899.13811404
6902.18664251
6877.12981241
6861.34981395
6854.83800471
6845.1388238
6842.43759499
6847.0768855
6854.72268422
6861.33528912
6867.29778225
6869.61201205
6870.37638493
6872.57771272
6866.42586009
6858.47273289
6851.46349687
6853.96628467
6871.69125876
6894.97722305
6910.17713422
6915.11668594
6915.31856301
6919.93842203
6920.32314892
6916.95893531
6925.61066939
6933.31672805
6931.06884272
6931.88362736
6936.86459995
6934.81645897
6914.329334
6901.35338122
6902.29215665
6912.28352787
6912.92890025
6918.82293708
6931.72694176
6944.64760399
6939.26289816
6931.20903803
6921.19501532
6913.88377566
6903.71379916
6903.1521676
6918.59890337
6936.56754479
6942.91413057
6958.41817113
6973.97277678
6971.85176072
6957.6137992
6945.3359236
6945.59066577
6948.97201087
6948.44029322
6947.09214609
6956.00310384
6960.82752326
6952.96320385
6945.60467485
6941.81381167
6937.95281947
6945.56397186
6947.79483023
6946.03442593
6949.0681926
6948.8477413
6940.5608008
6934.78783445
6931.73696417
6938.33208212
6945.50187192
6964.92716462
6984.92020826
7005.25783338
7018.33848484
7022.17299222
7012.21080309
7000.41759276
6987.16207875
6964.96919185
6948.74375353
6957.28155408
6968.16974319
6971.42361267
6976.22935331
6976.48172579
6973.33909257
6971.99693937
6983.22078875
6989.58041481
6985.17620497
6977.96731521
6985.21182009
7001.49197745
7008.90382458
7001.35599182
7008.49163014
7026.72301494
7038.44484867
7037.12631575
7039.3014863
7054.16219659
7057.50430931
7044.93809067
7041.22457014
7042.2528085
7035.05297934
7024.57279588
7016.06802469
7008.97784269
6999.17873733
6991.37239878
6985.62874695
6986.33143109
6981.72160843
6979.16192008
6981.42581478
6974.09662817
6953.39518524
6944.97947275
6944.35422186
6940.35350131
6932.84698488
6928.85219554
6919.77567977
6906.04385714
6893.8435054
6905.0177724
6924.9476846
6938.96336179
6938.97141875
6925.99495719
6927.03009554
6928.24495433
6932.50871097
6932.59247271
6939.56910452
6933.89197838
6927.69811245
6915.21570433
6894.21717139
6868.25709735
6863.68654192
6874.6763979
6888.14266837
6900.5318081
6922.64372811
6934.82712957
6925.97533751
6904.96038398
6890.2942047
6875.55353338
6855.50899767
6837.51934263
6832.9857405
6838.1237193
6842.65031689
6847.47320995
6854.19785959
6866.12743887
6865.14374379
6859.70269499
6862.05345991
6866.37767862
6873.64452135
6882.81976278
6889.90919206
6885.95454813
6877.83366747
6879.59858116
6880.99293734
6867.62448646
6844.93838248
6850.85587929
6864.40212696
6865.115642
6849.05349655
6838.54372676
6835.87036276
6834.9582464
6832.44332437
6830.77898331
6834.80676019
6836.54202482
6843.81504967
6863.67139678
6881.82125015
6877.55616926
6872.53542064
6869.21741608
6875.18574284
6886.44647582
6897.95478613
6894.38980364
6877.65883976
6865.43542532
6864.53030653
6861.91691672
6857.17851024
6851.42703145
6847.76659905
6842.33093085
6840.64882405
6845.94193421
6862.9858511
6875.2143116
6871.40357784
6855.70810081
6841.15800172
6831.99088695
6824.5359741
6835.50943737
6850.3072253
6862.78803039
6872.13777892
6894.08077455
6915.18657799
6917.84112382
6897.8093078
6882.42874227
6875.62125786
6870.42460124
6870.31459862
6886.23379573
6914.29921797
6930.07197493
6923.07593253
6912.98673474
6912.42778651
6906.70900253
6901.07356908
6909.37212805
6910.66823948
6894.64762641
6889.12053679
6890.81224782
6884.82727744
6880.03252103
6894.51996957
6904.38463183
6915.30449121
6922.33837902
6933.19590847
6944.27927678
6952.2989227
6949.81429791
6948.7218687
6945.62446877
6941.92658125
6937.94930675
6945.33764512
6954.82264745
6950.17672179
6943.93507167
6946.77857973
6945.71570201
6940.44318728
6936.88672175
6939.67439563
6939.82128881
6954.22039654
6969.90108389
6977.0031283
6960.36508433
6926.87455994
6892.81040916
6881.74533628
6894.10651362
6910.32091892
6931.56356525
6959.76840917
6984.70763271
6997.52385414
7005.0414245
7001.23172225
6990.09472218
6973.26681688
6962.69672442
6950.34399435
6943.73962762
6949.25100757
6960.93374134
6964.67214366
6969.63714172
6959.88180603
6935.42409048
6908.67552147
6880.43966244
6867.75660391
6867.50304659
6871.35396061
6861.48835048
6850.77226392
6843.51308088
6836.41780404
6835.76972044
6849.9212369
6857.61201799
6853.90520928
6844.93025583
6853.56300447
6865.02026877
6867.34253463
6864.90638403
6860.07542704
6853.4231437
6853.20906967
6857.10497305
6860.75548758
6856.50528001
6843.53035177
6834.93413825
6844.03486672
6853.60372139
6846.96213652
6846.24078058
6849.80218762
6862.94314084
6876.63275503
6886.29654385
6881.93854306
6875.34803904
6869.22889516
6866.05897561
6863.872779
6859.20765185
6855.76387923
6853.91435351
6854.05236034
6861.24350527
6874.06235427
6879.66779715
6873.31875107
6851.36616515
6839.66906684
6851.00498187
6856.47047338
6838.51463527
6835.32136725
6852.51974642
6865.57541851
6869.62196477
6867.4422918
6852.24426245
6838.25309765
6831.90969703
6834.05857094
6832.07938807
6833.54321812
6830.7848727
6821.52421075
6807.03918766
6811.38246846
6831.58071372
6849.35363231
6850.14497091
6832.46112496
6826.01757686
6834.38669698
6835.39084112
6825.21645281
6829.00261842
6829.21025245
6828.55584038
6825.60394667
6826.91709899
6833.32090592
6849.31904174
6857.72603515
6860.82359539
6861.36575363
6858.11672112
6855.7709465
6868.59203277
6882.36075294
6883.32059077
6882.51209279
6874.28498011
6855.76291045
6836.48982881
6827.91619011
6829.2698433
6825.24195491
6819.10137923
6829.03146597
6839.22947456
6849.98262592
6850.32172922
6850.56720867
6852.77694889
6856.80416819
6858.78023561
6869.96839321
6888.79551923
6898.04567786
6890.70117884
6888.61250911
6890.81180176
6900.32923406
6913.18438121
6920.16700695
6914.33431733
6900.4981445
6882.05426082
6870.02623467
6865.0617663
6857.45697027
6854.85776378
6853.74912307
6864.59861646
6878.35989997
6896.98895437
6913.28059778
6930.44976697
6926.96758439
6921.10766419
6915.58660335
6908.7036372
6899.6690023
6904.07631365
6912.95823568
6924.43701541
6932.68654261
6938.03203
6937.60989678
6935.06034236
6928.21324921
6929.76425614
6938.00869547
6947.89156953
6956.86595147
6957.43244787
6949.35388019
6933.38236162
6925.00482908
6922.89525725
6932.76523738
6932.34457478
6932.75970345
6944.76343327
6946.67786771
6941.82029348
6940.55525293
6954.66352943
6961.95368577
6968.61643062
6973.11982612
6977.77383662
6976.24189876
6968.85221524
6975.6383933
7000.22055963
7017.97249945
7010.36272009
6981.0365576
6960.17627543
6950.48345785
6950.94589678
6951.30344188
6957.1664148
6958.92117365
6958.6301194
6946.9818159
6919.43004587
6894.74486753
6891.85498314
6891.75410385
6895.14469076
6903.96253346
6910.0155071
6902.09900563
6887.851412
6881.94543608
6878.70006266
6873.58916111
6866.97192136
6866.90815567
6867.89309135
6867.09762669
6868.00441821
6873.2199139
6874.03647581
6874.30571494
6871.71105965
6871.99897058
6876.51654242
6886.3251614
6894.31110887
6905.04339996
6903.44437186
6894.94650763
6881.88554554
6866.46491126
6847.99415246
6833.13253611
6826.35989318
6834.81054473
6845.39238112
6842.43450044
6826.2124006
6820.34613799
6825.31661423
6832.96324234
6837.3123986
6841.62954307
6847.51926566
6851.41456964
6863.78574152
6877.15245694
6876.97583802
6860.01338983
6851.12748114
6847.88991378
6847.43352453
6845.58119699
6854.07138759
6865.78547103
6869.39540106
6863.56044629
6861.71943055
6860.97394554
6844.19286262
6826.82746181
6834.59688889
6851.78727382
6867.33424069
6885.7361529
6893.09372009
6886.71359616
6872.86839758
6860.93265013
6846.31966353
6837.04843553
6827.305018
6825.59391728
6821.08965755
6821.45424203
6820.49181148
6818.11969839
6812.74582346
6802.76568738
6794.23255652
6800.11511428
6815.4959795
6823.98495738
6824.53356956
6833.55921356
6855.23464976
6877.05450491
6886.73849887
6880.29566864
6876.122971
6877.26211107
6885.23692097
6898.54282585
6905.23497582
6893.96593497
6873.47327607
6855.11748927
6850.88085866
6851.55745526
6857.0241107
6866.37555287
6872.23118671
6867.61423405
6875.01268544
6882.47392677
6878.81900739
6866.46194217
6863.72431067
6860.38933491
6855.36811933
6860.1398688
6883.28229929
6903.33223651
6917.3241401
6917.27880923
6915.40341202
6914.98866668
6920.00445287
6926.11156707
6931.55326405
6943.64472135
6946.69968284
6936.94896108
6928.42967899
6921.34030548
6915.49249163
6925.76257378
6935.83827825
6937.61920132
6938.27381551
6952.21479854
6966.59459325
6975.83661128
6973.62408319
6964.29313192
6959.50767307
6953.60385776
6950.50910631
6953.02035531
6955.36670145
6944.86504438
6936.6460932
6940.02564709
6953.9423059
6969.08702409
6979.41861376
6981.50345713
6981.43173902
6977.23382504
6972.06956353
6975.93495361
6979.82654972
6982.00743542
6977.6123489
6966.51904181
6955.11495625
6966.02774836
6989.29849782
7012.39529078
7020.47148877
7018.33840818
7011.03306487
6995.93175392
6973.98887677
6957.93133828
6948.39457206
6948.23838131
6948.2452116
6946.12391675
6943.79966453
6946.42800433
6954.44746904
6961.65280425
6964.29633797
6962.13078559
6964.99867364
6973.95862831
6977.27194924
6969.19289368
6957.69367185
6946.5522739
6936.55206511
6915.08921142
6902.76172557
6908.47796561
6922.67549596
6923.1444864
6925.84948582
6920.67847765
6910.23673203
6900.4452097
6894.12476724
6885.71838019
6882.09552836
6884.52190745
6890.54045082
6893.08847888
6895.75170894
6896.39492072
6896.03309624
6897.23006383
6894.95227156
6896.46238035
6900.66485252
6909.40756892
6917.35597764
6924.81614564
6924.52636684
6919.96297625
6910.86189929
6900.22191478
6887.69556276
6878.56072462
6872.82582672
6867.82634263
6865.58574062
6862.5191049
6859.35053747
6855.6630557
6851.66587576
6848.55041736
6846.17339064
6844.6832988
6845.25920428
6849.2207482
6852.65794143
6858.08316904
6863.16669365
6867.38178095
6870.51193146
6872.31904662
6872.92444086
6875.43481168
6878.02151455
6879.32111083
6879.4971652
6879.00264478
6876.58179266
6875.58858396
6874.5435347
6869.81533185
6864.89194283
6861.50965682
6859.01097417
6857.58583984
6855.83777886
6854.80187383
6854.74116086
6856.12771796
6858.01766789
6860.32415437
6861.79425714
6861.88814584
6861.88814584
6863.25840083
6865.17364376
6867.42030243
6869.67856562
6871.46923232
6874.14535631
6877.01231041
6878.55263978
6879.7081865
6881.33849457
6882.75873618
6883.34315166
6884.00481918
6884.77955598
6885.28145729
6886.14447916
6886.78162731
6887.20804688
6888.0784148
6888.16653956
6886.35063562
6883.78498818
6881.31755065
6879.45626009
6876.48771578
6874.0200134
6871.76232172
6869.87676967
6868.90851942
6867.35436916
6867.3335507
6869.26781391
6873.28234141
6878.99787752
6885.44406016
6891.49310987
6898.35976694
6904.79153627
6909.48981127
6913.363328
6915.90398212
6918.03235121
6919.42273467
6921.34779092
6923.01636956
6924.56207256
6925.66260752
6925.49454041
6925.30500666
6924.12245936
6923.30952169
6922.86824971
6923.01045926
6924.19147323
6926.57358085
6929.73691405
6932.16790707
6934.6264234
6937.15206482
6939.98090865
6943.60058928
6948.15969351
6952.49964977
6957.00144224
6961.02253519
6964.4373348
6967.74926179
6970.12529881
6971.7914729
6973.34041681
6974.99495152
6976.41105313
6976.59602871
6974.72599118
6971.83120014
6968.26975824
6964.51539533
6961.01242914
6957.33145706
6954.87359588
6953.06600678
6952.16538344
6950.82657569
6949.632389
6947.95673613
6944.98315971
6941.55520829
6938.67657299
6938.12455263
6938.12046142
6939.20659003
6940.55077142
6940.9991037
6940.21936266
6938.46599774
6936.22587665
6932.85136881
6928.10361599
6922.631106
6916.93755927
6911.69757906
6907.28099105
6902.77080708
6898.01032062
6892.67622869
6886.24974239
6878.92119699
6872.03657902
6866.20066243
6861.8919722
6858.37878147
6855.55034187
6852.72646742
6850.83892901
6849.48604945
6848.41011053
6847.32721585
6845.96378419
6844.65798489
6843.39180827
6842.31841329
6841.30506915
6840.96641888
6840.4705115
6839.8128864
6838.68252813
6837.36934096
6835.38229628
6833.6657383
6832.76635557
6832.75333618
6833.24198812
6834.05546943
6834.70760938
6835.74259441
6836.14561673
6836.40299344
6836.71492192
6837.10573335
6837.13345877
6836.44927916
6835.65198844
6834.97546154
6834.83229017
6834.83229017
6835.80838828
6836.00880172
6836.1545449
6836.1100504
6836.03182957
6836.09462648
6836.63795563
6837.04036462
6837.58270408
6838.34923059
6838.88531823
6839.24927545
6839.48313642
6839.99609864
6840.23493598
6840.03859981
6839.87784391
6839.32247113
6838.09390297
6837.69175185
6837.91194527
6838.66698573
6839.53100426
6840.98901462
6842.37953747
6844.08043455
6845.67877265
6847.71866849
6850.10929307
6852.95312871
6854.63407158
6856.84271755
6860.25559353
6864.30548524
6868.17753834
6872.56822001
6877.2419617
6881.65151032
6885.55988944
6889.30436933
6892.41623137
6894.97471396
6896.4393525
6897.38686094
6897.79526387
6897.93903464
6897.51057294
6897.31664132
6896.86451753
6897.22297565
6897.60990496
6897.62538465
6897.69300458
6898.35124301
6899.19047035
6900.50404086
6901.71852328
6902.73968044
6902.74248923
6903.90273352
6905.396129
6906.67529711
6908.72347294
6911.11328904
6914.24651318
6917.80950234
6922.6064333
6925.28347729
6928.06681602
6930.97112069
6932.57226758
6934.15378781
6934.42766875
6934.12260542
6933.44939609
6932.95527992
6933.50283271
6934.03353975
6935.16030166
6936.4390028
6936.92722959
6938.09201812
6939.15699372
6939.50160307
6939.75302767
6940.1997848
6940.65186677
6941.67635544
6942.43088711
6942.67672202
6943.20297543
6944.59407677
6945.68127174
6947.37379126
6949.87186755
6951.06807545
6952.54362852
6954.18269051
6955.22347432
6956.45662157
6958.46661047
6959.3810338
6959.75725767
6961.1279866
6962.48463676
6963.82309602
6966.82382636
6969.92011114
6972.68387201
6975.51042979
6978.07186056
6979.77267401
6980.65580343
6981.77708716
6982.5362258
6982.86638001
6982.72670742
6982.70231351
6982.2214049
6981.33834518
6980.02239801
6979.09292015
6976.82491332
6973.82536784
6970.94507375
6967.25371684
6963.9361444
6959.83434244
6955.32132877
6950.61894862
6946.13708947
6941.35068971
6936.7566743
6931.87240616
6926.53440422
6921.5544492
6916.66564379
6911.93118216
6907.40749092
6903.77184274
6900.42009094
6897.42763363
6894.13448299
6890.95704313
6887.7602833
6884.98904395
6882.47214253
6880.85346687
6879.52335729
6878.24843372
6876.51138485
6875.00354818
6873.57997505
6872.97543808
6872.53529519
6871.72497115
6871.06632151
6870.42662942
6869.26127634
6868.52497041
6867.96470491
6868.0662742
6868.34722938
6868.13557383
6867.7605836
6867.58932438
6866.99931224
6866.05116955
6864.66549064
6864.68153486
6864.24449348
6863.62690925
6863.02888894
6862.27880393
6861.29048098
6861.00277218
6860.35834767
6860.6547895
6860.36344948
6859.85975696
6858.39017691
6856.31672898
6854.8794186
6853.11780855
6851.18585927
6849.40620468
6848.32274546
6847.2923674
6846.46603399
6845.99630476
6845.80889677
6845.73409108
6845.65584934
6845.88239215
6845.31317756
6844.82192593
6844.38171334
6844.00640251
6844.31801735
6845.14596773
6846.32026292
6847.8214296
6849.18580218
6851.05577697
6853.18592333
6854.83759349
6856.13971977
6857.5026078
6858.63091
6859.66556745
6860.80299995
6862.34781083
6864.04934216
6864.99015971
6866.27869508
6867.81176204
6868.57205067
6868.81157801
6868.69723327
6868.91528699
6870.27118442
6871.30319339
6872.84702852
6874.606931
6875.70954989
6876.67101166
6877.87335288
6878.37772844
6879.21533881
6879.32944658
6879.77752098
6881.17331292
6882.28188393
6884.12464209
6886.97652772
6889.99525379
6894.11613876
6898.21824739
6901.7423178
6905.01408544
6907.89115256
6910.35545373
6912.51879672
6914.70047696
6917.46262087
6920.12204548
6923.04923165
6925.96397691
6928.73292324
6931.5108744
6934.05599609
6936.45241946
6938.34016696
6939.63401324
6940.21752266
6940.86000262
6942.2731003
6944.04412641
6945.9092503
6947.90704224
6950.1855733
6952.63667388
6954.88307466
6957.27075106
6959.23383395
6960.70499611
6961.92545853
6963.38086919
6964.65186186
6965.92522422
6967.23866231
6968.54032161
6969.95433232
6972.20937552
6974.03027673
6975.09984535
6975.68230235
6976.51037122
6977.40744002
6978.34549059
6979.98385562
6982.92304359
6985.90021637
6989.18098188
6992.64325902
6995.53267644
6997.92705071
6999.70542984
7001.00715884
7001.91670338
7002.728045
7003.40940886
7003.18986363
7002.78394191
7002.33558872
7001.54117649
7000.76162363
6998.78676197
6996.04348502
6992.98636292
6989.71828225
6985.90683758
6982.57671969
6979.04204141
6975.10019384
6971.74136083
6968.36475512
6964.96612518
6961.38321665
6957.27925408
6952.99979473
6948.82132618
6944.98332698
6941.54229346
6937.9850961
6934.80742625
6931.40949329
6928.26345886
6924.97436457
6921.22144438
6917.70059396
6913.78730121
6910.55770717
6907.29313922
6904.53701016
6902.07396353
6900.34124284
6899.52850729
6899.2854045
6899.3626217
6899.33215021
6899.59391086
6899.24449939
6899.23826152
6899.96521412
6900.25496505
6901.26908282
6902.0328563
6902.69230746
6902.86797849
6902.51619036
6902.61810814
6902.9168639
6902.98207929
6903.05705224
6902.5286452
6901.72101843
6899.94233263
6898.21559193
6896.57562388
6894.79325111
6893.05607679
6891.49561896
6889.8678618
6888.2145886
6886.52174151
6884.67766608
6883.09032615
6882.04716568
6881.63183488
6881.37641665
6881.0797518
6881.03097094
6880.63085497
6880.39242188
6880.09619611
6879.15463281
6878.17511258
6877.46922238
6876.60374021
6876.04741956
6874.8334041
6874.74571843
6874.73477602
6874.57209649
6874.63716551
6874.65003156
6874.17521446
6873.43797459
6872.97380021
6872.47939828
6872.09610018
6872.07438959
6872.09765442
6873.64008863
6876.71494859
6878.76284563
6881.18498018
6883.42364461
6885.66086631
6887.86254956
6889.14788585
6890.25757898
6891.99921391
6893.83585268
6894.44690631
6895.61646211
6897.74542362
6898.43374323
6899.22536759
6900.12057548
6900.58757956
6900.1175367
6899.2999363
6897.60730527
6896.08460225
6894.32208613
6893.3321253
6892.72753257
6891.25079466
6890.13574183
6889.38664652
6888.61549911
6888.5981864
6888.82144648
6889.57812481
6890.51779236
6891.70152451
6894.86706013
6897.63633403
6899.46216281
6904.27982163
6908.16111653
6910.66632979
6913.67328405
6917.84897169
6920.45131455
6922.73304469
6925.98231417
6928.68690934
6931.1052942
6934.47595476
6935.84026461
6937.16277026
6938.64809484
6939.77802795
6939.6987756
6938.97693875
6938.8000968
6937.91751102
6936.3980489
6934.29100707
6932.91484875
6931.12985538
6929.37093563
6928.99123389
6928.42631263
6928.78909894
6929.32523537
6929.44138525
6930.04083435
6930.32249346
6931.20305804
6931.37446362
6931.20244471
6931.22285196
6931.7964435
6933.50223331
6935.04901662
6938.3983569
6941.82535348
6943.94038954
6947.13319756
6949.2547712
6949.78655855
6950.06088554
6949.70452529
6948.4542326
6946.87559782
6945.57756275
6944.45956175
6941.70495208
6939.75743948
6938.13658232
6936.22961241
6933.7692282
6929.75999766
6924.68192335
6917.83107353
6910.51340085
6903.49497878
6896.34480168
6889.07600047
6882.4986622
6875.54303006
6868.39683266
6861.31715398
6855.09499112
6848.36022149
6842.15105709
6837.09313215
6832.724175
6828.90671549
6824.95597459
6820.73886608
6817.84225594
6815.2026601
6812.86280274
6811.53363407
6810.89063138
6810.98217826
6811.28081554
6811.85326405
6813.70972462
6815.64182027
6817.41949546
6819.78259673
6822.13611468
6823.93812803
6826.27705145
6827.31932677
6827.5158093
6827.17159722
6827.27605196
6827.269375
6827.19265265
6827.51032415
6827.66306491
6827.55352926
6826.86247056
6826.47340853
6824.72618391
6823.64072439
6822.61576875
6821.27058373
6820.25955353
6818.54478676
6816.04416653
6813.82742875
6812.09338381
6810.60210015
6809.91894508
6809.35485322
6809.22211547
6809.22211547
6809.61094054
6809.65344868
6809.43743011
6809.26620573
6808.68376965
6808.69549964
6808.09386903
6806.73540675
6806.18303791
6804.99682455
6804.38384031
6803.89596201
6803.37595344
6802.63974509
6801.6053037
6800.60508348
6799.361412
6798.0955769
6797.27900802
6796.47874822
6796.62838746
6797.44858058
6798.82969435
6800.82379236
6803.13333853
6805.86211156
6808.74124171
6811.64606214
6814.74999964
6817.39689972
6819.5061858
6821.88425796
6824.25866407
6826.90250446
6829.37316199
6831.84264164
6833.65690771
6834.88581739
6835.49648071
6835.40346323
6835.10509777
6833.95993589
6831.95248396
6830.87900533
6829.59279086
6827.93426252
6826.22033211
6824.1099518
6822.51403915
6822.86515819
6822.92120147
6823.16476426
6823.82497511
6824.65295338
6825.9093097
6828.02603243
6830.4124264
6833.63571288
6836.50476486
6839.41666649
6842.45296315
6845.62249938
6848.47050986
6851.45063779
6854.48363082
6857.58341438
6861.42472418
6864.95957671
6867.29768467
6869.3009757
6871.78956624
6873.90214201
6876.99249558
6879.15680736
6881.32623488
6883.89529747
6885.83655128
6888.20657346
6891.07388302
6893.19274544
6895.82703038
6897.86842471
6899.31599447
6900.51108024
6901.82541045
6902.59346331
6903.18101515
6904.15701569
6905.71886746
6907.01336192
6908.13187868
6908.74675171
6909.49738035
6909.38734288
6908.87112582
6908.57803642
6908.43565262
6908.35798937
6908.85209857
6909.22668456
6909.74527131
6910.94689466
6912.22042429
6912.6222548
6913.24370024
6913.49061545
6912.63707933
6910.5428687
6907.812639
6904.73345087
6901.69841572
6899.00200994
6896.61455657
6894.73947996
6892.60883875
6890.77586604
6888.62265698
6885.78964527
6882.79507614
6879.46772523
6875.52164705
6871.84330952
6868.56262068
6865.12044412
6861.99579967
6858.90094367
6856.32087595
6853.78418061
6851.34751426
6849.37190684
6847.2952877
6844.7974205
6842.37743959
6839.71892801
6836.59104265
6834.07064941
6831.08615846
6828.18087106
6825.46491529
6823.13492005
6821.00008309
6819.7162174
6818.7956259
6818.17831349
6818.22839071
6818.56286613
6819.29485086
6819.76660826
6820.48604057
6820.55577232
6821.01553489
6820.54312233
6820.68784795
6820.77562422
6820.38447825
6821.09365815
6822.45504769
6824.27272891
6825.85523884
6828.00142942
6830.02348285
6831.39905572
6833.18025061
6834.63686006
6835.55881762
6836.27039509
6837.53583989
6838.51838496
6839.56105756
6840.96788252
6842.2485979
6842.89206059
6843.19701241
6843.38169525
6842.72846106
6841.28191584
6838.66321512
6836.98188893
6833.85138297
6830.80137692
6826.56900479
6823.86495325
6821.48498533
6817.46030996
6814.2762489
6810.73469851
6806.74178401
6803.27433536
6800.57797139
6798.06302845
6796.7219904
6796.34367562
6796.22435453
6796.61772384
6797.57654409
6798.97536087
6800.39487763
6800.81480146
6801.64935214
6802.91804481
6803.35838982
6804.31065857
6805.53927552
6806.59894022
6808.18776469
6809.6160772
6810.08562522
6810.57176806
6810.21949902
6809.83194941
6809.81412791
6809.7476301
6809.41410952
6809.15128948
6808.72132931
6808.62722455
6808.85537736
6810.23560598
6811.08718361
6811.53814346
6812.92839449
6813.87892779
6814.8420344
6816.76035097
6818.10306871
6819.43017436
6821.97951969
6823.84069873
6825.18976587
6827.28372559
6828.85113221
6830.11007428
6831.57866463
6833.88442627
6836.14722673
6837.10903001
6839.06942957
6839.94198597
6841.60919157
6843.19853877
6844.52189472
6846.64544078
6848.20228134
6849.45863069
6850.3333686
6852.01242268
6853.60517109
6855.61222575
6857.83214171
6860.33052467
6862.43616559
6865.18774345
6867.76887753
6870.42925002
6872.93021873
6875.68662658
6877.96593824
6882.27726302
6884.61532917
6887.41103213
6890.31746953
6893.37896162
6896.6253108
6899.38390713
6901.70647966
6903.34916589
6903.90437837
6904.26604952
6904.40544332
6905.11491594
6905.53394068
6906.46339763
6907.14016149
6908.63377303
6909.92640659
6910.83151841
6911.69704936
6912.71706349
6912.76618587
6912.63767175
6912.36155355
6911.50619834
6910.75669182
6910.47705392
6910.46804908
6910.38395977
6910.23489901
6909.68005592
6908.79091166
6907.52959292
6905.62557119
6903.50700846
6900.99259522
6898.9823345
6896.59771082
6894.55443469
6892.63185267
6891.40573087
6889.9675423
6889.03490021
6888.36065937
6887.59946467
6886.59401719
6885.11467958
6884.40641968
6883.38901222
6881.91672793
6879.72443982
6876.90832961
6873.66318618
6869.22813547
6864.97942638
6860.03455678
6855.15902863
6849.85384696
6844.69042879
6839.76996705
6835.27922154
6830.81012389
6826.70891435
6822.05742688
6817.52289778
6813.50034816
6809.84673909
6807.56252774
6806.18033367
6805.60332697
6805.47996346
6807.02979948
6809.05033352
6811.35750303
6814.03570399
6816.76690944
6819.30752175
6821.05825212
6822.47012313
6823.22468965
6823.67627678
6823.64673923
6823.60083685
6823.39912705
6823.01212805
6821.82823559
6819.47150462
6817.29569285
6815.28053245
6813.1820703
6810.96418949
6808.37729147
6805.26599397
6802.90452361
6800.41711095
6797.94252251
6796.02223352
6794.65617428
6793.50282998
6793.04296983
6793.10423341
6792.57781272
6792.26076153
6792.72027319
6793.20243634
6793.71742674
6794.3905594
6794.97371336
6795.22064947
6795.33195542
6796.10447586
6797.3423625
6798.31317062
6799.57203603
6800.43146851
6801.43134023
6802.33349691
6803.13982034
6803.89763474
6804.77818537
6806.34111745
6807.98041641
6809.3381399
6810.57665382
6811.77728746
6812.54708972
6813.45637639
6814.57647527
6816.00124021
6817.66539309
6819.52450214
6821.85353557
6824.78254779
6828.11381567
6831.24567375
6834.10260544
6837.11740061
6839.92336992
6842.4662195
6844.62414704
6846.84885815
6848.58204581
6850.30120349
6851.94097639
6853.43769641
6854.93252764
6856.50814455
6857.44795846
6858.19837104
6859.0099775
6859.21674033
6859.50334095
6859.28286875
6859.58361087
6860.49725359
6861.25272617
6862.67777687
6863.23859297
6864.3823191
6866.33112109
6867.60846315
6869.54682454
6871.84550497
6873.81588512
6876.07339559
6878.03714757
6880.72301518
6882.97350021
6884.97046972
6886.62155444
6888.32775546
6889.6477799
6891.05035334
6892.34031751
6893.38354768
6894.34792974
6895.48844284
6896.73721614
6897.99813064
6899.29999903
6901.01472398
6903.45527245
6905.95879904
6908.85929826
6911.63200821
6913.93450106
6916.23849937
6919.03783354
6921.4664499
6923.97622133
6926.82032181
6929.02456991
6930.61064833
6932.31783207
6933.22325056
6934.28256678
6934.79177233
6936.24616542
6937.2151893
6937.43916029
6936.80424941
6935.46759529
6933.97180921
6931.51721681
6928.79272318
6926.0994886
6922.95412326
6919.60212055
6915.70806414
6911.29128795
6907.83181262
6904.40489968
6900.96790858
6898.41049932
6895.82390796
6892.59035514
6888.48297742
6884.1012309
6879.60994872
6875.3537751
6870.45795818
6865.18157527
6860.61433044
6855.97078842
6851.17196171
6846.90927839
6842.35897688
6837.98720398
6833.26464658
6829.96033049
6825.77475983
6821.64698881
6816.73908644
6811.86736374
6807.71476668
6804.12010724
6801.84763982
6800.76266818
6799.98408411
6799.87765694
6800.69387733
6801.20489501
6802.82221157
6804.30717372
6806.46238308
6808.0265
6809.71870589
6811.81134137
6812.71305198
6814.19265444
6815.4046905
6816.90721627
6818.26645916
6819.1787637
6819.47535189
6819.12752951
6817.28746862
6816.00574263
6814.85329742
6812.31176511
6810.51223994
6809.4619216
6807.78421267
6805.38984537
6804.08100728
6802.17751525
6800.53615325
6800.24705051
6801.15966172
6802.57158152
6803.64317136
6806.05101804
6808.51515891
6810.27483836
6812.35529779
6815.11998564
6816.18275185
6817.51771233
6817.92324374
6817.85636957
6817.49656629
6816.908429
6816.41284222
6816.28435599
6815.24730096
6814.51090443
6813.19364696
6810.69070582
6808.15477715
6806.71932767
6803.41087159
6801.45071597
6799.82378124
6797.92224071
6797.47555328
6797.76110148
6798.69998842
6800.00722348
6801.14370113
6803.01102047
6805.56645731
6807.24995108
6810.43680699
6813.00011957
6815.03768754
6817.05951794
6820.43685547
6822.59359119
6824.19441747
6827.29061862
6828.94704908
6831.3695809
6833.30519624
6834.91290857
6836.93572867
6839.21958457
6840.84081113
6841.67677666
6842.85889881
6843.89685989
6844.29338646
6845.26218034
6846.02535443
6847.74848483
6850.19267844
6852.3030727
6854.99152607
6857.576605
6859.97316775
6862.40563835
6864.74231056
6866.76469157
6868.78855712
6870.50565177
6871.85966738
6873.77466638
6876.12965493
6878.86656159
6882.13283711
6885.07834659
6888.16869319
6890.65136647
6892.30164967
6893.83893328
6894.71496756
6895.68031144
6897.47394025
6898.36540542
6899.24488969
6900.82159387
6901.75249355
6902.9103333
6903.84436237
6904.77896295
6905.81159919
6906.46989338
6906.61914232
6906.50629607
6906.46999095
6907.19915295
6907.97374339
6908.57285097
6908.45514685
6908.74746958
6909.63678112
6909.91211872
6910.64854314
6911.73667205
6912.71679865
6914.29057556
6915.19256496
6916.51721727
6917.75516664
6918.73083263
6918.95614877
6919.1371098
6918.36564875
6917.38099186
6916.24576178
6914.84762803
6913.80098271
6913.15031336
6911.74389962
6910.21973993
6908.34746514
6906.28380962
6903.23118995
6899.94264627
6896.14265976
6892.34536356
6888.97533027
6885.85620581
6882.68561716
6880.74040456
6879.22460153
6877.52365566
6876.62434262
6874.49381293
6871.7972329
6868.48458106
6865.36852327
6861.94306003
6858.24651069
6854.41000301
6852.10146744
6850.59400713
6849.45186312
6848.27062612
6846.76861611
6844.86940346
6843.61308896
6841.73464599
6840.15911969
6839.00443024
6837.59442013
6837.62794434
6837.96589067
6838.54480706
6839.99264167
6841.61336642
6843.30671533
6844.7374045
6846.53421149
6848.44374625
6849.49223157
6850.64075284
6851.98630725
6853.64268893
6854.87521588
6855.70658838
6856.43080887
6856.77267217
6856.57040479
6855.76440196
6854.8845483
6853.71949492
6852.84195519
6852.3107742
6851.19248744
6850.32546498
6848.76323684
6847.07296156
6845.43193411
6843.64254984
6842.10362835
6841.1639608
6839.92041478
6838.85196827
6838.10801659
6837.57926803
6837.84383049
6838.58739884
6839.47154583
6840.09959157
6841.36173273
6842.21410491
6842.48575554
6842.77814798
6843.54196327
6843.76560669
6844.75459176
6845.52887553
6846.18808275
6846.64658381
6846.99168801
6847.00907041
6847.46812208
6847.51169658
6847.28963528
6846.5341418
6845.43341169
6844.88273648
6844.21088624
6843.62976046
6844.71199998
6846.52906089
6848.7717538
6852.03677478
6854.76241145
6856.33319139
6857.6520031
6858.72144628
6859.76689281
6860.98065038
6861.69512027
6862.50430825
6863.93750652
6865.5344228
6867.16813207
6868.95018423
6870.53347477
6871.95051032
6873.00867654
6873.21298603
6873.33733227
6873.12506339
6872.60748724
6872.19629644
6872.49910856
6873.87410991
6875.86164247
6877.83995413
6880.60163106
6883.57297021
6886.10457071
6889.2185376
6891.89643189
6895.25479096
6898.53359101
6902.26813212
6905.86406701
6909.26631422
6912.36611172
6914.63941551
6917.23225868
6920.06472675
6922.96224295
6925.76035045
6928.4530623
6930.7145455
6933.08582919
6936.07751983
6938.7661126
6940.87414412
6942.74379832
6944.09786272
6944.81735079
6945.12549472
6944.98993425
6944.4572966
6944.83418956
6944.9268028
6944.9268028
6945.19877404
6944.84624712
6944.24745318
6943.16527638
6942.14758315
6940.9611607
6939.2003661
6937.83936686
6936.15256248
6935.44102683
6935.70087778
6936.36069833
6937.00177739
6938.01940789
6938.66165785
6939.6405299
6940.46632665
6941.31717247
6942.2606594
6942.65173568
6943.10425674
6943.94252924
6944.13202814
6943.71689249
6943.09948947
6941.39770724
6940.32791558
6939.01700053
6937.06226036
6935.0821087
6932.5499576
6929.72638285
6926.0194208
6924.2218332
6921.34590214
6918.39202206
6915.28745032
6911.25671132
6909.28069269
6907.08627882
6905.20631646
6902.51658763
6901.00008763
6899.20802003
6896.39842648
6894.36146488
6892.12604833
6889.18164006
6886.19230517
6883.20284483
6879.40655923
6877.0118992
6875.07790083
6872.68112201
6871.9296361
6871.04162093
6870.44422092
6869.9851832
6869.75376161
6868.93907454
6868.21893829
6867.83237141
6867.44261937
6867.0244101
6866.85455875
6866.32665352
6865.69073204
6865.69887263
6865.96489873
6866.0453638
6865.99079113
6865.97095539
6865.32979967
6864.75758812
6863.90451897
6861.40469329
6858.98181996
6857.24234563
6853.90999745
6851.67960605
6850.40379732
6848.08905176
6846.68157165
6845.34157905
6844.40658817
6843.30581624
6842.32784328
6840.93183528
6839.27847845
6838.19545832
6837.16515692
6835.88108912
6835.56436549
6835.00535454
6833.73751217
6832.89155908
6832.29537876
6831.69907997
6831.72944691
6830.97072645
6831.06014757
6831.4067642
6831.98033484
6833.06224678
6834.42281391
6834.83229017
6835.77887861
6836.44238613
6837.48283539
6838.1020575
6838.47998894
6839.28219329
6840.90953924
6842.88495848
6845.31807726
6848.01984274
6849.94324021
6851.64243669
6853.19581332
6854.38855728
6854.89101617
6855.33049694
6855.6322427
6856.33909472
6857.18198812
6859.16122675
6861.32180277
6863.31991531
6865.18448163
6866.56263328
6867.68446065
6868.65735967
6869.86172211
6871.06175636
6871.97576151
6872.8568279
6873.75514427
6874.94765126
6876.31251869
6877.65831704
6878.72771142
6879.14905009
6879.23022607
6879.30778478
6878.94271939
6878.90399579
6879.77130402
6880.92204862
6882.64124811
6884.5652868
6886.360895
6887.95645219
6889.95866292
6892.11820743
6895.07669447
6897.79844205
6900.53362022
6903.79973544
6906.82398848
6910.18772117
6913.58565414
6916.72358979
6919.69961954
6922.61607935
6925.51870433
6927.64554705
6928.95197362
6929.71495256
6930.43317911
6930.78569906
6931.14454052
6931.41350086
6931.40892177
6931.33220639
6931.56104223
6931.64096366
6932.04537295
6932.88392424
6933.56740689
6934.26818134
6935.23834824
6936.34897532
6937.64634129
6938.86838583
6941.13397417
6943.53749267
6946.3003893
6948.76250199
6951.06089666
6952.79404948
6954.32041159
6955.26341064
6956.0759371
6956.80761516
6957.54396291
6957.73946271
6957.94137463
6958.68504056
6959.5901245
6960.30591166
6960.61501741
6960.53619022
6959.78200006
6957.68788701
6955.48992557
6953.25767326
6950.13678547
6946.58642538
6943.49215484
6940.33883011
6936.99447316
6932.75556345
6928.80219498
6924.44281419
6920.54432506
6916.1844076
6911.07483726
6906.15234733
6900.87583897
6895.84694976
6890.83469022
6885.38782173
6880.82357387
6876.17509731
6871.78347473
6867.82647505
6864.08481788
6860.9776116
6858.35949634
6856.43420311
6855.32647543
6854.23909924
6853.05606406
6851.9329264
6850.83846204
6849.83844395
6849.73400314
6849.26819785
6848.80795437
6848.99647055
6849.73826162
6850.51833024
6851.88088372
6852.93259601
6853.5107527
6854.35606458
6854.40428787
6854.03326339
6853.84405722
6853.07591374
6852.17721403
6850.98710462
6850.10456762
6849.5697624
6848.58240126
6847.73565363
6846.10402829
6844.10664756
6841.56392343
6838.41186719
6835.41602261
6831.55928192
6828.70228751
6826.58366205
6824.93138552
6824.17507658
6823.79276818
6823.56296356
6823.8912499
6824.17942567
6824.4689675
6824.70535847
6824.78116082
6824.79227748
6824.87321649
6825.81162252
6827.40021699
6828.40783901
6830.13283729
6832.3217451
6834.03635157
6835.52116039
6836.96436016
6837.75920451
6838.210938
6837.90757527
6837.38550367
6837.36485945
6837.14382967
6837.34240311
6837.06533702
6836.09945647
6836.1624555
6836.38188225
6836.67755741
6837.93108404
6838.06666542
6838.3637136
6839.27421997
6839.7602513
6839.91315933
6839.74003223
6839.19809701
6839.31455356
6839.1496507
6839.79052763
6840.68511522
6842.24769881
6843.35267346
6844.44267722
6845.62696695
6846.30635142
6846.60312082
6847.15279239
6847.60649133
6848.07130693
6848.59153853
6848.54339191
6848.85002342
6849.89655722
6851.36883454
6854.11923452
6857.4322209
6861.5849922
6863.74585398
6866.28167811
6869.30648175
6872.1031535
6873.77748213
6876.65841046
6879.29877297
6880.8360078
6882.52300035
6884.0047913
6884.99919182
6886.07806498
6886.69583739
6886.93515564
6886.98652225
6886.76326217
6886.59844992
6886.23353089
6885.13474532
6884.61972008
6884.04100581
6883.30101988
6882.71284077
6882.71817955
6882.17718525
6881.92670156
6882.03358872
6883.14096095
6884.59577919
6885.42502594
6888.20867134
6890.75731273
6892.56582183
6895.2110213
6896.96648409
6897.95403341
6899.35170019
6900.61379954
6901.59473462
6902.92599419
6903.86092235
6904.05430337
6904.45926327
6905.0494148
6904.9741073
6904.68988334
6903.58382141
6902.15893102
6899.11992315
6896.68766861
6894.07064062
6892.57796303
6889.07751986
6886.01081444
6884.42915481
6880.91265348
6878.23445252
6874.44625176
6870.94905647
6867.54579866
6864.17709658
6860.89651228
6857.57160076
6855.3705169
6851.11099086
6847.42873636
6844.14950418
6841.1623299
6838.26898855
6835.2319531
6831.83438953
6828.25463129
6824.21536836
6819.89850268
6815.99482809
6811.30783702
6806.78545609
6802.7405965
6799.14186677
6796.16336974
6792.97989414
6790.20672419
6788.31312911
6787.09656972
6786.47048247
6786.10729192
6786.21706454
6786.42127646
6787.46861177
6789.48828854
6791.23984133
6793.03495469
6794.89600131
6796.0879577
6797.85177715
6800.04095678
6802.22016975
6803.88599535
6805.21992432
6806.10742374
6806.50522577
6806.58499387
6806.20562667
6805.07551235
6804.21008594
6802.56649364
6801.19911016
6799.81381458
6798.02894667
6796.75614188
6796.3801271
6796.0901183
6795.45922196
6795.42674321
6795.30087061
6794.76685296
6794.819962
6794.84505288
6794.72078331
6794.37355335
6794.19979898
6794.24628681
6794.39585636
6794.4196927
6794.0958809
6793.43355126
6792.60499451
6791.4294169
6790.02286376
6787.77771752
6785.78452558
6784.061897
6781.82281439
6779.92671022
6777.74206089
6776.04779895
6774.99656061
6774.18305839
6773.67085587
6773.58610444
6773.44357428
6773.9648374
6774.63943369
6776.04340805
6777.17138268
6778.83741737
6780.63713073
6782.45378042
6785.06532327
6787.45516027
6789.85935484
6792.77930646
6795.74226107
6798.43855535
6800.16445968
6801.84715194
6803.27635657
6804.36516154
6805.34426359
6806.03100806
6806.28796659
6806.09535224
6805.72550564
6805.83925098
6806.44461734
6807.73952999
6809.33710142
6811.02904245
6813.27669778
6815.49575647
6817.51898778
6819.67106775
6822.15990223
6825.56746034
6829.39733984
6832.87838636
6837.07843307
6841.77773958
6846.12371766
6850.7812827
6855.71518898
6860.49077875
6864.21760442
6867.19914719
6869.66867563
6871.97270878
6873.85814932
6874.99046607
6876.21703393
6877.58152499
6879.00178054
6880.9331374
6882.57457606
6883.64157984
6884.86048802
6885.59119729
6886.32269413
6888.23677313
6890.47223847
6892.84142428
6895.72529382
6898.26350158
6900.97764523
6904.05972579
6906.9884871
6909.73875465
6912.03332993
6913.98489889
6915.80529131
6916.9811059
6918.09461842
6919.45446767
6921.0929233
6922.73818135
6924.20433928
6925.13643077
6925.39626778
6925.25481793
6925.26364155
6925.20402282
6924.7551957
6924.74218329
6924.35926155
6924.33479097
6924.70493029
6925.35713994
6925.8549152
6926.23092998
6925.64298784
6924.08002789
6921.36109606
6917.96549794
6914.58488466
6911.93359367
6908.81752194
6904.98523789
6901.17431595
6896.80379062
6892.62256207
6889.08619015
6885.24184157
6880.81739873
6876.31354323
6871.78092382
6867.7235397
6862.54266943
6857.55269896
6852.97331293
6849.26279634
6846.43768129
6843.60937412
6840.19711147
6837.28823468
6834.67687305
6831.81499288
6829.69143288
6826.73240918
6823.38998282
6820.20636085
6817.42231121
6814.67218305
6812.93969933
6812.03705478
6811.35794213
6811.64690547
6812.15717042
6812.78127131
6812.57625788
6811.68604725
6810.86572868
6810.04476192
6808.79896468
6807.97641581
6807.44783452
6807.35103947
6807.35103947
6807.42092455
6807.37276399
6806.73083463
6805.77094802
6804.25106772
6802.78464494
6801.3038646
6799.29993933
6797.31629586
6795.24908581
6793.24773933
6791.66659545
6789.97365775
6788.82533163
6788.80309832
6788.67206814
6788.87607097
6789.24950696
6789.7679125
6789.90981539
6789.69626409
6789.0777041
6788.41718658
6787.60800557
6786.11544646
6784.72694482
6783.11415855
6782.13819286
6781.22593014
6780.6017247
6780.71944276
6780.7949942
6780.87319413
6780.80774874
6780.80530934
6780.01996468
6779.2213776
6779.04608989
6780.17984936
6780.70898823
6782.55665305
6785.35568055
6787.26154228
6788.75528624
6790.95206283
6793.85047812
6795.25089793
6797.08336882
6797.80459235
6797.55054714
6796.97492045
6796.82179636
6796.06530621
6795.53358856
6795.37830386
6795.75118228
6796.19229396
6797.65662583
6798.56003704
6799.80370853
6801.15492233
6802.23640913
6803.21669602
6805.25093944
6806.67040045
6808.57520976
6811.36339242
6813.95824286
6817.27992045
6821.12677114
6823.65745164
6825.8648361
6828.97050906
6830.48161452
6831.30846369
6832.95808477
6833.63233258
6834.73510481
6836.0975189
6837.25767259
6838.01784971
6838.73198505
6839.47123916
6839.8648315
6841.0827221
6842.87025243
6843.97257163
6846.32246534
6848.68911419
6850.71203186
6851.67702726
6854.89304435
6856.67457378
6858.03404666
6858.57391885
6858.58859005
6858.48825439
6857.68615459
6857.28794832
6857.36903369
6858.37903238
6859.40523559
6860.14868546
6861.16828838
6861.56674555
6861.6322467
6860.39227612
6859.2298991
6857.92300556
6857.05670794
6856.95231592
6857.0273307
6858.7812741
6861.24534527
6864.38847334
6867.11595697
6870.04688586
6873.04300226
6875.49982495
6877.6216495
6879.06852926
6880.48550906
6881.5687104
6882.18667796
6883.3784392
6884.52229775
6885.63302937
6886.7474828
6886.84603421
6886.34371472
6885.55073127
6883.46218699
6880.82672417
6877.95435462
6875.32392392
6872.28235817
6869.0813538
6865.15856832
6860.52306235
6856.181057
6851.52485802
6846.72849857
6843.07562829
6839.67384108
6836.25111693
6833.97570133
6831.51686439
6828.99252631
6826.36971348
6824.05941458
6822.12246106
6820.25368505
6818.11634597
6816.0349526
6814.44666479
6813.00377866
6811.99744603
6811.59572704
6810.69994066
6809.48949369
6808.36103118
6806.99806649
6805.98040811
6804.68646425
6803.78577121
6803.03555378
6803.32646864
6803.93088016
6804.38446758
6805.30767272
6806.04655047
6807.35869219
6808.18306015
6808.6860348
6809.27261785
6809.83517638
6810.68457947
6812.20609764
6814.10366544
6815.88945335
6817.46295844
6818.49574802
6818.94793454
6819.00788781
6818.34028211
6817.44193786
6816.11562676
6814.63051825
6812.77283798
6811.1548593
6809.39419015
6808.3116579
6807.53997382
6806.56457268
6806.07980983
6804.85150651
6804.22688289
6803.99618615
6803.5746593
6803.58866838
6804.28333738
6805.79861768
6807.5196293
6809.36493139
6811.04428517
6811.96432606
6812.70213048
6813.36242497
6814.10492695
6814.11426634
6814.15104539
6814.36804669
6814.728533
6815.37674205
6815.77655831
6815.98350235
6816.32997261
6815.96529055
6816.02693746
6815.80769192
6815.50851797
6815.43356593
6815.58016639
6815.99742082
6817.56677198
6819.43827314
6821.32119762
6823.00264927
6824.71259301
6826.63436655
6828.1828853
6829.31775992
6830.80498722
6832.39965927
6833.89608656
6835.16714892
6835.99340567
6836.90991294
6837.79185054
6838.3235891
6838.99932842
6839.41658982
6839.2808342
6839.12551466
6838.7634532
6838.45844563
6838.79294893
6838.75741048
6839.027709
6839.0862544
6838.93177122
6838.98555632
6838.81406012
6837.83532747
6837.92811495
6838.1492423
6839.19503732
6841.21260924
6842.96544446
6844.76061357
6845.37108175
6845.95477935
6846.55515541
6847.95508038
6849.63363264
6850.85266627
6852.03675387
6853.05874042
6854.57795163
6856.72039252
6858.74653019
6860.81053419
6862.64232205
6864.7389442
6866.03681199
6866.14685643
6866.14211007
6865.87857215
6865.8014595
6867.17188177
6868.51966648
6869.5806833
6871.25736071
6872.9236742
6875.00797393
6877.30805527
6880.10959186
6882.62158662
6884.45237085
6886.04764228
6887.17597237
6888.60491912
6890.44475001
6891.28611705
6892.40328169
6893.42245249
6894.10548907
6894.34802732
6894.38774758
6895.02809482
6895.98531204
6896.96472076
6897.37435732
6896.88794266
6895.84645491
6894.59168071
6893.3724589
6892.62075692
6892.0490681
6892.00423209
6892.15256103
6892.37367444
6892.91763784
6893.66007013
6893.34204317
6892.32681025
6891.20699016
6889.08874803
6885.96347631
6882.06505687
6877.78639903
6873.65132377
6869.77439189
6866.59930082
6862.85825002
6858.3262997
6853.59468171
6848.6630824
6843.34564802
6838.84742403
6833.6028717
6828.58282702
6824.74863328
6821.95379456
6820.19424056
6819.00535781
6818.44328019
6817.98601974
6818.73601414
6819.91028145
6820.61362075
6821.72748873
6821.83346983
6821.57082403
6821.34257366
6821.82509226
6822.2246158
6822.52424975
6822.5805509
6822.03390418
6822.05495961
6821.81947469
6821.11771752
6820.02521164
6818.49965801
6817.07455853
6815.47265195
6812.93441631
6810.01271529
6807.3865361
6804.06957699
6802.64873599
6801.37955544
6801.13401326
6800.64585617
6799.59238753
6799.26850603
6799.06080927
6798.88858823
6798.99403964
6798.53940676
6798.41771597
6798.19468589
6798.16178896
6798.16178896
6798.0170285
6798.31874638
6799.06115776
6799.38336652
6800.27242018
6801.40840995
6801.75982172
6802.0098245
6802.38172716
6801.87098828
6801.481522
6801.10759813
6799.98938107
6798.95361544
6798.49208257
6798.48260379
6799.14319101
6800.3191868
6803.03478712
6804.72277634
6807.16673298
6811.02125731
6814.65478671
6816.43028736
6819.3960856
6821.87528797
6823.48482636
6825.44413168
6829.45569706
6831.78476533
6834.31473493
6838.30086094
6840.55648262
6843.59144807
6845.8905188
6846.25445511
6846.0762471
6844.18718233
6842.57578303
6841.08031755
6838.03084121
6835.43944077
6834.31012796
6832.48631342
6831.77811625
6831.76977353
6831.89982795
6832.90441815
6834.10268908
6835.67024903
6837.99929639
6839.41378801
6842.15044376
6844.70378969
6846.87341237
6851.01234883
6855.01093665
6858.65232089
6861.26792706
6866.18117518
6870.68469613
6873.39193282
6878.6709433
6881.72665054
6885.42111594
6887.96025067
6889.5153976
6891.20367258
6892.15973284
6893.09880796
6894.05570458
6895.56802973
6897.5362911
6899.18713884
6901.08638634
6903.19754029
6905.07315356
6906.94323987
6909.02789506
6910.5456496
6911.77734716
6912.64048054
6913.31401744
6913.76257275
6914.41361149
6914.88101284
6915.53742522
6916.80267486
6917.67860459
6917.6185189
6917.54120412
6917.19843477
6916.9416226
6916.64492987
6916.65957319
6916.75917703
6916.62279413
6915.89254486
6914.72035452
6913.59389928
6912.86030456
6912.75759921
6912.9021924
6912.93568176
6912.48583009
6911.35075334
6910.81402449
6909.77575674
6908.95580756
6908.11414082
6907.43503514
6906.80044486
6906.240263
6905.93164513
6905.74688562
6905.86081914
6906.1518037
6906.77772368
6907.59130256
6907.18372903
6906.04905653
6904.32513855
6901.81593864
6899.04536141
6896.49811395
6893.73318217
6891.25500435
6888.94204303
6886.14263219
6883.00840441
6879.10489711
6875.15016955
6871.58392554
6868.23305889
6865.26503034
6862.39595745
6859.57334452
6856.64459714
6854.31695068
6852.98039414
6851.63395458
6851.15763899
6851.73231084
6852.0934523
6851.96162061
6851.16978716
6850.21267448
6849.8695427
6849.24494
6848.88885156
6847.98999155
6846.25333996
6844.08249758
6841.31060308
6838.56964007
6836.1692161
6833.75090791
6831.452339
6829.21448306
6826.94082382
6825.54327552
6824.36104185
6822.60801148
6820.84755839
6819.41346801
6818.24504827
6817.19527356
6816.38145771
6816.03464593
6816.17619337
6816.79202821
6817.8577426
6818.47752228
6818.77565774
6819.07536138
6819.16291462
6819.43163102
6819.9834632
6820.09706914
6819.86320817
6819.4695322
6819.29676752
6819.68356441
6819.16725674
6818.62542607
6818.0019873
6816.89190386
6815.59814819
6814.78132143
6813.68167162
6812.89925422
6812.79012978
6812.65687628
6813.00507502
6813.52194026
6813.90537776
6813.67868859
6813.33656045
6813.17284243
6813.13708792
6812.84312731
6812.53308065
6812.45578679
6811.88193039
6811.71060844
6811.92788853
6811.8754904
6811.98725634
6812.03039176
6811.82367075
6811.58843674
6811.74883719
6811.97897635
6812.19989462
6812.49791856
6813.67265284
6814.9739776
6816.24594603
6817.9554228
6819.77730674
6821.1408778
6822.73336833
6824.35156307
6826.12512615
6828.31501668
6830.56904928
6832.79552372
6834.9961894
6837.3206995
6839.71382619
6841.60130188
6843.03051348
6844.56877285
6845.76587984
6846.81302
6847.57919106
6848.31957425
6849.77194614
6851.84131679
6854.1552469
6856.88169206
6860.40270278
6863.74689943
6866.59518871
6868.42663506
6869.70220681
6870.41687882
6870.97607796
6871.13721022
6871.42201267
6872.303783
6873.27880081
6873.90654685
6875.46654468
6876.84317694
6877.99831245
6878.76904865
6880.04972222
6881.03097094
6881.9301864
6882.65507598
6883.14968003
6884.03785551
6885.09884445
6886.98958892
6889.0830747
6891.25851707
6893.65368589
6895.61895029
6897.39546851
6898.95784301
6900.58023351
6901.93137761
6903.05450831
6903.55553841
6903.49528544
6902.38486746
6900.6944737
6898.79081439
6897.06552339
6895.01946634
6893.11849733
6890.69356097
6887.7403012
6885.03770632
6882.50907491
6879.72369406
6877.00778011
6873.66218952
6869.75573403
6865.34129269
6860.18226542
6855.30392848
6851.17433837
6847.36155552
6844.4815193
6842.58450908
6841.02117973
6839.75733797
6838.56793249
6837.31789071
6836.27199812
6835.30911454
6833.98887404
6831.44813628
6830.08927673
6828.9895154
6828.96149028
6829.61335145
6831.25491556
6833.5458666
6835.64054421
6837.67660672
6838.98999601
6839.63193931
6840.14828182
6840.3958243
6840.61654741
6840.69225915
6840.17179755
6838.38531964
6837.38028338
6836.04699562
6834.96605246
6834.49319384
6833.26257658
6832.33187206
6831.03466639
6828.38108934
6826.83333029
6824.58320769
6822.26442667
6819.4274283
6817.94752614
6816.66600924
6814.31269341
6812.80029159
6811.2615304
6809.90630206
6809.52082245
6809.86660271
6810.45704697
6810.52147478
6810.42290245
6810.4807927
6810.33177376
6810.10700126
6809.61158872
6809.15246736
6809.13737101
6809.78403279
6810.62376195
6811.09248754
6811.43393963
6811.67495848
6811.82893984
6812.7346162
6813.43219854
6813.95193529
6814.91387796
6815.7393332
6816.58878508
6817.77837177
6819.98949198
6821.21248439
6822.11257804
6823.78381212
6825.4479441
6826.51917848
6827.40791153
6827.78630297
6828.7622129
6830.42717427
6831.75237022
6832.35893537
6833.44054065
6834.29710858
6834.89945707
6835.45671863
6835.99706476
6836.37795135
6836.32091837
6836.20026607
6836.26253328
6836.59192083
6837.31749344
6838.27602793
6839.17175158
6840.32931255
6841.05292667
6841.62993337
6841.27048555
6840.68565886
6840.28939016
6840.85137718
6841.60100219
6842.20206825
6843.63178864
6845.50457222
6847.28469377
6848.91818699
6850.80955873
6852.82410581
6855.03914299
6857.21659263
6859.23238728
6861.58769644
6864.20231989
6867.30106497
6871.21224591
6875.20607343
6879.62654355
6884.07962486
6887.48298721
6889.91108084
6892.65004356
6895.05441237
6896.80217365
6898.26237249
6899.46647705
6900.71019035
6901.911514
6903.4679782
6905.04036117
6906.24397088
6907.36209036
6907.89564104
6907.92267647
6907.42819787
6907.38347337
6906.86810662
6907.01581526
6908.18160742
6909.50183398
6911.16959716
6912.41164471
6914.20230443
6917.38754337
6920.42303851
6923.70111372
6926.33421382
6928.09421387
6929.72921254
6931.12325509
6932.10930592
6933.41514007
6934.94652035
6936.15914884
6936.65555804
6936.42146009
6935.44955076
6933.64654772
6931.12656569
6928.21674102
6924.67168487
6920.29157622
6915.815941
6910.63494527
6905.28595911
6900.42117124
6895.02941906
6889.18738308
6884.07008335
6878.35902876
6872.82786187
6867.24790017
6861.89434886
6858.04674544
6854.480139
6851.42278691
6847.68799489
6842.83188429
6838.25109735
6834.63078249
6830.94452739
6827.4288206
6822.40676168
6818.02350273
6814.20920746
6810.51023964
6807.56983197
6804.53229471
6801.84387618
6799.57900572
6797.21495657
6795.58830062
6794.42073815
6793.58402687
6793.05872133
6794.17700809
6796.47073307
6799.45159979
6802.95609932
6806.07573256
6809.41863982
6813.13770125
6816.71111708
6819.54017697
6821.16462353
6822.36196052
6823.44160034
6824.13951722
6824.71885179
6825.41070504
6825.06585872
6824.37093184
6824.2182329
6823.26195659
6821.84910285
6819.40446317
6816.65045986
6813.36773587
6809.51104397
6805.0810184
6801.82387317
6799.07000926
6796.74603583
6795.12648896
6793.71882067
6793.05865164
6792.1624889
6791.43687447
6790.94139921
6790.34967253
6789.53449759
6788.513438
6786.90093052
6785.1882686
6784.48558445
6783.77021547
6783.7380155
6784.46739356
6785.43025623
6785.82306796
6785.01130817
6784.62483886
6784.63034491
6784.12964238
6783.32819773
6783.10342523
6782.11784137
6781.08862724
6780.11105852
6778.80159317
6777.82639414
6777.79879417
6778.16470289
6779.17363522
6780.29798561
6781.72286903
6783.30742805
6785.53096826
6788.83871343
6792.70138533
6796.86995692
6801.4906523
6805.81569343
6809.98581229
6814.17573203
6818.19140953
6821.99468573
6825.62408907
6828.84916676
6831.55815283
6833.44945488
6834.94908126
6835.17294073
6835.17294073
6834.59319495
6834.03725066
6832.937566
6831.95352941
6831.06695696
6830.36416827
6830.39164279
6830.78343694
6831.07053938
6832.10456259
6832.61686965
6833.20972543
6834.35494307
6835.55332551
6837.10169093
6839.24657818
6841.34555608
6843.98221768
6846.28967295
6847.75572633
6848.87282825
6849.97261048
6850.79778693
6850.84617052
6849.83815819
6848.78676651
6847.63648191
6846.61835656
6846.50166304
6846.61606353
6847.28371105
6848.17461864
6848.92491274
6849.58444754
6850.79476208
6852.52240187
6854.69375303
6857.99894033
6862.12253651
6866.01768716
6869.33089658
6871.66786151
6874.11098877
6876.23272271
6877.95578341
6879.80227732
6881.44108841
6883.49820635
6886.0039493
6888.23499585
6890.36586706
6892.4479574
6894.44733146
6895.50707282
6896.06176257
6896.09291709
6895.2245425
6893.84071055
6892.26365092
6891.75427112
6891.72889448
6891.51972015
6892.04664962
6892.67362899
6893.16018305
6893.2652581
6892.94750993
6891.76080172
6889.59941025
6887.8079978
6885.73534441
6883.30318048
6881.38061241
6879.38638198
6877.40745002
6875.62739816
6873.78330182
6872.01112571
6869.99755439
6868.25729947
6866.59865961
6864.22019714
6862.99020716
6861.68548816
6859.76512948
6857.16223602
6854.70137787
6851.55059708
6848.76413593
6846.8629648
6844.75020782
6843.47073304
6842.49251614
6842.40467017
6842.98802625
6843.5900402
6844.60601191
6846.09533708
6846.87104267
6848.36131573
6849.66179019
6850.21615933
6850.7622206
6850.99006674
6851.96668061
6852.93658267
6853.43730611
6852.8555879
6851.77567625
6850.05909039
6848.94515969
6847.3914973
6844.58972374
6842.61470178
6840.08256461
6836.27378933
6833.86820083
6831.83470316
6830.03740829
6829.14774131
6828.81198346
6828.72390052
6829.28715601
6829.8147964
6830.75159243
6832.45951496
6833.75523609
6835.85271551
6837.31993283
6837.80684234
6838.65643361
6839.30417569
6840.03201345
6840.31679498
6840.51304752
6840.19481147
6839.10556044
6836.06839954
6833.81908542
6830.70564126
6826.98830134
6824.97128003
6822.56317547
6819.74227707
6817.34449462
6815.47470801
6812.18260282
6810.06854251
6808.12712839
6804.50148868
6800.92784983
6799.18396369
6797.60386527
6797.06350521
6796.91135688
6797.2097293
6797.78939842
6798.3159585
6798.92503971
6798.55683099
6798.15837381
6798.51201588
6798.74877625
6799.90525691
6801.29320098
6802.34611205
6802.96502052
6803.66749557
6803.76528032
6803.77838334
6803.69767433
6802.28254847
6801.04020123
6800.09629611
6799.00038206
6798.38544631
6798.32362516
6798.8736034
6798.76153078
6798.16360108
6797.81058628
6798.06588602
6797.7854257
6797.67133187
6798.45611897
6799.78879339
6801.25528586
6802.98990231
6804.0784285
6805.36036358
6806.4270816
6806.56857328
6807.26513804
6807.82136809
6807.72753515
6807.19429114
6806.52131878
6806.61174354
6807.39724154
6808.36620966
6809.37549744
6810.43194911
6810.98660401
6811.40778935
6812.35747931
6813.74397368
6815.58479426
6818.19347953
6821.16013505
6824.66823094
6829.1136874
6833.57793415
6837.83565504
6843.26874446
6848.79012591
6853.63848621
6858.10326962
6862.49089857
6865.64476693
6868.51680891
6870.87762412
6873.71536825
6877.25083411
6880.26178898
6882.59464877
6885.19653859
6887.71773334
6890.1072358
6891.96459546
6893.13631883
6892.98837322
6891.68569634
6889.93805355
6888.70001357
6888.17817894
6888.40186417
6888.50023438
6888.60112761
6888.53047586
6888.71437113
6889.25587423
6890.14032092
6891.0091555
6891.70998571
6891.81991863
6891.46029657
6890.63975496
6889.74596889
6889.20231216
6888.97689148
6889.53884364
6889.62705204
6889.04566838
6887.90381012
6886.22465847
6884.71723998
6883.85973114
6882.41865016
6881.19517683
6879.00592054
6875.94453299
6873.01687289
6869.98684895
6867.43757332
6864.87805921
6861.96548849
6859.34180444
6856.89005568
6854.10954665
6851.20373652
6848.29609337
6845.32347877
6842.76789556
6840.67164978
6838.66189088
6836.04408926
6833.31643138
6830.98918219
6828.86040887
6826.87847297
6824.8587962
6822.37078414
6819.46466038
6817.12568818
6814.65164338
6811.77893231
6810.1335488
6808.7464411
6807.29623679
6806.15446915
6804.97912153
6803.72799248
6802.06558202
6800.07385371
6798.41952809
6797.24248685
6795.75710651
6794.54486833
6794.20467776
6794.24259288
6795.72413988
6797.61522587
6799.47439068
6801.94619123
6804.48350688
6806.72824191
6808.67116148
6810.21755448
6812.44362468
6814.634714
6816.63258261
6819.42808345
6822.05994991
6824.55566347
6827.21409142
6829.64580232
6831.61541581
6834.13627601
6836.16909762
6837.59201559
6838.79568802
6839.48936036
6839.93817355
6840.33986466
6840.68027129
6841.11474085
6841.55354557
6842.52071551
6843.98256617
6845.09198748
6846.05763803
6847.38449974
6848.93531152
6849.59458843
6850.7175658
6851.99186907
6852.37351535
6852.86248092
6852.4238853
6852.15952496
6852.76237527
6853.66306134
6854.59539677
6854.74476419
6855.46536044
6856.50438092
6856.70345617
6856.55517602
6855.69478173
6854.40139545
6852.85123184
6851.52471863
6850.63265406
6849.41607376
6848.28288581
6847.08570216
6846.18263245
6846.14242431
6846.29371537
6847.04106826
6847.98775428
6848.67668723
6849.57763118
6850.29808106
6851.05054274
6851.3664509
6852.0824611
6854.22870047
6856.94010503
6859.09302833
6861.17455413
6862.89560059
6864.27575254
6866.43710917
6868.58800429
6870.03433345
6871.95300547
6873.26625537
6875.11248443
6876.59008659
6877.58898256
6878.76659532
6879.18154279
6879.63814112
6880.23162416
6880.2863432
6880.65516525
6879.92262992
6879.31320023
6879.31401568
6879.8129967
6880.29980167
6880.96764433
6881.30214067
6882.04129023
6882.5682894
6883.10777825
6884.21301079
6885.90525152
6888.52130375
6891.78369018
6894.78052446
6897.78273934
6900.31561529
6902.759098
6904.67705214
6907.3827764
6910.64010284
6911.82329833
6913.4588476
6914.62977643
6915.38310234
6916.05307773
6916.68506831
6917.08657125
6917.10489456
6915.97672478
6915.19269738
6913.12251824
6910.51180479
6906.43804886
6904.34946277
6902.47050404
6899.1146471
6897.13263453
6895.12787987
6891.17761988
6888.62446213
6886.11820343
6883.45679245
6879.65665958
6877.53158019
6874.31668523
6871.12053873
6868.70846841
6863.97713617
6860.13496911
6858.11299931
6855.38466537
6853.33659409
6852.5201646
6851.17462413
6849.2218285
6848.35928755
6847.51248415
6846.31089566
6845.74437835
6845.2197419
6844.02789006
6843.71778764
6843.84543055
6843.99825494
6844.15346297
6844.68318729
6844.70114818
6844.37245063
6843.95069378
6841.48389745
6838.97040421
6835.14094986
6828.99231722
6824.98318426
6820.5521899
6814.23360137
6809.56353968
6806.27629236
6800.62989558
6796.72470858
6794.17317476
6789.34101899
6785.5007198
6783.14614943
6778.47722379
6775.15205439
6773.04539589
6771.97087879
6771.44536416
6772.07960595
6773.49689241
6777.03610099
6779.89499813
6782.79515584
6787.26802409
6790.08252431
6793.60472685
6798.60094912
6802.33642418
6804.01751341
6807.41845031
6810.45810636
6812.29586725
6815.89976152
6819.32878628
6822.18408706
6824.33277279
6825.88469275
6826.60659233
6827.93787979
6828.97634966
6828.70455266
6827.19943416
6825.68595901
6824.14211692
6822.68245474
6821.47975806
6820.90585985
6820.46513847
6820.89034532
6821.22546892
6821.54646497
6821.91742672
6821.79244624
6820.39125976
6819.30274751
6818.14643412
6817.20021507
6816.17544064
6815.34889116
6815.6480442
6815.88850547
6815.86195095
6815.85896096
6815.40616808
6813.99586525
6812.07512323
6810.36567433
6808.06090936
6806.22306484
6804.38098274
6803.40557462
6803.20045665
6803.67258345
6804.92217917
6806.88834963
6808.9462412
6810.53345568
6811.60002734
6812.47897494
6813.98775253
6815.81654342
6817.35006341
6818.68843904
6819.84278
6820.74398183
6821.54091709
6822.30160997
6822.47054829
6822.56066638
6822.02045964
6820.77567998
6819.3883144
6818.45910139
6817.22738989
6815.77250195
6814.50653443
6813.45610457
6812.45653951
6811.55638314
6810.36178524
6808.58020005
6807.22230232
6806.87964448
6806.11355707
6805.93222664
6806.16155732
6806.16587156
6807.21030052
6807.87792015
6807.95416856
6807.94592342
6807.45221149
6806.44087462
6805.79401769
6805.56694519
6805.49174223
6805.93829027
6806.07484741
6806.64740047
6807.97440157
6809.00061873
6810.30933833
6811.27484251
6811.75016143
6812.5241455
6812.79569857
6813.4653185
6814.22594865
6814.33177642
6814.76222448
6814.38402819
6813.12910763
6812.4868716
6810.91033469
6809.25077484
6806.30948202
6802.97833263
6799.57593906
6795.83544583
6792.0139648
6787.76231451
6783.22260693
6779.00643236
6774.90490918
6770.88555866
6766.9883171
6763.47126516
6759.29858146
6755.62604271
6752.48612766
6749.19587641
6746.34096593
6743.1385258
6740.02294195
6737.69227761
6735.48845466
6734.05688034
6732.93560358
6731.83375832
6730.91327136
6729.53167668
6728.23760737
6727.27028409
6725.69576142
6723.78690273
6721.92809337
6719.81265306
6717.63002494
6714.21376169
6710.39178582
6706.59163204
6702.35928779
6697.92600738
6694.14265055
6690.22136357
6686.14666673
6681.61560156
6676.87113146
6671.48662775
6665.35260359
6659.3891347
6652.4710901
6645.66512509
6638.62412819
6632.33028206
6627.00900738
6623.09418827
6620.4831333
6619.29960327
6618.44226868
6617.83666534
6616.84509452
6615.26235458
6613.84073298
6612.24196276
6610.4625312
6609.53234941
6609.43283617
6610.00127015
6610.60464318
6611.22885559
6611.56207647
6612.25478002
6613.01477592
6613.10028008
6613.17791546
6613.35878588
6612.93990751
6612.72901863
6612.21867005
6611.4832423
6610.70207945
6610.24765566
6609.54433727
6609.53548577
6609.31797568
6608.95492453
6608.69647448
6608.47372319
6608.62468668
6609.15837675
6609.54713212
6608.93400152
6607.69472094
6605.74239229
6603.59264716
6600.74957122
6596.88516387
6593.78748515
6591.89547916
6590.99972764
6590.01924559
6589.11674043
6587.86331138
6586.33142927
6584.97694669
6583.25794235
6581.21840893
6579.47899037
6577.06614642
6575.26379155
6574.86421226
6574.50052686
6575.49372163
6576.77424186
6578.4665732
6580.74403789
6582.78415676
6584.48782081
6585.50071192
6586.70439829
6587.82810747
6589.20184731
6590.29128653
6590.89707804
6591.31957368
6591.90092946
6592.49996735
6593.25047054
6593.53734995
6593.19442726
6592.23805337
6590.3942846
6587.83451262
6584.87102134
6582.02514358
6578.49250045
6574.74523965
6571.37636332
6568.28357732
6564.94793944
6561.88170797
6559.45570524
6558.21096739
6557.66789612
6556.49978304
6555.43054896
6554.53621228
6554.23811167
6553.7232537
6553.50999513
6554.35833882
6556.33473382
6558.69041237
6561.5353074
6564.0181828
6567.03117979
6569.83459819
6572.49709644
6575.1345038
6577.96968309
6580.37758553
6582.33098055
6583.11472219
6584.91911917
6587.19025538
6589.49302702
6590.65919555
6591.05830091
6591.75345082
6591.42462085
6589.94285778
6588.86059735
6586.83206908
6585.02349725
6583.67132163
6582.00459693
6579.94413354
6577.19751113
6574.1618069
6570.79083269
6565.89952516
6563.39167736
6558.49178317
6555.68751446
6551.56008495
6546.11549555
6541.90725946
6539.03491081
6534.21195503
6529.48343855
6526.45344248
6522.44711831
6516.31386081
6512.41468168
6508.18595469
6502.10488623
6498.48747772
6495.26874246
6490.97729523
6488.4577523
6485.92888392
6480.85730535
6476.73718705
6474.02985976
6469.42457436
6465.66806479
6462.60816178
6457.45658512
6453.57186809
6451.07149878
6448.1442917
6443.21331269
6440.06322888
6435.934733
6429.65490292
6425.85412187
