6983.45624397
6977.66392976
6968.98037905
6960.47341241
6951.08913603
6944.98710971
6941.35909334
6938.57078522
6938.05612937
6939.57725724
6943.4636679
6948.18591864
6952.54534125
6957.0804558
6961.48360625
6967.55825563
6972.43823044
6976.71355677
6979.57832239
6981.429256
6983.98003011
6986.45689067
6988.56619068
6989.46094554
6989.11758376
6988.85689645
6989.35867928
6989.90688025
6990.42097852
6990.42206579
6991.0594997
6992.34843235
6994.7939293
6998.21861891
7001.02810791
7002.17269131
7002.60415694
7003.06669345
7003.74658671
7003.2735887
7001.04287669
6997.77292117
6993.93000138
6989.76821826
6985.43386563
6980.44816062
6973.37589072
6964.3859594
6955.35446086
6947.00818042
6938.75077049
6930.63263589
6922.36472264
6913.98844465
6907.83001263
6903.38565041
6900.04138405
6897.25037169
6894.53309865
6891.89799826
6890.07549402
6889.77266099
6889.54161576
6890.08134856
6891.26961101
6892.35653416
6895.18978284
6898.79206712
6901.38785846
6903.05459013
6903.62018047
6903.06511436
6903.0439962
6904.27310103
6905.8148801
6906.93160565
6908.68784904
6909.46731826
6909.99763501
6910.60920439
6910.70183854
6911.09472694
6911.91820278
6913.92100593
6917.93018071
6921.95484214
6925.66946388
6928.69548722
6931.98395423
6935.79767799
6938.99144086
6942.03573872
6944.82104988
6946.36133046
6947.03027434
6947.10850911
6947.04592129
6945.70646536
6942.95114478
6938.58381854
6933.94908621
6929.32411144
6924.71072726
6920.63684588
6916.49415275
6912.40485442
6907.91481982
6904.34600399
6901.31384036
6898.98338511
6896.26701813
6893.93705076
6892.74160953
6892.16995556
6891.1168354
6889.23251001
6886.0402526
6882.150608
6879.21832003
6876.44891371
6873.51118937
6870.30471379
6866.57725388
6862.86959486
6859.97048261
6857.87775652
6857.12350364
6857.0155292
6857.32819646
6859.36126201
6862.42777924
6866.67294772
6871.3612491
6875.3744663
6880.88797896
6887.54312685
6893.75005398
6899.39264531
6904.29749495
6908.01569911
6911.26101677
6913.41576613
6914.96540701
6916.61219839
6916.99581013
6916.54527543
6915.86350732
6915.23693219
6914.32468341
6912.49087433
6910.48269755
6908.19128651
6906.44860613
6905.13302138
6905.21435767
6906.17157489
6907.55850835
6908.56022008
6909.31541387
6911.34797759
6913.89576868
6916.11870949
6917.39858154
6919.27349088
6921.6711897
6923.20627786
6923.88323688
6923.81302422
6922.40220563
6920.79225603
6918.8734028
6916.82729696
6914.88200073
6912.6637087
6910.63331952
6909.64269657
6909.95385141
6910.10606247
6911.10270723
6912.61897026
6914.80626808
6917.12172455
6919.21605367
6921.96656516
6925.70469566
6929.79290673
6933.13621823
6936.07470226
6939.02557143
6940.11441125
6940.93296649
6940.90949955
6938.64085151
6936.89695841
6935.4336929
6933.60156352
6931.42968963
6928.81572134
6925.25229308
6921.25247163
6918.54446131
6915.72175777
6912.22210914
6909.80388459
6907.35878492
6906.22498363
6906.19197517
6906.26108662
6905.96132025
6906.66295895
6907.85828169
6909.07981744
6910.94800799
6912.54686185
6913.25645993
6913.75689761
6914.33869945
6913.46800396
6911.21836924
6908.23255404
6906.38771195
6904.63001886
6903.92398926
6903.39582615
6902.88160242
6902.41616653
6903.27427476
6905.18794254
6907.64627766
6910.79441694
6915.78616467
6920.3760819
6926.13632856
6930.82840054
6936.92880989
6943.98631799
6949.48991279
6954.44913995
6957.42153849
6960.94311376
6963.27004234
6964.35005156
6963.94631136
6964.82371169
6965.61907181
6966.88800842
6969.1401801
6970.07524765
6971.79700502
6972.54312428
6974.36426943
6975.77495559
6977.82329869
6978.87616098
6980.31457954
6982.77578617
6984.89312223
6986.23543574
6985.88772487
6984.7608863
6983.38445616
6982.8288952
6981.50878713
6978.95178908
6976.76658915
6974.82420624
6973.54910842
6972.3236348
6970.91963954
6968.64819666
6966.54305058
6965.25408308
6964.55313439
6964.89194496
6965.47245741
6965.56886216
6965.44170017
6965.64857451
6966.46754793
6967.47556025
6968.33112455
6970.39261946
6972.36597567
6974.98508062
6978.57675006
6981.81990712
6984.23424956
6985.37829629
6986.53570392
6987.84197716
6989.73083285
6992.05187204
6993.64729681
6995.17702528
6997.10796396
6998.44256201
6999.08818531
7000.30413833
7001.35990001
7002.69603837
7005.33686785
7008.24639282
7010.69739582
7012.93346055
7015.51037798
7017.9851755
7020.29159229
7022.610443
7022.81894127
7021.72979479
7019.78006583
7016.58902811
7012.78465767
7007.83329929
7002.5275252
6996.91254082
6990.89031745
6984.67393942
6977.13082514
6971.14897022
6964.72083907
6958.81636164
6954.28976405
6950.79245724
6948.49947802
6947.88234682
6948.73849657
6949.69100925
6951.04301063
6952.04189963
6953.96328983
6957.33787433
6960.7982139
6962.54839367
6962.7713192
6962.12757772
6961.28181281
6960.47760816
6959.59541965
6956.8729054
6954.02090825
6950.85083536
6947.90548619
6945.46801135
6943.45138034
6940.21602933
6936.78630064
6935.09516809
6934.7287924
6936.12320433
6937.17088813
6938.00221882
6939.50374792
6941.98117999
6944.36021398
6947.44287998
6949.54820727
6950.16935998
6950.40386217
6950.36627464
6951.55396557
6953.60783564
6955.54642703
6957.06602854
6959.3886638
6962.66974991
6965.68942386
6968.68889965
6971.05771607
6973.97536769
6978.08592358
6983.30628412
6989.89264117
6996.36695348
7001.38948634
7005.86671065
7010.07228432
7013.81215725
7017.28510499
7020.16189333
7022.94459085
7025.36240419
7027.53176899
7029.54063577
7030.84276901
7032.28807362
7033.89979353
7036.71064163
7039.8874333
7043.33388924
7046.46202551
7048.71344447
7050.3651913
7051.73041418
7053.11891582
7054.47145386
7056.03189776
7057.35690552
7058.09332297
7058.38988328
7057.53435383
7055.93641301
7055.70195263
7054.5426144
7054.31791159
7056.59658204
7058.96453422
7061.29958946
7063.68949616
7066.62192353
7069.64579324
7072.72555985
7076.30484415
7080.09314945
7083.58168839
7085.95249814
7088.27332824
7089.64908929
7090.21223328
7090.29734016
7089.75258222
7089.3843735
7090.0347083
7090.81552267
7090.67173797
7089.99610319
7087.67045006
7085.65719238
7084.60553585
7084.02050007
7083.63166107
7083.58545202
7083.83050632
7083.31969774
7082.97065567
7081.78866594
7080.03495254
7077.60413376
7075.70517202
7075.01517271
7075.24336037
7074.94150309
7073.42747733
7070.72700125
7068.31737032
7066.97605348
7066.09313315
7065.83713644
7064.57792255
7063.63882652
7062.86672426
7061.87110404
7060.31546923
7057.98104126
7054.96009883
7051.86562617
7049.34057718
7047.31811253
7045.68783235
7042.24143912
7039.78941158
7036.68343196
7035.52138948
7035.18864254
7034.81658655
7034.83349502
7035.90807485
7037.29272923
7039.45334009
7041.39492846
7043.99309646
7046.14790158
7048.59565671
7050.92778468
7053.55974872
7054.37352972
7053.75273943
7053.08692495
7052.68588898
7052.78255858
7053.24360358
7053.22659753
7052.72094652
7051.88019282
7052.04042599
7052.10615017
7052.76485557
7053.47799425
7054.34216612
7055.62479817
7057.53811746
7059.70408803
7062.12194318
7063.56334477
7065.32625816
7067.55899835
7071.01045854
7074.19553717
7075.33292088
7075.74120532
7075.83111432
7074.50554898
7073.75386792
7073.43158945
7073.12492309
7070.83726174
7068.75067595
7067.7849557
7067.38831064
7067.061014
7066.11620283
7063.27974809
7060.73699608
7059.32807325
7059.46746705
7059.50740337
7057.82045961
7055.73380412
7054.76181115
7055.04450178
7055.22181069
7054.20465413
7053.04127348
7052.12357439
7051.77752929
7052.48892554
7053.46656396
7053.77685456
7054.37471457
7055.8195313
7058.12475627
7061.04791395
7063.34184802
7064.75857691
7066.25259966
7067.84384958
7069.75270828
7072.34146024
7074.8222517
7076.70866799
7077.6213489
7077.70603063
7078.13536353
7078.7185175
7078.88592945
7079.18221097
7079.16666856
7078.13194839
7076.4116895
7074.98987274
7073.10282917
7070.74616789
7067.88294954
7064.75815873
7063.27479961
7062.11594925
7061.20947137
7060.14443304
7058.9873948
7057.72999303
7056.2670551
7055.97049479
7056.27165509
7055.96861297
7055.2170713
7054.66270216
7054.58213254
7054.64395369
7054.41067817
7052.67501627
7050.58125169
7047.975424
7045.05582086
7041.57069707
7037.32635101
7032.86725486
7028.04945665
7023.86964992
7020.32512347
7017.12672575
7012.82888733
7008.68144784
7005.67848023
7004.457286
7003.81316119
7003.14004944
7003.7523367
7004.26638619
7005.54009704
7007.78929964
7008.95689695
7009.27533512
7007.97881248
7007.03747918
7007.23758595
7007.12993908
7006.13504372
7004.24248712
7002.0563881
7000.07461947
6998.7259984
6997.74180847
6996.42721342
6995.15912015
6995.18027316
6996.77985186
6999.90120662
7003.23496965
7006.25568905
7009.34347081
7012.30494088
7015.30722545
7017.32624707
7018.20333377
7018.45854291
7017.99251459
7017.06675157
7016.82589303
7016.63217049
7016.32562262
7014.34854459
7012.93449904
7011.4049239
7009.34306657
7007.13888817
7005.12215261
7003.52516663
7002.32609419
7001.46099536
7001.73337781
7002.27423273
7002.8969815
7002.60232392
7001.98629393
7002.32298571
7002.66111325
7003.78354698
7004.56406862
7005.35084905
7006.41552495
7008.2667234
7009.72938952
7009.53414062
7008.38676934
7006.22992908
7004.16340902
7002.2156037
7000.58517018
6998.2319798
6995.47909164
6992.03498448
6988.80808074
6986.62143111
6985.27568155
6984.25945893
6984.66266246
6986.07454741
6988.51138104
6991.52301893
6994.67030094
6997.15526724
6999.24904575
7001.7288963
7004.33447309
7007.76211088
7010.6555498
7012.99763049
7013.42800188
7013.14021641
7012.67572839
7012.20196371
7010.11923913
7007.18690933
7003.9765586
7001.31040824
6998.61205094
6996.5984378
6995.48539921
6994.1191727
6993.16512669
6992.97444294
6993.33572379
6993.99585798
6994.77065054
6995.13035624
6995.77054317
6996.998498
6998.40150357
6998.83839859
7000.11276459
7000.08570825
7000.11643761
7000.26744292
7000.088984
6999.64376718
6998.8193783
6996.72881282
6994.09859818
6991.35054699
6989.93696143
6988.70350054
6988.34199666
6987.97001037
6988.40112751
6989.42293285
6989.8958542
6990.71495308
6990.30947045
6989.54120152
6989.70231985
6990.07820917
6991.15721475
6991.7679896
6991.62034369
6991.0844721
6990.87851776
6989.46374736
6986.94409291
6984.12553633
6979.77604553
6977.48655812
6975.93814391
6974.99373698
6974.65158096
6975.10167657
6976.25710481
6978.00414821
6979.1663022
6980.77344999
6981.60222976
6981.98625968
6981.702893
6981.99866573
6982.16409829
6982.38687746
6982.96044113
6983.80571817
6984.01380523
6983.53889752
6982.61349693
6981.24634345
6979.58116603
6978.70640721
6978.59572156
6979.07858865
6980.80104299
6981.74261326
6982.15209649
6981.80725017
6981.54308497
6980.86512232
6979.66414716
6978.69105995
6977.83959383
6977.1125088
6976.9788859
6976.45456309
6976.10783496
6976.68755983
6977.09259639
6977.89572074
6978.55865675
6979.31848538
6979.70209015
6979.77946068
6980.28341805
6981.04820214
6981.06335424
6980.9244762
6980.48650088
6978.53093829
6975.71762989
6973.02866773
6970.91812015
6968.57231067
6966.78966609
6964.74144844
6964.13364966
6963.90035322
6963.73526915
6963.29170414
6963.05346619
6962.95608568
6964.00211767
6965.98704356
6968.7324393
6970.44385365
6970.73388336
6970.49819632
6969.64139142
6968.1346002
6966.09435588
6962.61045876
6959.98811986
6958.03949908
6956.63865412
6955.77632923
6955.37855508
6955.14534228
6953.94551712
6953.82794542
6954.86431044
6956.4480331
6957.5230799
6958.30198458
6960.29457016
6962.15482921
6963.47814334
6964.37080033
6964.16061539
6963.08872585
6960.90450167
6959.32707265
6957.26421865
6955.05928055
6952.38457141
6950.48208998
6949.46624372
6949.12642951
6948.65154271
6948.3404506
6947.10643911
6946.03342745
6946.1615652
6946.66651228
6946.77576217
6946.47837943
6946.09285103
6946.24978057
6947.14239574
6946.88162479
6946.30587961
6945.40411324
6944.31583796
6943.53941449
6943.7399952
6943.71564311
6942.95895083
6940.85012476
6938.6933054
6936.68194347
6934.41737271
6931.86362253
6930.69897339
6930.05590798
6929.46287796
6928.92030851
6928.74098535
6928.43404021
6928.25786735
6928.55653251
6929.91891872
6932.44722256
6936.21452121
6940.89018654
6946.0679553
6949.88911572
6952.26810092
6954.78684931
6956.9226899
6958.21293982
6958.68306632
6957.99818973
6956.44423462
6954.81710473
6952.59247726
6948.84704252
6944.66110246
6940.26858776
6936.77126005
6934.55059136
6932.40630351
6930.44982092
6928.69242752
6928.35512937
6929.23570092
6931.00644127
6933.38362132
6935.98086236
6938.53173405
6942.9368151
6947.75114937
6951.5065438
6954.56476013
6955.98962265
6957.20861446
6957.94595887
6957.85859381
6957.26732016
6955.56882762
6954.01536038
6952.71753441
6951.98416969
6952.49004372
6951.8043935
6950.98269493
6949.91501509
6949.75353434
6950.77919392
6952.3773996
6955.02687149
6959.2073961
6963.31765926
6968.13085051
6973.15921003
6977.17313813
6980.36944494
6982.56049941
6983.81344058
6985.00373121
6986.09006891
6986.72750979
6985.74693016
6982.91584209
6979.54014243
6976.44101402
6973.78799455
6970.32810104
6967.52620202
6964.68276365
6961.76524445
6958.97928511
6957.22817838
6956.42018919
6955.29045123
6954.84351289
6956.58239478
6960.7672406
6963.44343429
6965.92282484
6967.1673745
6968.52993496
6970.22524932
6971.54383103
6972.93072268
6974.24674651
6974.63286734
6974.362067
6974.41475786
6974.02122825
6972.50196129
6971.59178947
6971.1954929
6971.73404084
6972.42694652
6972.55543275
6971.94981548
6971.59710735
6971.20996894
6972.60537058
6974.65646671
6976.54186543
6980.57639594
6985.67221509
6992.08328443
6995.84433128
6998.06090876
7000.9166556
7004.53772319
7009.18488248
7013.60189564
7018.31606154
7020.72090428
7023.45912821
7024.81297655
7024.49416202
7023.29168838
7021.01570823
7019.21114397
7016.52501848
7014.27088134
7011.95037184
7009.7241971
7006.84110816
7002.92281117
7000.34261799
6996.95953047
6994.81080292
6993.01024623
6991.36846606
6989.75045252
6987.34409736
6983.64904651
6980.13867153
6977.6786149
6974.04151005
6971.2502886
6968.43339778
6967.16432875
6965.5455137
6964.16105448
6963.29593474
6961.85976042
6960.33620012
6959.15834342
6958.81447982
6959.19029248
6960.12442609
6961.22270984
6962.17433737
6963.50862877
6965.15040894
6966.97232773
6968.96576361
6969.2894848
6970.15505757
6971.73789508
6973.76926699
6976.63289655
6979.2656621
6981.94844911
6984.0042707
6985.05405237
6985.39512112
6985.40206293
6984.61744311
6983.7943506
6984.25239863
6986.38195953
6987.58982772
6988.20296528
6987.81939537
6987.56388653
6987.32181526
6987.35721431
6987.35954916
6986.99357074
6986.4482831
6986.42176343
6986.65687198
6986.31034597
6984.78905779
6982.71149775
6980.00260227
6977.55352987
6975.82180585
6973.78455152
6971.152239
6968.28422551
6966.00810596
6963.73249521
6962.20283644
6961.3885118
6959.90379358
6959.42283619
6959.2305982
6959.85611393
6960.89795017
6962.03212085
6962.82053218
6963.97448285
6965.1355635
6966.66734803
6969.21363367
6971.25262345
6972.09857654
6972.28247181
6972.05419355
6971.88708827
6971.04383244
6970.13914577
6968.46054472
6966.64024988
6965.02846028
6964.82581654
6965.34537905
6964.74744238
6963.64828742
6962.69462473
6962.17979464
6962.41815107
6963.29117444
6965.64078936
6967.90686558
6970.57748352
6972.90499058
6974.74634783
6975.60432364
6975.85976278
6975.87385549
6975.18864436
6975.7020596
6977.38305823
6978.86498159
6979.24558242
6978.05092877
6977.7449315
6977.99058519
6978.32053729
6978.34148121
6977.57570743
6976.8138297
6977.38986064
6978.43446384
6978.6669727
6978.46988381
6977.66222916
6978.10663053
6979.44310344
6981.28594523
6983.29527201
6985.391929
6989.0988353
6993.43640096
6997.18656812
6999.65289747
7002.70547533
7006.0577847
7008.45587382
7010.36442585
7011.47996655
7012.20027008
7011.846398
7011.11731267
7010.20802601
7009.56519059
7009.26255968
7008.71611507
7007.61257618
7005.98698659
7003.99480525
7002.96795385
7001.89904735
7001.08277816
6999.95078202
6998.90370458
6997.2197299
6995.20590768
6993.74800186
6991.85830284
6989.21614912
6986.62531323
6984.66436307
6983.23934025
6981.78859927
6980.33012892
6977.7644536
6975.89811698
6974.25119318
6972.61271663
6970.72364489
6969.24502515
6969.85741696
6970.14223335
6969.46369221
6967.81015416
6966.58492448
6965.01521787
6963.67617314
6963.07262587
6962.1588089
6961.60706734
6960.91933317
6959.45977554
6957.22253293
6955.44577077
6954.76013449
6955.06487721
6955.42452018
6954.81353625
6955.02319149
6954.9588752
6955.5198307
6955.62433423
6956.01634444
6956.95533593
6958.59921398
6959.68155805
6961.04800062
6961.74165205
6963.71461795
6964.59284071
6964.13595662
6963.68689253
6963.21705876
6961.74615447
6959.89648238
6958.04947968
6955.56804004
6951.37455181
6948.1777641
6945.0102212
6942.7393359
6941.44872355
6940.34698981
6938.88306915
6938.15673685
6936.01377323
6934.25276257
6931.51557015
6930.48918573
6931.60523522
6932.43830832
6933.82044664
6935.79843769
6936.50818213
6938.20262528
6939.95016354
6943.33373197
6945.83108341
6945.09477748
6940.85888566
6936.58369175
6933.30653654
6932.61324057
6934.3478849
6935.37514751
6937.52855172
6943.3842901
6953.60836533
6963.32943804
6969.95713929
6973.2571272
6975.17286498
6974.57271195
6971.92452944
6966.86525935
6963.47369668
6962.87925182
6961.41963843
6965.58321972
6973.2530569
6979.43060678
6984.60589434
6983.3885404
6971.31102248
6961.02115338
6963.36391012
6973.118974
6972.18189221
6967.35053796
6964.1940699
6973.65903437
6988.88563945
6993.85635266
6988.83284405
6979.34285142
6970.08109522
6972.62510874
6976.40960162
6966.71681192
6958.77305199
6966.30096537
6973.25175357
6967.6301201
6952.77048314
6942.35577295
6936.34542593
6931.66684031
6935.83571856
6948.59158944
6952.71346411
6955.34923359
6958.93676304
6959.19471823
6956.56694995
6966.62886837
6971.57997585
6971.20214895
6964.82247806
6958.65220453
6958.34809605
6964.75446782
6962.12538227
6954.82449957
6943.74518065
6951.41669753
6967.72719394
6982.61946299
6986.88103812
6975.49439769
6955.61808241
6941.62378126
6942.7633186
6945.95124784
6942.62897086
6942.52179794
6948.80799832
6959.40459651
6968.92489335
6963.85433236
6953.15610912
6944.08969243
6943.88108961
6955.70691808
6962.8053522
6955.57428488
6942.60338513
6930.76050182
6927.71772335
6934.12653451
6943.57452779
6952.04466659
6961.33715912
6956.62429656
6955.03005664
6957.07977974
6960.3192359
6963.43015006
6967.77779389
6964.23881531
6966.56097662
6964.8207217
6961.95226214
6961.50276592
6959.71710347
6960.84782415
6970.08851794
6979.65535838
6979.5338488
6966.36344864
6949.34561929
6946.30304991
6946.51007758
6944.29908282
6942.47484313
6940.66450797
6945.46686135
6956.15239279
6958.98604571
6950.03085134
6930.80664814
6912.84721367
6904.47264326
6915.63947361
6935.2846182
6950.43374124
6957.47221511
6951.5276759
6951.86485556
6954.48678324
6960.28754472
6967.72639243
6967.45953694
6959.30604509
6956.16790035
6960.03624557
6962.48976463
6962.18957312
6960.11084216
6955.95798026
6960.19590026
6960.46314605
6953.41886643
6945.57121155
6939.14268313
6941.17778382
6948.86834189
6959.59840965
6972.49712432
6979.29843358
6979.86766907
6989.88445178
7001.98512302
7004.52474563
7000.7439188
6984.60408919
6972.59023241
6972.71462047
6977.8217793
6977.83274262
6969.46562281
6961.21325197
6963.04002166
6968.42507597
6964.23034714
6958.16299502
6951.30259673
6956.36248016
6966.81987273
6977.97313309
6977.75545573
6967.76407057
6961.02495883
6967.22254657
6983.77303729
6994.63660249
6989.71404983
6980.00702803
6970.1850133
6969.665862
6975.1713665
6984.92800553
6990.49409057
6987.91566072
6980.302515
6975.51943979
6974.52814078
6972.8646082
6971.69885785
6968.32559759
6962.27541182
6957.07276823
6951.64089154
6949.46656432
6949.24452394
6950.43300245
6951.34002397
6956.55538724
6961.38205786
6965.64263633
6970.94518345
6975.29815213
6978.56979431
6978.99836752
6978.68896207
6976.0739065
6972.77384193
6973.83147147
6977.31954344
6978.10269963
6979.1370992
6978.86089735
6975.73353472
6971.00876096
6964.82376048
6962.18487555
6962.17476949
6960.53782628
6961.19122078
6961.47105383
6961.57844282
6961.50050077
6961.72104268
6962.95749356
6965.37229599
6968.06921057
6970.01879317
6972.08187019
6973.97792557
6975.40970202
6975.53320492
6975.14663804
6976.25482572
6975.61018515
6973.18509545
6970.26603595
6966.15701339
6962.35937567
6956.35995016
6950.05932949
6942.13721741
6935.91059394
6932.31573935
6931.84370316
6932.69757382
6935.78670073
6938.87607855
6947.12413515
6956.25829723
6963.89744686
6969.65382535
6970.56795595
6970.45591121
6970.50418329
6970.66571979
6968.57362794
6964.12349482
6958.49020106
6954.96884882
6951.87430646
6947.84394383
6940.60298652
6935.07603629
6932.34715175
6934.82386594
6939.5742324
6944.66216186
6951.52584984
6959.35575292
6966.62302777
6973.42377249
6977.90542952
6978.40061903
6979.12217012
6979.86430968
6979.95665808
6979.79758884
6978.78917227
6976.39937012
6975.25876641
6973.43780944
6972.40403017
6974.26935619
6977.08743185
6978.52154315
6979.33388143
6977.79812417
6976.74185372
6976.72464555
6975.60937667
6973.29011474
6970.86162384
6969.5237779
6969.48569552
6972.7420462
6976.0346323
6978.80535589
6980.47933604
6981.44568356
6981.56908889
6982.61130148
6984.95887429
6986.14831461
6987.30833588
6988.98931359
6990.23736204
6992.20019401
6992.37299354
6990.40608429
6984.37260487
6979.55284121
6975.70662475
6972.30789027
6968.19586378
6964.04278581
6960.21201418
6957.664704
6957.92736374
6960.24721809
6961.89331947
6963.37685284
6964.26670104
6966.67221288
6970.34139921
6976.29585628
6983.07528072
6988.88761884
6993.91454957
6997.97130643
7002.13395378
7003.53877146
7002.86989031
7000.42527852
6998.20583649
6994.93285613
6990.22496296
6986.62471383
6981.92636217
6978.12800657
6977.08357762
6977.89375529
6981.28728341
6983.65558407
6986.69195043
6993.04171439
6998.19104681
7004.16691478
7009.56028393
7014.01810462
7018.81918952
7021.97522545
7024.82237867
7027.09111731
7028.0885357
7028.11421901
7025.54940794
7022.4148038
7019.23192759
7014.80342141
7009.99644713
7005.0588051
7001.43165296
6997.82330506
6998.03773454
7001.96799152
7005.70521596
7008.72841658
7014.09293121
7019.44920767
7024.88868133
7030.54731688
7036.86072693
7042.46918768
7047.25698835
7050.30190652
7053.49869423
7054.42440846
7052.305553
7050.02820679
7048.74836262
7047.5302002
7045.29495092
7040.0750225
7033.20409301
7026.13517553
7020.43915456
7017.93307707
7017.185996
7016.26757904
7015.08166538
7013.47498456
7011.0324567
7010.68076614
7011.66089971
7013.10082372
7014.1337039
7015.40261263
7015.76694621
7016.8488024
7018.27710794
7018.98161814
7020.787423
7024.07437063
7027.27378591
7031.76765384
7036.12988524
7039.27874936
7041.84261952
7044.00870857
7046.22136211
7049.30217419
7050.83634235
7052.80848583
7054.29553889
7055.49913466
7056.92917565
7059.83546668
7063.31278442
7066.67071136
7068.90219701
7068.95084545
7069.93635961
7070.61207106
7071.0112252
7070.91936469
7070.61904075
7069.29117541
7065.89045457
7063.30999654
7060.66395373
7058.4657832
7057.12328152
7054.50741746
7051.99052301
7048.43472657
7045.18092679
7043.00538685
7042.04356266
7042.44944255
7042.32223177
7041.88063221
7042.28015575
7042.0712393
7042.49533796
7043.33138713
7043.58749535
7043.93403531
7043.15183397
7042.2547582
7040.74522789
7038.82103588
7038.05851694
7037.5402717
7037.69320761
7037.57461137
7036.54110392
7035.97021661
7037.17153329
7040.14406425
7044.29379677
7047.51089416
7050.39376703
7052.9508766
7055.77513438
7059.22673396
7061.10820177
7062.28210666
7064.54634985
7066.22876332
7068.9001061
7070.99129189
7073.06519285
7074.36497033
7074.93202431
7074.33980975
7074.01634644
7072.86795062
7071.73412145
7071.05973425
7069.90109298
7067.44176817
7064.11388059
7059.09591288
7054.18109658
7047.44461241
7040.50276632
7036.66559652
7033.46922699
7031.29805007
7028.95313272
7025.10787111
7021.42762388
7019.46115372
7018.70231479
7018.80956437
7019.72440588
7021.77574595
7023.46039669
7026.31324414
7029.27387785
7031.3797418
7033.21399694
7034.98153123
7036.28576932
7037.18251752
7037.61390648
7037.89569105
7037.82499748
7036.93062595
7037.56094381
7038.17767773
7039.48273825
7040.8403781
7041.96810879
7042.06615142
7042.41405047
7041.7380672
7041.55904375
7041.21576561
7041.49670684
7042.03053631
7042.06615142
7042.55603002
7043.18639666
7042.53422186
7041.43837053
7039.80411065
7037.65948825
7035.56888792
7032.39025625
7028.69360237
7024.75572055
7021.61377733
7019.45124282
7017.46152875
7014.90424495
7012.91336694
7011.20168077
7008.95997059
7007.22281717
7005.86406217
7004.52048018
7003.64662742
7003.37597344
7003.51034907
7003.93244743
7006.34891562
7009.04888292
7011.10311541
7012.67205536
7013.63908591
7014.12754269
7014.24118349
7013.66228801
7013.54654933
7013.56461477
7013.77886304
7014.5623468
7014.74808904
7014.7560554
7014.7560554
7015.67566418
7016.55714875
7016.64201169
7016.26442177
7015.97585569
7015.94583724
7016.34996774
7017.4647139
7019.060292
7020.20123723
7020.22925538
7019.54457394
7017.92453223
7016.71520041
7015.89578789
7013.92342138
7011.27251373
7008.53657586
7005.59116396
7004.12067088
7002.98462535
7002.23143186
7001.92567156
7000.92706832
7000.12642518
6998.41575659
6996.96854228
6996.30565506
6996.56016026
6996.7769455
6996.65656501
6997.53291989
6998.80063681
6999.6311381
7000.5674811
7001.76042021
7002.72487197
7003.59302353
7003.26935113
7002.23203823
7001.71173693
7002.44921377
7004.08058123
7005.40622323
7006.33191655
7007.05062401
7007.45803027
7007.31588344
7007.19918296
7006.55546936
7004.80680201
7003.33646924
7001.61990429
6999.96992776
6998.49210954
6997.8231796
6997.81080143
6997.68168096
6997.08467822
6996.40404617
6995.51113131
6993.7252737
6992.69259564
6993.18379849
6994.15748509
6995.03541512
6996.09364406
6996.91870899
6997.61178891
6998.56593947
6999.1714731
6999.61152539
6999.28960238
6997.77136693
6996.73017191
6996.28248781
6996.20812122
6996.60140689
6997.04389856
6996.82033879
6996.01215445
6994.57082952
6992.98261141
6991.55147618
6990.20104298
6988.52257436
6986.67150136
6985.0577951
6983.61562684
6982.89527453
6982.61454936
6981.97075212
6981.52741711
6981.25797587
6980.54883082
6979.0318987
6978.10082478
6977.40366063
6976.87543479
6976.5149694
6976.25065784
6976.35875077
6977.24535109
6977.76036936
6979.45568373
6980.83998962
6981.55121163
6981.72872964
6980.70867369
6979.43701193
6978.57574643
6978.01743244
6977.37268733
6977.36923036
6977.27065107
6977.10202639
6976.80029457
6976.79010488
6976.22181727
6974.61826584
6972.30614785
6971.00195855
6969.24288546
6967.80868356
6967.79132903
6968.2872155
6968.46485896
6968.71558659
6969.04965777
6969.46700281
6969.41403316
6969.17217098
6969.54098607
6970.4248264
6971.0484882
6972.39598715
6973.83155511
6976.46231339
6978.21710012
6980.70818581
6982.08833079
6983.05474801
6983.55170084
6984.76402266
6985.68934659
6988.30274337
6989.85759757
6993.00481685
6995.24243582
6997.66635461
6999.18401855
7000.45336637
7001.12015661
7002.29560877
7003.38445556
7003.93884561
7004.7545851
7006.40159254
7007.29456316
7009.16973735
7010.58652199
7012.10114017
7013.20143816
7013.96726073
7015.13598714
7015.34318905
7014.62518553
7014.18450597
7014.23876501
7014.48207688
7014.18563506
7014.39411243
7014.72543755
7014.90913767
7015.76399106
7016.31465929
7016.89717204
7016.66991136
7015.29797667
7013.19074666
7011.28416008
7009.27932875
7007.53624413
7006.41341313
7005.68206265
7005.70654021
7005.80564223
7005.89121608
7005.90748334
7005.97520782
7005.9922278
7005.38928689
7003.89637929
7002.40246109
7002.14427589
7002.61965056
7003.60186807
7004.05783216
7004.76000055
7005.39542021
7005.64920754
7005.06755206
7004.72525664
7004.71604271
7004.06494821
7003.06805951
7001.57501252
7000.29313319
6999.65599898
7000.15757969
7000.20617934
6999.5904142
6999.14363616
6998.03607575
6996.85233664
6995.59457244
6994.3275734
6993.28221748
6992.19505735
6991.96668849
6992.09748866
6991.83767256
6991.78300231
6991.78300231
6992.06337203
6991.70631481
6990.43778244
6988.92912335
6988.08823722
6987.41163365
6987.20754719
6987.39048064
6987.71096093
6987.38845246
6987.07730459
6986.95394805
6987.19339872
6987.72453788
6988.18928378
6988.71918931
6988.88982126
6987.88818621
6987.86968865
6988.03519788
6987.79539175
6987.05661855
6986.21771879
6984.89881647
6983.62823501
6982.67462809
6982.28610969
6981.33334609
6980.24280567
6977.93030435
6975.55030157
6973.25551023
6971.0451985
6969.73281285
6969.4311786
6969.69907955
6970.61774045
6971.70325572
6972.51654885
6973.56091508
6974.65912216
6976.17674428
6976.88393085
6977.39273913
6978.24222585
6979.10482953
6980.62431256
6982.58389666
6984.08277728
6984.64571914
6985.04968935
6985.27727063
6985.1232823
6984.61358887
6984.80667717
6985.05876388
6985.72992412
6986.15681066
6986.57918782
6987.16606359
6987.27083197
6987.27479773
6987.0343713
6987.09794184
6987.10364305
6987.41642183
6988.45177625
6989.16437826
6989.38374229
6988.94945393
6989.04064536
6988.61630972
6987.88817924
6986.9087984
6985.60315243
6984.68238668
6984.4090215
6984.73595572
6985.01718271
6984.29455828
6982.88110515
6981.42729751
6979.99020319
6978.48429712
6977.56562926
6977.93858434
6978.74880383
6979.00206842
6980.20199116
6981.39990663
6982.69604594
6983.72898885
6984.21262261
6984.80637747
6984.55372621
6984.13333541
6984.70739393
6985.54561067
6986.71748041
6988.14291444
6989.57856603
6989.6560202
6988.62549577
6987.44856604
6986.73431221
6985.67236842
6984.72720876
6983.95188651
6983.34222681
6982.82609339
6982.39354746
6982.78142465
6983.72799218
6984.30679706
6984.38177698
6983.80872907
6983.27430718
6982.55479821
6981.16311839
6980.05743282
6979.11147165
6978.18112258
6976.97768015
6976.04721956
6974.59539829
6972.98735141
6971.91062491
6970.7160758
6969.18416582
6967.57522682
6965.70824899
6963.95362256
6962.83360035
6962.43132378
6962.93468873
6964.0251734
6965.20496768
6965.89324547
6967.13603181
6967.91898587
6968.20062407
6968.0576827
6968.04556938
6967.96803855
6967.57443228
6967.30606436
6967.1278006
6967.11002789
6966.80902092
6966.17321095
6965.49644011
6963.86440356
6962.23507822
6960.99119765
6960.2399487
6959.56341483
6959.2402094
6959.68916895
6960.62917801
6961.71377329
6962.74463923
6964.71693604
6965.83256735
6967.0832364
6968.77213865
6970.61560772
6971.75141628
6973.273039
6974.37839699
6975.24433915
6975.51241434
6975.27785639
6974.00884312
6973.41491401
6972.24050034
6971.8836313
6971.21728712
6971.03003246
6970.69952976
6970.03774375
6969.12120164
6968.50940225
6967.2867165
6966.49157942
6966.5076794
6966.43849826
6967.57531743
6968.76580321
6971.5279262
6973.14372337
6976.35769137
6978.42518718
6980.64862284
6981.33987669
6981.97641151
6982.7236947
6984.33062643
6984.91625463
6986.01849717
6986.94214139
6988.1993968
6988.66916088
6989.26035786
6990.13818335
6991.06894363
6992.3304157
6994.4084009
6995.51976676
6997.12501879
6999.18162794
7002.38864716
7004.92668068
7006.66325561
7009.26973149
7011.6356067
7012.59930574
7012.87317274
7013.53215693
7013.48452606
7012.99975625
7011.62200187
7009.3203872
7006.40949617
7002.83626156
7000.50881722
6995.95659905
6992.12376439
6988.03433364
6985.23045523
6984.37752547
6984.51518382
6985.20385889
6986.18061216
6987.55385715
6989.34638475
6991.49042169
6994.59948192
6998.38635146
7001.03353033
7004.63488067
7007.43643817
7010.38010068
7013.82761602
7017.18200237
7019.22644244
7019.99908834
7019.98484229
7019.23108426
7017.91126194
7015.8300219
7013.41620916
7011.27632615
7009.00547569
7006.31263839
7003.12154491
7000.56845686
6999.00647963
6997.16699723
6995.46874862
6994.33120461
6993.15453276
6992.43858529
6991.22314802
6990.56720959
6990.28015593
6990.47738422
6990.80563571
6990.77370059
6990.90910773
6991.00627218
6990.72878094
6990.53340659
6990.72140004
6990.76271636
6990.48091786
6989.72278983
6988.18185409
6986.55803481
6984.94980672
6984.09205394
6984.02373007
6985.38354447
6986.94239927
6988.00194549
6989.26047635
6991.07141787
6993.40745584
6995.92807907
6998.14919382
6998.84515222
6999.0134075
6999.09983166
6998.7682626
6998.84267101
6998.92673941
6998.92998728
6997.24164958
6994.59332768
6991.81263743
6989.26160544
6987.58342257
6986.05495561
6984.15211873
6981.6007731
6978.75476291
6977.22865171
6976.39608739
6976.29925052
6976.5923469
6977.0753255
6977.22179354
6977.37710611
6977.90115013
6978.56251796
6979.37829229
6979.60164995
6978.92904698
6977.32847858
6974.66686549
6972.1259256
6970.13952214
6968.47732774
6967.00040164
6965.3619251
6964.19455778
6963.04765347
6962.57597273
6962.38681534
6962.79447251
6963.00431594
6962.77301284
6963.10697947
6963.69356252
6965.19286829
6966.79395942
6969.12647072
6971.1677605
6972.23523125
6972.61584602
6972.71816804
6972.64759993
6971.79368048
6970.17754179
6968.71608144
6967.12897848
6965.52311312
6963.84354328
6962.44738195
6961.45838294
6960.74628971
6960.06981857
6960.1771727
6960.92541771
6962.26136092
6963.83906874
6965.17011226
6966.50847395
6967.93202616
6969.71015438
6971.70770936
6973.73972944
6975.77188893
6977.27371773
6978.16782441
6978.1449011
6977.69631094
6976.93054413
6975.8913076
6974.0884997
6972.23194853
6969.53985698
6967.50213568
6965.7233314
6964.60271676
6963.18159697
6961.5045641
6960.13304063
6959.17755189
6958.32724274
6957.56060471
6958.11343356
6959.24809212
6960.50614904
6962.2240452
6964.52033503
6966.88473963
6968.59010429
6970.12439791
6971.21222712
6972.30005634
6973.11452037
6974.01806401
6974.80796686
6975.42860382
6975.67189479
6975.08199416
6974.52590351
6973.47496486
6971.7493881
6969.88806269
6968.29267277
6966.17381731
6963.88773112
6962.25572941
6961.5311465
6960.82943114
6960.58048776
6960.68644795
6960.30737348
6960.30369349
6959.64060415
6958.72008234
6958.19923741
6957.77359147
6956.95183017
6956.26580359
6955.59127002
6954.36974821
6953.64384803
6952.50706371
6951.70598148
6950.79266633
6949.86293059
6948.26186038
6946.72017889
6945.78667255
6945.45138864
6945.92072757
6946.29711871
6946.99159953
6948.38889692
6950.47174696
6952.8091231
6955.10918353
6957.39368761
6959.4741331
6961.09890027
6961.94809427
6962.09002503
6962.15608376
6962.5038922
6963.31970835
6964.18583173
6965.03209846
6965.43008866
6965.15507864
6964.81732746
6964.22840956
6962.81001492
6959.89646844
6957.9192789
6956.30105628
6956.38030165
6956.46943005
6956.1602546
6957.303458
6958.1831444
6957.9548522
6956.55542208
6954.96045035
6953.57965021
6952.30190391
6950.44608456
6948.72098174
6947.89951316
6947.151303
6946.60424507
6945.45966166
6944.11920907
6941.22849529
6939.26192059
6936.39571921
6934.36102276
6932.6524172
6931.09540936
6930.71337974
6930.89572774
6931.6122746
6932.52390308
6933.71529492
6935.43747744
6938.00723003
6939.97084261
6942.25816244
6944.28301769
6945.64223269
6948.3126276
6949.86648514
6951.62805337
6951.95141214
6952.20519946
6952.37881444
6951.76371839
6950.69845703
6948.59762519
6947.24494776
6945.2209219
6943.71261826
6941.83117832
6941.06879181
6940.18483997
6939.98181987
6939.68078502
6939.55748423
6939.54402576
6940.32035862
6942.02336752
6942.90861573
6944.3458146
6945.74647835
6948.52898072
6950.64426072
6953.24326509
6954.03705006
6953.43044309
6952.71605683
6951.64642548
6950.3311474
6947.94234888
6945.81077374
6943.79971151
6941.51407137
6940.32918225
6938.07043814
6936.45234794
6935.25680914
6933.9145723
6931.28443432
6929.69470379
6926.91672475
6926.07289045
6926.09315133
6926.48461791
6926.83119272
6927.47196511
6928.8217083
6930.33227709
6931.63161549
6932.8259346
6934.08130122
6935.06093297
6936.77498883
6938.2815849
6939.9305578
6942.45977466
6945.23640158
6947.33907342
6949.28566602
6950.68814886
6952.29451604
6953.65160529
6954.78824324
6955.49145709
6956.5428627
6957.5315899
6958.52651314
6958.96476725
6959.02750143
6959.36622836
6960.29079259
6960.13784274
6959.63742597
6959.04959535
6958.2148077
6957.45072755
6956.61087991
6955.84594249
6955.244284
6954.49745384
6953.19743241
6951.92335217
6951.34065124
6950.90931106
6950.86023051
6950.63760467
6949.94319354
6948.52787951
6947.36744006
6946.77103672
6946.76189945
6947.48158964
6947.97661187
6948.33009364
6948.39259782
6948.73487233
6949.29335359
6951.03440306
6952.79698887
6954.55624317
6956.00344354
6957.6210389
6959.24699091
6960.53049417
6961.7797414
6962.92203178
6963.96066195
6964.04652853
6964.21358503
6964.29931919
6964.46672417
6964.63502825
6965.45024501
6965.41330565
6964.61222342
6963.4512264
6962.26856061
6961.32013914
6960.7772212
6960.1176864
6960.12465609
6959.98326199
6960.55900717
6960.71789519
6960.94955375
6961.2024141
6961.81762167
6961.77627747
6960.8961032
6959.88234785
6959.70880257
6959.49973278
6958.83187617
6958.75504231
6958.63618122
6958.26464098
6958.10993477
6957.69281276
6957.51468143
6957.10184578
6956.79050973
6956.14832249
6955.51436646
6954.92206826
6955.28126518
6956.37611287
6958.05686755
6959.57874118
6961.34499305
6962.87228213
6963.50568059
6964.41504392
6965.10623505
6965.0746275
6964.91310494
6964.74344177
6965.11034717
6965.15420045
6965.60451213
6966.63216504
6968.10118054
6969.18155915
6969.1041259
6967.55037291
6965.63243967
6963.61768351
6962.01170663
6960.84072204
6960.36640676
6960.30369349
6960.91959802
6961.74907477
6962.25804335
6962.94988266
6963.57804688
6964.30329888
6964.47290629
6964.211062
6963.48258304
6962.89454332
6963.09164615
6963.45072458
6963.70436554
6963.79002303
6963.04639196
6961.96013092
6961.10721511
6959.94007779
6958.83747283
6956.94747412
6954.9273025
6953.36916557
6952.31481875
6950.99675976
6949.11597498
6948.30256337
6947.62679616
6947.91096436
6948.62635426
6949.31314054
6949.7012756
6950.18218421
6950.19298026
6950.32072771
6949.92907295
6949.28299663
6949.36491837
6949.41288377
6948.93723031
6948.00817063
6947.9312601
6948.09975933
6948.33544636
6947.670984
6946.67362136
6945.91738909
6946.0775665
6947.39769548
6948.9866245
6950.33789406
6951.68662665
6953.19964877
6955.0452645
6956.08714255
6956.77795035
6957.05369219
6956.99138316
6957.84638291
6958.62037396
6959.53453941
6959.92883568
6960.34277951
6961.14191719
6961.98641362
6961.64560275
6960.33047801
6958.96561058
6958.19315287
6957.80421629
6957.03782221
6956.90051931
6957.04056827
6957.41884819
6957.35750098
6957.46273633
6958.10890326
6959.00484297
6960.40467733
6961.66081061
6962.97618627
6963.87103871
6965.21807766
6966.80559183
6969.44089435
6970.87523564
6972.12421106
6974.06216821
6975.7539141
6978.10297145
6979.48179219
6981.56347829
6982.54612791
6983.15414973
6983.58643081
6984.16508235
6984.8348138
6984.89191647
6984.20041171
6984.35522247
6984.53268471
6984.7775578
6985.18070558
6985.38028265
6985.40206293
6986.13217978
6986.32504504
6985.76300227
6985.22999523
6984.15597297
6983.88638536
6984.01045978
6983.90340534
6982.84289731
6981.91500854
6981.00095461
6980.33904315
6978.61649123
6977.642721
6976.04617411
6975.61794938
6976.0067396
6976.90257477
6979.2018058
6981.52914559
6983.6889201
6986.7160795
6988.25639493
6990.84040053
6992.31563996
6994.87458255
6996.45163522
6999.15199282
7000.91896954
7003.53861813
7005.01023333
7007.19937811
7007.96812794
7008.70960538
7008.65092059
7008.92470396
7008.89711095
7009.24827878
7010.03121891
7012.44884407
7015.36717176
7018.18510803
7020.276482
7023.1253637
7025.06739812
7028.05778543
7030.06712615
7031.75945749
7032.71407502
7033.14319883
7032.75558649
7031.76873414
7030.47205817
7029.11748498
7027.50499841
7024.85066167
7021.98895574
7018.86744068
7015.16369166
7011.87019253
7009.15528918
7007.99859246
7005.69539567
7005.16788074
7004.74590783
7005.50038374
7006.73344039
7008.61649033
7010.40508005
7013.16346032
7016.03335564
7017.78759873
7019.68911137
7021.55859132
7022.98063111
7024.1169624
7025.28773093
7026.5422821
7026.96274956
7026.16637187
7024.94310764
7024.22710441
7023.29133989
7022.20814552
7020.4984039
7019.24176879
7018.00756912
7017.00225406
7016.7966273
7017.19065872
7018.34857514
7019.50762762
7021.0553588
7022.58091939
7024.51865351
7026.70718496
7030.05545889
7033.67658224
7035.76072864
7038.51106589
7040.17999997
7041.62500489
7042.58861332
7043.2069224
7043.10228645
7042.16831314
7040.62316771
7038.56601492
7035.85541187
7033.51088483
7032.11285562
7030.77201969
7030.21753206
7029.00244327
7028.57906945
7029.03431567
7029.97905018
7030.50470419
7031.20581319
7032.2420667
7033.47865698
7035.36048025
7037.72981242
7040.38467886
7042.89194817
7045.21354494
7047.03730372
7047.88189076
7048.34460848
7048.83151102
7048.89382005
7048.45082655
7047.10944001
7046.00753203
7045.48612952
7046.04008048
7046.95575835
7047.56253956
7048.94825333
7050.14697031
7051.01602096
7051.70581118
7051.99575028
7052.32597419
7052.96850991
7054.47424174
7056.82832423
7059.50092156
7061.91041309
7064.12956239
7065.23941582
7065.01861604
7064.45372267
7063.71981431
7062.60675482
7062.12075834
7061.01940792
7059.68185471
7059.42265194
7059.49025794
7059.84424849
7059.39853682
7057.65897189
7054.70417181
7051.22671469
7047.34696705
7043.95196135
7041.69789391
7041.13062387
7041.72021086
7043.31440896
7044.75114086
7046.0216805
7047.94085433
7050.36874585
7051.69361422
7052.56217699
7053.1688885
7053.60330928
7054.64862338
7056.05468864
7058.40939841
7060.70695672
7063.36199043
7065.24248249
7066.35087229
7066.04385744
7065.31977635
7064.63096189
7064.09812909
7063.80345059
7064.11422907
7065.37873993
7067.51209234
7069.7949446
7071.73649114
7073.18862606
7074.06910699
7074.4286036
7074.54903985
7074.43438845
7073.73958005
7072.82850217
7071.83330014
7070.55924081
7069.07748471
7067.7647436
7066.4157601
7064.48369234
7061.96540395
7059.76207585
7056.91760596
7054.8529747
7053.22569147
7051.69988694
7050.65220314
7049.79479187
7049.25979847
7049.519977
7050.08507946
7050.82700296
7051.13799053
7050.79842723
7050.08305825
7048.44594777
7046.45505582
7044.42659027
7042.61279815
7041.11986267
7040.24357052
7040.31786044
7040.50209026
7040.12301579
7039.4799434
7039.14081223
7038.550361
7038.20775892
7038.21879194
7038.76374503
7039.83081154
7041.66227183
7044.40043303
7047.17286419
7049.63030719
7052.15758648
7054.02253613
7054.06198458
7053.4071125
7052.32478934
7051.30888733
7051.65521123
7051.28435402
7050.78295452
7049.88776754
7048.34216908
7046.81552819
7045.2952994
7043.69978403
7042.09594685
7039.82451791
7036.87180874
7033.6836495
7031.0501591
7029.44740919
7028.7917147
7028.70771599
7028.35762149
7027.86574956
7027.08262822
7026.4426922
7025.71447111
7025.35734419
7024.49968202
7023.68374041
7022.1272553
7020.54711506
7019.4163874
7018.72594203
7018.32664849
7018.24397403
7018.49777529
7018.24656676
7016.82350242
7015.0586654
7012.95930416
7012.8023119
7013.04102378
7013.37295527
7013.71074826
7014.12707572
7014.08181456
7015.31261302
7017.12537363
7017.84088898
7018.13055627
7018.30850639
7018.47676168
7018.12962233
7017.05061674
7017.0274007
7017.62785344
7017.59048893
7016.78555943
7015.43568381
7013.44173217
7012.43258378
7010.64241891
7009.36057443
7008.12547567
7007.39395094
7007.73449697
7008.39338358
7009.26748725
7010.13289275
7011.75798052
7013.16958668
7015.39874445
7017.89876529
7018.82836163
7021.00730975
7021.63074852
7022.22104642
7022.64904114
7022.99078595
7022.44779831
7020.74227335
7019.44175011
7016.76697127
7015.60985636
7014.82856805
7014.60233192
7014.88842375
7014.47458447
7013.59507232
7013.40473008
7012.58659999
7012.82172248
7013.67652011
7013.96277225
7015.19564769
7015.64742299
7017.15840997
7018.65580604
7020.50699056
7021.63242125
7022.02063995
7021.46615929
7019.23413001
7016.47784762
7013.68598495
7011.74450114
7008.94575939
7006.84830088
7004.30072585
7002.52710702
7001.57227343
7000.73156851
6999.97259018
6998.88471915
6997.38080641
6996.18618063
6994.68470729
6994.19514232
6994.00934433
6993.99639464
6993.76381609
6994.35505489
6995.25942793
6995.50792525
6994.92770553
6994.6234228
6994.07539608
6993.11718219
6992.24843821
6990.82787599
6989.87826967
6989.3155369
6988.66792724
6988.20127862
6987.63887342
6987.32320919
6987.20674567
6987.12124152
6987.10364305
6986.50358062
6986.47064884
6986.57413479
6986.85444178
6987.7102082
6989.23970667
6990.54994566
6991.77766353
6993.20902876
6994.14353177
6995.48169134
6996.74978462
6997.53047353
6997.24827775
6997.14924543
6996.74946401
6996.01402929
6994.63325007
6993.58116839
6992.18494433
6990.67178282
6988.77535108
6986.83161605
6984.74026299
6982.40739623
6979.82341154
6977.49366721
6975.49798708
6973.41039068
6971.79210533
6970.83188417
6970.54380597
6970.02788164
6970.53889931
6971.2990137
6971.92490581
6971.90967006
6971.3395076
6971.19449623
6970.59994683
6970.49378451
6970.90381834
6971.73610387
6971.3820018
6971.00265552
6970.77029999
6969.76420433
6968.25665341
6966.16428278
6963.97274042
6961.13426447
6959.70394469
6959.14676677
6958.71901598
6958.99882813
6959.87640967
6960.88140412
6961.43916053
6962.39536018
6964.30280403
6966.25716784
6967.98189429
6970.11017974
6971.9481079
6974.15713721
6976.0129496
6977.57614652
6979.09949772
6979.50128641
6980.22666387
6980.65847798
6980.72270367
6980.31484438
6980.00951621
6980.09147976
6979.59490329
6978.05890907
6976.54491119
6975.23648431
6974.1602666
6973.59475292
6973.04422408
6973.06481254
6973.56865143
6973.32732592
6974.30879766
6975.48385255
6976.34091533
6976.62469323
6976.9558232
6977.21514445
6977.54646261
6978.03790242
6978.3914957
6978.50165165
6978.6605118
6979.20238429
6979.64611657
6981.01908277
6982.6844902
6984.23060441
6985.53702401
6986.30938415
6987.40646911
6988.79768196
6989.75133768
6990.93904952
6992.27511121
6993.76380912
6995.21906645
6997.05578189
6999.19868974
7001.06989121
7001.87168434
7001.99251089
7002.18469312
7002.33272934
7001.9976127
7001.99251089
7001.99251089
7002.15634739
7001.59761522
7001.32796489
7000.75608091
7000.48091755
6999.6029457
6998.90613004
6998.30817942
6997.25947108
6996.31288263
6996.73196312
6996.72902191
6996.49675699
6996.09724739
6995.09645566
6994.64454793
6994.37733699
6994.26515983
6994.18104961
6994.6500749
6994.89890677
6995.06764297
6995.10142505
6995.16829226
6995.78654558
6996.482727
6996.96255531
6997.51611597
6998.23854525
6999.12881163
7000.44435456
7002.33008782
7003.76442912
7004.28057648
7004.86890892
7004.96725822
7004.88919072
7004.96592004
7004.81094898
7004.56243074
7004.38844637
7003.90863897
7003.24710388
7002.80098099
7001.54276376
6999.2851139
6997.51765627
6995.15984499
6992.70850745
6990.84321628
6989.93939385
6989.68219835
6989.79988157
6990.25287657
6990.26710868
6989.69210228
6989.154551
6988.30206034
6987.78283237
6986.95176654
6986.49406699
6986.35587198
6986.80462941
6987.39642579
6988.25214342
6988.98704147
6989.46972038
6989.57127573
6989.5075658
6989.06219564
6988.64015303
6988.63573425
6989.46383796
6989.97893987
6990.64906163
6991.64753942
6992.42052682
6993.02084016
6993.76992851
6994.06064821
6994.70127424
6994.60741343
6993.98008557
6993.15360579
6991.86072132
6991.69825785
6991.77148141
6992.14746831
6991.84660073
6992.21524158
6993.2215533
6993.47044093
6993.13254339
6992.57036819
6992.46430345
6992.67159597
6992.72020259
6992.17577222
6992.17348616
6992.543967
6992.50092917
6992.59633725
6992.04188448
6991.08292483
6989.09090379
6987.45090785
6984.66361731
6982.5304949
6981.06862333
6980.47619968
6979.6348187
6978.62321699
6978.26641068
6977.92959344
6978.15854775
6978.00986336
6977.44046756
6977.00811678
6976.7441328
6974.93343522
6974.30438585
6973.79782181
6973.82259209
6973.90675807
6974.06701215
6974.38363819
6974.50142596
6974.14691964
6973.86913568
6973.11142583
6972.12384167
6970.75418607
6970.1613303
6969.5992248
6969.83983244
6970.74499305
6972.65046447
6975.37909114
6977.44537422
6980.85195658
6982.92596208
6984.33475249
6985.3607257
6986.42245343
6987.06917793
6988.02917606
6988.87354704
6990.59471895
6992.0363366
6993.80838725
6995.24936369
6995.854054
6995.7852074
6995.04439208
6993.87645325
6991.64291851
6988.55636342
6985.98721023
6984.56011741
6984.0729779
6983.41476735
6982.81644734
6982.30208422
6981.18069594
6980.53060508
6980.69453219
6981.17286898
6981.30852006
6981.244148
6981.3805518
6981.54923224
6982.29735877
6983.07130799
6983.68903859
6983.36073134
6982.85371427
6981.57927161
6980.55543808
6979.83160093
6979.22201093
6978.90228337
6978.10635871
6977.24181049
6976.66193925
6976.75400189
6976.61008476
6976.81722394
6977.54893685
6978.33103364
6979.74107859
6981.60750582
6983.23657328
6984.89083617
6986.49554457
6988.18466288
6990.20843782
6991.32659913
6992.50804522
6993.61070594
6994.54741833
6994.83355199
6994.68617789
6994.04074975
6993.36338649
6992.45131195
6991.91146764
6991.40282663
6991.12731478
6991.17961534
6991.03661124
6990.79144542
6990.16167817
6989.48509552
6988.88117188
6988.5111371
6988.02504304
6987.44432847
6986.77629065
6986.38640619
6986.41168526
6985.47869468
6983.72910036
6982.01273057
6979.82447791
6977.32913373
6974.5794377
6972.27403849
6969.86835241
6967.69014307
6966.0516038
6963.98495829
6961.78351898
6960.2523896
6959.36364261
6959.19699732
6959.00033358
6959.20481731
6959.93437658
6961.16965656
6962.58841363
6963.83642026
6965.32093635
6966.50261941
6967.59996922
6969.27765027
6970.80259056
6971.09929027
6971.51489288
6971.77579626
6971.22955377
6969.60287692
6967.67294188
6964.86322984
6962.14462559
6959.82464578
6957.54087352
6955.25653672
6953.42716733
6952.48342252
6951.86367071
6950.74632486
6948.96558998
6948.28932793
6948.51605194
6948.78166683
6949.03606748
6949.36082019
6949.34161869
6949.39893045
6949.34254566
6949.46933129
6949.01015417
6949.04230535
6948.72893415
6948.23593313
6947.72800303
6947.6940467
6948.04811392
6949.34299172
6951.00110885
6952.62965359
6954.63472885
6956.42501918
6958.38012874
6961.19069805
6965.01423514
6969.3375896
6973.80811604
6977.72874788
6980.93654073
6984.14547661
6986.61185475
6989.64047082
6992.3558481
6993.84340298
6993.90998443
6993.7504064
6993.42179946
6993.63780409
6994.52050139
6994.35607943
6993.1683885
6992.05409537
6990.26027838
6988.70483872
6986.87532298
6985.92117241
6984.84977076
6984.34839217
6983.5535966
6982.85472488
6982.91123512
6983.51890845
6984.19668293
6984.15188176
6984.12587088
6983.62635319
6983.74347187
6984.56450832
6985.98849962
6987.23299353
6988.28034278
6989.36527958
6989.98414623
6990.42390579
6990.09812157
6989.79399218
6989.80967398
6990.16308605
6991.12049843
6992.02214631
6992.6059624
6992.58794575
6993.07288284
6993.36002013
6993.78830758
6994.23254865
6994.7218418
6995.6780972
6996.80244062
6997.39550549
6998.15390533
6999.16607159
7000.01442923
7000.36625221
7000.54029234
7000.14035759
7000.28243472
7001.33666306
7002.19712705
7002.64586357
7002.5164434
7002.1119435
7001.6101746
7000.48535027
6999.37809653
6998.96518422
6999.23343365
6999.72209255
7000.37994765
7001.94886669
7003.34549499
7004.62634977
7005.60396728
7005.3733263
7003.57870082
7001.18953987
6999.51829185
6998.41945749
6997.26122047
6995.86314247
6993.93422501
6990.71705095
6988.62744031
6986.43520099
6984.01052948
6981.55417375
6978.89517429
6976.45352461
6975.22132524
6973.75564822
6973.14067065
6973.92377805
6975.02450119
6976.3227105
6976.57396085
6976.42490706
6976.64091866
6976.85174482
6978.24838706
6978.67541996
6977.59614953
6977.65804734
6977.90799437
6977.58816923
6976.84257968
6976.64828563
6975.91683757
6975.55454611
6974.66279519
6974.43955602
6974.19337263
6973.62891137
6974.80919353
6975.70399718
6977.3874561
6978.40793023
6980.54280204
6981.85531315
6982.89212423
6983.09444039
6983.61892351
6983.62780986
6983.90613049
6984.02821158
6983.96968709
6983.95638196
6983.81380301
6983.85678509
6983.24108964
6982.47885646
6980.74846365
6979.14551161
6977.75882209
6977.2864165
6976.76270006
6976.63990109
6976.9736447
6977.19747629
6977.30048134
6977.58204288
6977.2043484
6976.87040268
6977.00305679
6977.57631379
6977.82948778
6980.18838633
6981.38300513
6982.48173495
6983.0044826
6982.12030076
6981.67776726
6981.1749111
6980.26814746
6977.19201902
6976.03210927
6975.25238217
6974.72530634
6974.21803836
6973.94075621
6973.30524594
6972.77943162
6971.89472705
6971.26520374
6970.30031288
6969.50837489
6969.26046998
6969.60157358
6969.80812035
6969.68868077
6970.23583628
6971.2685004
6972.86476153
6973.78439819
6974.26642892
6974.0630673
6972.96329204
6971.5562789
6970.11781852
6968.54197858
6967.60837467
6966.50956122
6965.72512261
6965.2469043
6964.8891292
6965.0104506
6965.06779721
6964.48055901
6963.39461161
6962.5954321
6961.34069972
6960.79307724
6960.64472042
6960.72814064
6960.89562229
6960.98294553
6961.56198738
6961.08816694
6960.4173064
6959.74179708
6958.82306648
6957.49431599
6956.06356409
6954.78427749
6954.29789767
6953.87513719
6954.22355896
6954.9528952
6955.18107588
6956.18303852
6956.98127014
6958.34171181
6960.07719947
6961.70722178
6963.38899404
6965.8119998
6967.77014117
6970.06549009
6972.2925918
6973.99483404
6974.89506011
6975.23357795
6975.41819807
6975.23896552
6975.40083657
6975.10412293
6974.40637332
6972.89461271
6970.65783707
6968.55588311
6966.32096141
6964.36684851
6962.43648832
6960.42205276
6958.38919631
6956.61750808
6955.3779975
6955.37182933
6955.90195092
6956.13423675
6956.30375355
6956.88919357
6957.64569069
6959.38927713
6961.48725139
6963.51779391
6965.38423507
6966.92569353
6968.44716292
6969.10555469
6970.39717067
6970.97645645
6971.56101829
6972.30520694
6971.93131792
6971.3495788
6970.38589371
6968.77981925
6967.60224831
6966.94091533
6966.1315113
6965.06923993
6964.25459469
6964.3459046
6964.5288032
6965.11939382
6966.42342979
6967.65445129
6969.45914797
6970.78958512
6971.63479943
6972.39682352
6972.89062605
6972.64773236
6971.69445997
6969.93728961
6967.72825334
6965.31196636
6963.24457509
6961.36060516
6959.17981704
6957.67437793
6956.0768065
6954.05794519
6952.60844482
6950.92774589
6949.40056833
6948.20192801
6946.78080125
6946.21638879
6946.80834547
6948.10895932
6949.77080523
6951.7683393
6953.64652439
6954.74793056
6955.68717992
6955.71924747
6954.81725109
6953.65459529
6952.98452929
6951.66397516
6950.80423602
6951.26389404
6951.72687661
6952.64513327
6953.80159302
6954.56763165
6955.1748171
6954.86960044
6954.36213034
6954.05839822
6953.94006682
6953.98971192
6954.67525063
6955.65500086
6956.6047187
6957.73188485
6958.915617
6959.58511845
6959.70880257
6959.53767577
6959.11595377
6958.52770496
6958.18544439
6957.8476514
6957.99993215
6958.57164886
6958.68179784
6959.08341925
6958.79729954
6958.85085464
6959.47669795
6959.84550607
6960.03041891
6960.35126162
6960.68968189
6961.40158693
6962.16258648
6962.26117971
6962.04139054
6961.78692716
6961.38876967
6961.25256799
6961.52456711
6962.64254721
6963.41976522
6963.88711081
6964.17037295
6964.56203468
6966.01296384
6967.9776149
6970.27929927
6972.58115788
6974.46491872
6976.90420567
6979.13317526
6981.63923185
6984.00286282
6986.09497557
6988.12653566
6990.49682269
6991.68111938
6994.35766852
6997.13787786
6999.43276678
7000.57689018
7001.03240821
6999.70533742
6998.58426975
6996.70243951
6995.14698592
6993.08365798
6990.3552195
6989.54822697
6988.50167923
6986.57479691
6984.76981448
6983.14251731
6981.24209891
6979.22365578
6977.26529137
6975.10355838
6973.90788019
6973.60376473
6973.64742984
6973.73192339
6974.51162261
6975.3037697
6977.09267306
6978.57885491
6979.32414477
6980.85610354
6982.50038584
6982.98299505
6983.87560325
6984.97586639
6985.88127094
6986.40552405
6986.95615744
6987.69867336
6987.70019973
6988.45026383
6989.7872734
6990.64642011
6991.16529959
6992.7209344
6994.48571567
6996.97353954
6999.03458142
7001.53049014
7003.36586042
7006.52294878
7008.44328656
7010.74713153
7012.28698696
7014.69214334
7015.89887547
7017.42730758
7017.79424084
7019.04991413
7020.0550898
7020.1997945
7019.70451439
7017.49501114
7016.00503082
7014.04276338
7013.23637025
7011.42878115
7010.19587784
7008.30320276
7007.46151512
7006.28873932
7005.66182267
7004.91070615
7004.25923529
7003.60270443
7003.24653236
7002.03527691
7000.55193869
6999.53987698
6998.94274879
6999.26056665
6999.35217626
6998.94969757
6998.44771959
6998.02105607
6997.91566042
6997.43932393
6997.39956185
6996.93502504
6996.58220539
6996.54877179
6996.24616876
6996.35757925
6997.12219606
6998.63245819
7000.09037097
7001.09154603
7002.74182226
7003.58590748
7004.54740409
7005.56230944
7006.29770234
7006.55640329
7006.51818151
7006.22705756
7006.50315486
7007.06252824
7007.78838661
7008.35011574
7008.65814816
7008.38468541
7008.02678485
7007.55866563
7006.98701165
7006.52289999
7006.4176298
7006.75437037
7007.0071889
7007.42514727
7008.01126336
7009.08719531
7010.26499625
7011.12815751
7011.41967176
7011.04512759
7010.38839461
7010.02137074
7010.37419039
7010.49312815
7009.66811897
7009.71620286
7010.40869732
7009.76024433
7009.42965103
7009.02947931
7008.4603623
7007.86880986
7006.91932899
7006.54431785
7006.14924794
7005.79627496
7005.38834598
7005.37973841
7006.08130044
7006.99597467
7007.99365095
7009.54466485
7011.17029626
7012.77867768
7014.78092325
7016.57120661
7018.65290665
7020.40335824
7021.88356706
7023.09084979
7023.85012782
7024.85841196
7026.36711288
7027.63931827
7027.84910594
7027.69661609
7027.92750798
7027.62640344
7026.58180024
7024.70700939
7022.84150913
7020.6773716
7018.93600849
7017.01827738
7014.84809015
7013.31914229
7012.02815358
7010.3895237
7008.32837728
7006.1360125
7004.15105873
7002.85272397
7001.81147319
7000.58213836
7000.23471325
7000.55768869
7000.63157437
7001.66770243
7003.20847785
7004.33797188
7005.88921578
7007.24575442
7008.44824201
7009.76487918
7011.57500525
7014.17127053
7016.96633228
7019.63563991
7022.45368073
7024.78624779
7027.82108779
7030.19485269
7032.06345445
7034.08312425
7035.94670784
7037.96522764
7038.86902219
7040.0289877
7041.28956765
7043.25915326
7044.9760876
7046.51213758
7047.7280697
7048.23037526
7048.57649006
7048.69218692
7048.70298994
7048.70298994
7048.48462955
7047.79839387
7046.89449477
7045.25445702
7043.40638796
7041.19438957
7039.46625493
7038.20354225
7035.71134838
7033.53327147
7031.36656212
7029.50296459
7027.59348559
7025.51577918
7023.13783247
7020.35746283
7017.54759049
7014.62673977
7011.98425847
7009.65244414
7008.04786817
7007.19610235
7007.6005674
7007.19442963
7006.604989
7006.66895682
7007.08071913
7007.74877089
7008.34476999
7009.74456253
7010.78255846
7011.72017692
7012.73007803
7013.7446558
7013.2708284
7012.83472793
7012.56605335
7012.38981776
7012.06850809
7011.73042933
7012.06586657
7012.48795797
7013.49834696
7015.17775649
7017.16623693
7018.9064361
7020.38203098
7021.9584982
7023.35473619
7025.53521068
7028.17553834
7031.08696604
7034.38493274
7037.63505252
7039.91946599
7042.34825659
7044.75833358
7046.34577108
7046.40034375
7045.60816879
7043.90191201
7042.01581632
7039.89514177
7037.81546294
7035.2800779
7033.24730509
7029.97205261
7027.50517265
7026.69631225
7026.0179802
7025.50441162
7024.7598257
7023.05595255
7021.20622471
7019.35173656
7018.26208826
7017.70354427
7016.74762341
7016.10756193
7015.58938638
7015.59455789
7015.02719028
7014.9971091
7015.5812876
7016.04565017
7016.25708965
7016.21688848
7016.1326319
7016.11699192
7016.93742897
7018.08852904
7018.86869522
7020.08082189
7021.03539063
7021.48582079
7022.02007541
7022.2219943
7022.04929932
7021.60259098
7020.96665555
7018.86158614
7016.50366335
7013.72670188
7010.52992114
7007.56592107
7004.124323
7000.17931119
6996.68264559
6991.8706601
6989.56270302
6986.82429091
6984.96681276
6983.19403029
6981.87789494
6980.45938182
6979.92281326
6980.16914302
6980.2858226
6980.51649146
6981.13001236
6981.87710737
6982.9919511
6985.78961952
6987.59212771
6990.63269679
6994.49449051
6998.40139903
6999.86131908
7000.84136204
7001.0569694
7000.65936253
6999.68919562
6999.11234922
6998.81999164
6998.63015819
6998.13896232
6997.80183144
6997.39964548
6997.31385557
6997.31315163
6997.23053292
6995.09140961
6994.20188898
6993.19760544
6993.14559761
6993.3035517
6994.65050005
6997.64332675
6998.91224942
7000.92790468
7001.9004831
7001.31636035
7001.22812408
7000.85767808
7000.14041335
6998.64874635
6997.25954077
6995.18600921
6994.20302504
6992.80239614
6992.05619325
6990.8360375
6989.69148198
6988.04294817
6986.74540795
6985.29087547
6984.03736278
6982.92074178
6982.48147707
6982.42429076
6982.61992996
6983.26132962
6983.63768591
6983.70047585
6983.19529878
6982.5213646
6981.43276872
6980.58103079
6978.8365592
6978.03526091
6976.46658581
6975.82326251
6975.6288918
6976.25095754
6976.92588141
6977.52457778
6978.03818818
6978.77450805
6979.38193744
6980.72555428
6982.23431792
6983.60549291
6985.39604112
6987.7616027
6989.34683778
6989.92748962
6990.06702281
6989.87207362
6989.96569049
6989.79030521
6989.53605789
6989.62240538
6989.24926212
6988.80851286
6988.3182579
6987.41074153
6986.52614848
6986.20644183
6986.10297678
6985.75866015
6985.52823523
6985.74315259
6986.33669836
6987.7692136
6988.86907947
6990.62383832
6992.1471477
6993.50311483
6994.77135447
6995.24330006
6995.74330562
6996.09431315
6996.81709091
6997.11832788
6997.52451445
6997.11508001
6996.38147832
6994.72340301
6993.6151526
6992.67508778
6991.23562377
6989.93254962
6988.59273823
6987.59736195
6986.95104169
6987.1294309
6987.67491369
6988.12882172
6988.75647019
6989.16111645
6989.8342979
6990.5286672
6991.8625195
6993.31888502
6994.23882834
6994.80720656
6995.44197108
6996.28979902
6996.71300556
6996.21867333
6995.13400138
6993.71237281
6992.28089606
6990.9316268
6990.37497857
6988.85957281
6987.80008235
6986.56370814
6985.45068349
6984.20807837
6983.89536232
6984.01598674
6984.75953418
6985.17756225
6986.08327346
6987.80633417
6990.65311102
6993.21385179
6995.39131537
6996.67789226
6996.20431577
6995.15774712
6993.65885256
6991.06216909
6988.78137289
6986.27382479
6983.4489258
6980.23532719
6977.69681973
6976.369275
6975.47491741
6974.22662502
6972.46472223
6970.8524587
6968.79009258
6967.83934322
6967.9026768
6968.93433728
6969.87748967
6971.18637654
6972.76933254
6974.51967957
6976.59608962
6979.71230074
6981.74038993
6983.29290232
6983.97718648
6983.28593263
6982.66417355
6981.7678993
6979.62947992
6977.85538018
6975.5450534
6973.99099374
6971.63316852
6969.92320387
6968.15714018
6966.14756249
6963.65984316
6961.49162139
6958.62689759
6956.10831647
6953.94882075
6952.27507758
6951.17733049
6950.74047729
6951.26247223
6951.72500873
6951.93560489
6951.82696833
6952.13908498
6952.56078608
6953.04959832
6953.82225815
6954.93089189
6955.98297357
6957.45120846
6958.92994668
6959.729398
6960.55439324
6961.56170859
6961.66227425
6961.7462381
6961.91265339
6962.24258458
6963.61612927
6965.6832975
6967.48010449
6968.24293706
6969.84471819
6971.99289513
6974.34155521
6976.25401026
6977.44128302
6977.94655766
6978.07427723
6977.79224873
6977.23604655
6975.77528317
6974.45514024
6972.47229132
6969.86194029
6967.29591649
6964.96739185
6962.61337906
6960.93443649
6959.47946492
6957.02193828
6954.517652
6951.99796967
6950.59158381
6949.75587616
6949.12480557
6948.27303279
6948.30979791
6948.64801605
6948.56357129
6948.06244361
6947.39458003
6946.06981621
6944.2413947
6941.43196842
6938.3295294
6934.89339556
6931.89758583
6929.86507786
6928.30326094
6926.63187352
6926.06686166
6926.38761377
6926.07284863
6925.57728276
6925.07013327
6925.28486245
6926.62730141
6928.72082901
6931.55931193
6934.66297064
6937.93345586
6941.44024841
6944.92316978
6948.39077873
6951.11102086
6953.57864658
6955.02780543
6955.48299588
6955.86815489
6956.42057949
6957.20614022
6958.30857791
6958.6021064
6958.18127652
6956.59312811
6955.07564538
6954.21283958
6954.50069474
6954.75836418
6954.6946194
6954.45277116
6953.88929263
6953.29744049
6953.16525335
6953.30945624
6953.55309569
6953.95631317
6954.75029328
6955.30023667
6955.73414169
6957.39156185
6958.45849594
6958.53089011
6958.16243048
6956.40017921
6955.06997205
6953.74702035
6953.35991679
6953.67040254
6953.54871176
6953.76770639
6954.03831157
6954.75773691
6955.07592417
6956.22840423
6957.73153636
6959.96500837
6961.45600627
6963.02532955
6966.06214197
6967.3433522
6971.25804587
6973.41559704
6976.41634828
6977.44013999
6978.44651444
6978.82719193
6979.39915954
6979.21448367
6978.883974
6978.01238638
6976.32659262
6975.08011235
6972.48727615
6971.39417785
6970.33012225
6969.37712169
6967.29964528
6965.80127344
6963.24557176
6962.20895582
6960.41618428
6959.56362392
6958.83438526
6958.34600514
6957.31426799
6956.39872254
6954.75425904
6952.43087106
6950.37205251
6948.88069915
6945.77821135
6943.16681487
6939.98540926
6937.6781352
6936.916599
6935.32585786
6934.13643844
6933.12059915
6932.02830237
6931.41274632
6930.18907087
6930.02241165
6930.09329339
6930.40938278
6931.43467993
6932.30464361
6932.54832488
6932.94096933
6933.5840696
6933.74625429
6933.83180723
6934.05975094
6934.4560057
6934.5240229
6934.17208841
6933.40025797
6933.10974735
6932.87141183
6932.13974074
6931.22663469
6930.02746467
6928.69232995
6928.00167549
6927.36188582
6927.0109689
6926.56233693
6926.18335306
6925.58951456
6924.40168424
6923.64432287
6923.71774856
6924.04946398
6924.06027397
6924.54472319
6924.49070112
6924.96110641
6925.54535461
6926.75932824
6928.25772796
6929.47159705
6931.03215943
6932.11011956
6933.34765772
6935.28134942
6936.57334176
6938.19308378
6939.52149275
6939.64210324
6939.77178826
6939.94040597
6939.75910343
6939.85306182
6940.09031006
6939.18397158
6938.4740738
6937.88241682
6937.42415273
6937.26634501
6937.11532577
6936.88137418
6937.33995191
6937.56592319
6937.84259898
6938.69071268
6940.71023611
6943.48238152
6945.68591871
6947.30625315
6948.34149606
6949.83448729
6950.16190242
6951.35983182
6951.76784445
6952.64788629
6953.42342461
6952.7348053
6951.73958932
6949.5999851
6946.35250683
6943.19580878
6939.48493673
6934.88361709
6930.00858378
6925.32077726
6921.02692549
6917.9950267
6915.83317523
6914.28940283
6912.5780303
6909.84810031
6906.88895114
6904.46518569
6903.31400199
6902.13772741
6901.65716729
6901.7288157
6901.76854293
6902.34667872
6902.98015384
6903.55125024
6904.72445816
6906.06911348
6906.51679758
6906.69591861
6906.70378042
6906.14446977
6905.55426248
6905.43425139
6906.04886653
6907.033621
6908.88645733
6911.20726652
6914.17178932
6917.4358206
6920.80381177
6924.47694992
6928.19538408
6930.97633918
6934.16950265
6937.74950483
6941.10196754
6944.32920583
6947.81945233
6951.37099727
6954.44451207
6956.9964571
6959.38273956
6960.68034947
6961.29791977
6962.00254845
6961.32496913
6960.2897332
6959.21065094
6957.79092509
6956.98669256
6955.30581939
6953.37129133
6951.26667495
6949.23933849
6947.45794148
6945.20401344
6942.92610965
6940.9628804
6938.70973993
6936.81808243
6935.03803057
6932.27397697
6929.4775631
6926.23849725
6923.09047646
6919.8148964
6915.7856977
6911.13365266
6906.25732299
6901.50007047
6896.9802962
6892.64201266
6888.19068075
6883.15717063
6877.58720348
6871.78737594
6866.76627187
6862.68523959
6859.26130271
6855.23248735
6851.52801347
6847.91082103
6844.2731377
6841.66556758
6840.27553261
6838.64587969
6838.05247331
6836.96339652
6837.1011873
6837.02542677
6837.18440539
6836.95230775
6836.46178794
6835.09090567
6832.87872606
6831.06355394
6829.90204813
6828.57683127
6827.90174013
6827.38521641
6826.43456463
6824.75988752
6822.83959156
6820.68017947
6818.33988303
6816.25713056
6814.8632065
6813.4549667
6812.08668413
6810.87068928
6810.09705369
6809.96601655
6810.17008908
6809.81784791
6808.10503963
6806.87147419
6805.79103285
6805.01844968
6804.34238975
6803.85924387
6803.50001908
6802.90676604
6803.07299314
6803.32556774
6804.07328305
6805.89905607
6807.42994848
6809.1915446
6810.00379924
6811.08047695
6812.49307978
6814.31732644
6815.32550604
6816.48505337
6817.89550953
6819.70978257
6821.94246003
6823.55496054
6825.44284744
6826.07080954
6826.27668721
6826.157854
6825.41886474
6824.92707644
6823.59420686
6822.69851806
6822.35087689
6821.96015607
6822.21691945
6822.57257576
6823.11252462
6823.03983772
6823.57789779
6824.0121722
6823.95969044
6824.50094959
6826.03219049
6826.98188741
6827.49080721
6828.49563439
6828.8453107
6830.08451462
6831.18608109
6833.57041204
6835.2199216
6837.21986718
6839.08858046
6842.73659287
6844.52913441
6847.58860529
6849.50722156
6853.01443926
6855.16180075
6859.40432772
6862.34943993
6867.46554087
6870.56712262
6875.57554185
6878.3443906
6881.05260304
6882.22337157
6883.2792796
6883.47645213
6883.20052211
6882.99951625
6881.60773885
6881.12913024
6880.89355472
6880.37319766
6877.33699161
6874.99141213
6871.28569766
6867.7009073
6865.08671598
6863.35481074
6861.70426269
6861.27680464
6862.09714412
6863.51406816
6863.89252929
6865.03242209
6865.89478184
6866.97633833
6866.50790546
6866.07223014
6865.8034092
6866.16165127
6866.50860243
6867.37381975
6868.22858253
6869.37112381
6870.40688944
6871.05632516
6871.21230682
6871.07974332
6870.19570784
6868.54242767
6867.2602138
6866.63607806
6867.10012002
6868.19066742
6870.33482285
6872.84105368
6875.10926959
6877.7799154
6880.50548238
6883.34632802
6885.36767751
6887.21088173
6888.68308935
6890.68081159
6892.81681249
6895.04091026
6897.23015959
6899.0060366
6900.3663807
6900.48904724
6900.33076558
6899.27701815
6898.09969812
6897.31295951
6896.00537597
6894.88743769
6894.40590181
6894.90137707
6895.64448542
6896.40383314
6897.76229542
6899.27241815
6900.64788648
6902.21955157
6903.8983408
6905.44442713
6907.53604504
6909.09795257
6910.39531158
6911.31489248
6911.81443107
6911.96183304
6912.18361555
6912.30154967
6911.50906804
6909.82444518
6907.82950384
6905.46679984
6903.53689268
6902.47673313
6902.08482746
6902.08866079
6902.42968772
6902.91672966
6903.80557423
6905.73799745
6908.42932233
6910.8825417
6913.41114523
6915.04902935
6916.09023134
6917.10229305
6918.11568598
6919.5186567
6920.95207102
6922.07973898
6922.5681191
6922.01034875
6921.10952329
6920.25487202
6919.85119455
6918.64016212
6917.86732804
6917.4064782
6917.12548818
6917.29413377
6917.96461098
6919.20913276
6920.01271014
6920.96142434
6921.36870515
6922.09058382
6923.00385715
6923.86839841
6924.77918356
6925.64470057
6926.36110107
6925.88693912
6925.84591552
6925.5941982
6924.17762264
6921.8373471
6919.47554219
6916.95148987
6914.42090695
6913.08255919
6911.89656189
6910.94800799
6910.40672793
6909.82376912
6910.75634152
6912.3837711
6914.3733876
6916.77369308
6919.74170072
6922.4917313
6925.92419211
6929.98189684
6933.98027557
6937.38469035
6940.82328448
6944.71177908
6947.78194843
6950.5876529
6952.62475389
6953.80376059
6954.54889015
6954.0843394
6952.7899913
6951.01986429
6948.82971587
6945.95745783
6943.29939928
6941.14705446
6938.9876842
6937.16564693
6936.32131777
6935.81147798
6935.63598815
6935.54935491
6935.54596764
6935.94749148
6937.32454192
6938.44436201
6940.3243871
6942.11078138
6943.11528098
6944.27424982
6944.69687788
6944.20685292
6943.16651517
6941.62199005
6939.86771907
6937.65368553
6935.51594918
6932.68033081
6929.86291726
6927.71160396
6925.8240516
6923.61293836
6922.02512449
6920.51751085
6919.75024556
6919.77082008
6920.75105819
6923.07544981
6925.69744718
6929.37586835
6933.28584354
6936.46147127
6938.9057764
6940.74118153
6941.50130987
6942.59414332
6942.68950959
6942.44484559
6942.27275697
6941.4565993
6941.81589379
6942.47668313
6942.91552269
6942.47889949
6941.66238637
6940.58559714
6938.87553492
6937.02644131
6936.06981651
6935.89555335
6936.33051776
6937.13172545
6939.07093714
6941.11056813
6942.99718655
6945.00022667
6947.31188466
6947.57127561
6946.91356688
6946.3604244
6945.50905586
6944.85087318
6944.46302387
6943.4500561
6942.53274732
6941.552328
6939.80922944
6937.59947528
6935.77170196
6933.10918977
6930.08476249
6928.44178353
6926.11667404
6923.92810077
6922.89611271
6923.19732878
6923.69723676
6924.92880189
6925.47512104
6926.21931666
6927.29257226
6928.31316487
6929.48152885
6930.74065911
6932.15923496
6933.51886815
6934.94567521
6935.71343535
6936.24155664
6936.96836288
6936.71376708
6935.93084786
6934.65686519
6932.87823515
6931.0867321
6929.37996653
6928.80141953
6927.97841763
6928.07726177
6928.00724427
6928.31208457
6927.39014792
6926.98844286
6926.75335522
6926.96123319
6927.03804615
6927.29701892
6927.50684841
6927.22785868
6926.52697272
6924.84273319
6923.74157096
6921.48662533
6920.02885194
6917.86213563
6916.39258346
6914.79745142
6914.14554146
6913.39703161
6912.48140949
6911.47627565
6911.45948566
6911.16343414
6911.12723357
6912.54884124
6913.63465622
6917.30210709
6919.60414691
6922.28380454
6924.13740056
6927.18597782
6928.7819741
6929.76870796
6930.62890013
6931.61429581
6932.5602082
6934.44796268
6935.88353063
6936.88212691
6938.08096238
6939.15142312
6939.83632759
6940.29737955
6940.32992801
6941.21657712
6943.17373577
6945.11843958
6946.68643862
6948.45325503
6950.47210241
6952.90761876
6955.02560301
6956.24568209
6958.78763258
6961.48176625
6963.94750318
6966.16166217
6968.51391164
6970.72470428
6972.23553095
6974.05019429
6975.45800197
6976.28869144
6976.6797956
6977.53078081
6979.26101332
6980.68823159
6981.8970128
6982.86834365
6983.16170487
6981.85648406
6980.73792548
6979.58454633
6978.74374383
6978.52783678
6978.9843445
6979.91372479
6981.46415324
6983.15708397
6985.24560733
6987.24982533
6988.67561481
6989.1049965
6989.65890565
6989.74253496
6990.41444095
6991.33848245
6991.35760728
6991.27606191
6991.59765037
6991.05109425
6990.8582499
6990.92616953
6991.01175732
6991.25062951
6991.96551061
6993.7153628
6995.87424519
6998.29112459
7000.36779251
7003.2738187
7006.60480082
7009.90965358
7013.34795499
7017.30530315
7020.93827497
7023.64954014
7026.1837473
7027.89580286
7028.80702014
7029.43289133
7029.69238683
7029.26714513
7027.76022845
7025.59708759
7023.89300535
7022.24382336
7020.38475613
7018.87126704
7017.27361197
7015.83768159
7015.05026692
7014.53164532
7015.60751455
7016.55300178
7017.86933925
7019.37521745
7020.2847132
7020.75040001
7021.09813178
7021.3605894
7022.35797295
7022.79351585
7023.05772285
7023.52964056
7023.82076452
7024.72204301
7025.73947138
7027.11216577
7028.19870559
7028.57953642
7028.27231249
7027.84930109
7027.63441858
7028.01433638
7028.72596264
7028.87887067
7029.0787335
7029.13311102
7028.7398602
7028.42886566
7028.69056358
7028.66580028
7028.28508793
7027.02983282
7023.94771742
7020.66555797
7018.02434516
7015.64765996
7013.76104851
7013.331165
7012.9137433
7012.96148568
7013.12482733
7012.82939611
7012.49123372
7012.00158512
7010.96617495
7008.59616671
7007.0290807
7006.10898405
7005.41012626
7005.23922249
7005.01191999
7004.40715999
7003.38313132
7001.66604364
6999.26316635
6995.58058427
6991.4786708
6987.53588929
6983.84581479
6980.21049419
6977.35196644
6974.98581941
6973.08520586
6971.79361775
6969.44367526
6967.33484221
6965.96594631
6964.4556563
6962.85656548
6961.8935425
6961.67670151
6962.37036687
6962.58546545
6963.5249239
6964.76644175
6966.03231867
6967.52375566
6969.11568861
6969.68962865
6970.03902618
6969.65468959
6968.71970568
6967.91929951
6967.22915383
6966.90208719
6965.6829072
6964.8613759
6964.25377226
6963.66290285
6963.33725803
6962.82014885
6961.83505983
6960.21607054
6958.11792901
6956.30192052
6955.20076526
6954.52625957
6955.10080596
6955.9372524
6956.77958125
6957.62207738
6958.30453549
6957.55509169
6956.71168253
6955.86770186
6954.40909908
6951.82155288
6950.02963861
6949.31555902
6948.42946051
6948.60131913
6949.30063691
6950.13214881
6950.4071449
6950.22213448
6949.12653406
6947.64989372
6946.95637471
6947.34184039
