7042.82588066
7033.53997449
7024.13235662
7013.76262881
7003.91826229
6995.94389148
6990.08816006
6987.52891777
6986.48186124
6987.68149126
6991.01140702
6996.16490732
7002.49889886
7009.3422005
7016.77552125
7023.72580764
7031.15852899
7038.20151225
7046.70289617
7054.62243644
7060.49200269
7064.08543546
7065.54664491
7066.98960074
7067.78843176
7068.63751424
7068.34577696
7068.16907441
7067.34003675
7065.82547432
7064.62259644
7062.51825187
7058.64802484
7056.14378734
7055.75055046
7055.98915083
7055.41828443
7055.07120084
7056.29219992
7056.90834142
7056.60739718
7054.81186564
7051.98444362
7047.9073283
7045.98623083
7045.87123095
7044.84631015
7043.50815058
7041.83686771
7039.12190163
7036.47830519
7034.23600955
7033.58057293
7033.38113525
7034.05658185
7035.88888547
7038.21991223
7041.12493478
7045.30142394
7049.02374022
7052.06782899
7054.06281215
7053.99739464
7052.25728607
7049.72372709
7046.80745546
7043.40621886
7038.99052995
7033.25707477
7025.16143832
7015.23724794
7005.10779322
6995.19770253
6987.47240753
6982.01152299
6978.2619134
6976.06182621
6975.76562135
6976.85805753
6979.52893335
6983.53460237
6988.74990292
6994.79311202
7000.9342174
7007.59343559
7014.39748393
7019.78828824
7023.7080419
7025.88630002
7024.27936133
7021.12250994
7016.56284813
7011.15458475
7004.76399236
6995.90118122
6987.7432218
6979.83802516
6971.57917948
6964.98473759
6958.19479589
6951.60244491
6948.07417874
6946.24756239
6945.41809958
6946.51087728
6949.22194729
6953.87303052
6960.96392343
6966.8303812
6971.84723376
6975.24872823
6977.04013372
6979.73475526
6982.76769253
6985.30741272
6987.42775272
6989.21202821
6989.77649643
6988.92467486
6986.16869913
6981.87257525
6976.83974816
6973.15746578
6969.9801235
6968.63079152
6969.31570296
6970.32331104
6973.07187799
6976.52157484
6978.9941351
6981.69741997
6985.37496296
6990.39268673
6996.69554467
7002.20847885
7007.33739706
7013.87211567
7018.99149934
7023.91857532
7028.28593641
7030.7998339
7032.23317852
7033.58977989
7034.55760499
7034.95019368
7034.44354601
7033.16140184
7031.34752608
7028.7213887
7024.49397202
7020.45829151
7017.29777406
7016.34348411
7016.63670594
7016.61427051
7016.15956793
7015.06179297
7013.43736035
7013.2729593
7014.08152698
7015.08335719
7016.31197414
7016.65986622
7016.47852185
7015.31888392
7013.75763154
7013.59335595
7013.96750285
7014.6473055
7015.49245011
7015.49861132
7016.25111481
7018.85578554
7022.49434705
7024.98478456
7027.03792281
7026.73272705
7025.71787049
7022.83211914
7018.4846147
7014.24509863
7011.07929119
7010.22033963
7009.38192077
7007.54941502
7005.30012182
7002.452188
7000.99045583
7000.09190945
6999.51708427
6999.96504715
7000.37121978
7001.45956475
7003.83652177
7006.4640949
7007.57668742
7007.41767394
7007.41608486
7007.07824307
7008.34293514
7010.46788211
7013.53251753
7016.26294237
7017.90258285
7019.12804254
7020.70075309
7021.57885039
7021.91602308
7022.44790801
7021.59060129
7020.19057178
7017.84446261
7014.32830976
7010.2490896
7006.22992028
7002.51642066
7000.16490302
6996.87138995
6992.97813505
6990.59834137
6988.81299255
6987.61693102
6987.92396677
6987.18923599
6987.24846442
6986.8420827
6986.58087963
6987.29950346
6989.34862717
6991.78156473
6995.58050578
6998.60003337
7001.01001278
7002.9087027
7004.45887327
7006.13088796
7007.2151696
7007.62983828
7007.82011081
7007.69262821
7006.41940525
7005.12501533
7004.65583671
7003.07587071
7001.58027281
6999.25692665
6995.90697303
6994.24569166
6992.66042173
6991.26098465
6990.19227329
6989.53869061
6987.971744
6987.76145451
6986.70931708
6984.98745516
6985.69118476
6987.92400859
6992.6565884
6997.67604066
7002.38847806
7006.98311377
7012.31819541
7016.77259398
7020.79650966
7023.1423958
7023.55884871
7025.05324085
7025.35564873
7023.91124321
7019.24827666
7011.7002139
7002.72719803
6993.21157088
6985.19453162
6978.47027926
6973.63607439
6970.40875944
6968.35270089
6966.06761832
6964.52871077
6964.62586825
6966.42620888
6970.52891689
6977.07514944
6984.49454475
6993.0031423
7002.19342432
7012.05199507
7020.77886937
7028.74162868
7035.63106967
7040.55885656
7041.64721547
7039.96491352
7037.31516283
7033.34614044
7029.42790618
7025.12939866
7018.06164512
7009.96420352
7001.47592958
6994.28451284
6989.09189166
6985.55487156
6984.34929641
6985.45842499
6988.16325017
6992.24141094
6996.96800379
7000.85842202
7005.15589802
7010.43437881
7014.52023411
7017.40790911
7019.58030572
7020.1419791
7019.40256469
7017.31944283
7013.50500816
7008.83769949
7003.10848189
6997.49450811
6992.95760931
6988.47971591
6984.95737398
6982.30857814
6980.42852518
6979.60336964
6980.01948104
6980.53926658
6981.69590058
6983.03771923
6983.75059307
6984.20123928
6984.97465184
6986.58547963
6988.70797326
6990.84088658
6991.31880519
6990.3834031
6988.7908359
6988.19296893
6989.44607737
6991.30743066
6995.26998518
6998.68334904
7002.59533846
7006.26865085
7009.18173733
7012.08725473
7014.8250326
7018.37508602
7021.40854601
7025.20474798
7029.35185292
7034.08504606
7039.08107319
7043.61909411
7049.01704931
7052.33477509
7053.12660854
7053.88210203
7053.90111534
7054.62668795
7054.94265884
7056.61758687
7057.2215802
7055.57423124
7052.02361328
7048.2161483
7043.81941694
7038.58237793
7035.15265621
7033.00106412
7033.02186864
7034.82892108
7040.04753222
7045.5509249
7050.73480608
7056.06590802
7061.72448782
7068.19873044
7076.06846529
7084.49102202
7090.11761094
7092.87648606
7092.55016518
7089.66261564
7085.70591566
7080.07896431
7072.92062571
7064.03296763
7055.13194168
7046.83170302
7039.33846384
7033.90480291
7031.82257318
7032.78988251
7036.00646414
7040.41935125
7045.42509412
7049.60420388
7055.98103114
7065.52276675
7076.40267587
7087.16629571
7096.82206939
7103.60647715
7106.68721255
7107.82060263
7108.25627098
7107.63631009
7106.51628788
7104.49992868
7101.63298852
7096.42438585
7091.5206862
7086.70098527
7080.73798335
7073.75799215
7067.9469016
7063.63356955
7061.55560526
7062.71977349
7065.51611069
7068.96627452
7071.81896863
7073.35043953
7073.27764808
7072.86653395
7072.03863932
7071.18681775
7070.98034765
7070.72913912
7069.75145191
7067.12757272
7063.53461389
7059.65048929
7056.23035786
7053.71125401
7050.86610807
7048.29988912
7046.92290838
7046.73024524
7048.6348803
7051.28344614
7052.40404684
7053.11019492
7053.33826408
7053.65642346
7055.39888778
7057.12626969
7058.67437026
7060.41663246
7060.67534735
7058.58989762
7057.56601531
7056.73435008
7056.66260409
7057.30556497
7058.13541111
7059.59640449
7060.79350451
7061.85844526
7064.2017108
7067.22094566
7070.25658717
7072.97172051
7075.43211169
7077.16548056
7079.34008657
7083.21561754
7087.20941021
7089.93782082
7092.89710937
7095.08517385
7094.7388848
7093.58264808
7092.46609677
7092.57396667
7093.47955243
7094.99348061
7095.13142472
7093.4774894
7091.51884621
7089.13753313
7086.08102437
7082.59646513
7077.93626555
7073.2617084
7070.84426446
7072.30035118
7074.90789342
7079.03074385
7083.35431437
7086.94238048
7090.59141744
7095.07202902
7100.73544578
7106.68751922
7112.2376367
7119.42860739
7126.1777764
7131.25554405
7134.95707671
7137.12276848
7137.41347425
7136.245633
7133.45643275
7129.3859944
7124.968117
7120.12857335
7116.3795771
7113.81717058
7111.93964063
7109.00457175
7104.81131352
7101.23443376
7099.14140798
7098.32055274
7100.93421437
7103.80992937
7105.89502365
7108.88452581
7112.80848219
7115.21689342
7117.8252302
7120.14153698
7121.49268108
7121.43769023
7119.94255233
7118.33004485
7116.40933768
7114.2303338
7111.18650987
7106.91281445
7101.83525589
7096.98102711
7092.83516277
7089.96228443
7088.35696967
7087.64799887
7089.72819345
7093.12734611
7096.89809477
7100.35607161
7104.17042265
7108.21312163
7112.70942199
7116.24534087
7117.59955164
7118.60472033
7119.76628887
7119.6958253
7119.14521979
7116.79476154
7113.37020436
7110.57115594
7109.89710328
7111.5290562
7113.56605264
7115.32380846
7117.50204568
7118.965123
7119.34803777
7119.46638311
7119.72035861
7119.30343176
7117.05131583
7113.69868585
7108.6008664
7102.635216
7096.63418746
7092.4766001
7087.70130305
7082.01163147
7078.06700299
7074.17908688
7072.07564141
7071.13423841
7071.05601061
7072.42685803
7073.87312446
7075.38317749
7076.01154384
7075.63270634
7075.56421519
7075.92587938
7076.42052524
7075.93326028
7074.27450194
7071.16411747
7067.64672402
7064.5077917
7060.50721752
7056.37571074
7052.15440648
7048.09156509
7044.44104359
7042.27927575
7041.14331386
7040.77804634
7040.43770941
7039.93387052
7039.50568761
7039.40864165
7041.04426759
7042.58145363
7044.60173676
7046.394808
7047.85098533
7047.10209214
7046.33512654
7045.09076506
7042.70352078
7040.48889481
7039.15885493
7038.04918271
7037.26125925
7038.27182945
7040.06523524
7041.9246858
7044.08416061
7046.72962494
7048.84252131
7050.20943782
7052.57527121
7056.05776046
7060.70250127
7064.51724957
7066.30516324
7065.00060454
7062.16642889
7058.5753937
7053.972018
7049.7139068
7044.85338439
7039.90227691
7035.19372859
7031.77497019
7028.5733943
7026.08312407
7025.49259617
7026.06182469
7027.79076084
7029.49770762
7032.89058059
7038.36247724
7044.33662369
7049.40531681
7053.81570179
7057.27556742
7058.71721992
7059.31900386
7059.47044826
7058.55600402
7056.73796735
7055.21197463
7052.06559172
7046.32071322
7039.91503145
7033.60989442
7028.17528561
7024.03527581
7020.34739677
7017.32584798
7015.19958374
7013.79678726
7013.37274435
7013.37163617
7014.36990487
7015.71473444
7016.90410506
7020.87076473
7026.64906289
7032.33701296
7038.18458984
7044.0417152
7048.3676136
7051.9669497
7055.61057818
7057.97989641
7059.55420302
7060.52537356
7060.82750266
7059.43581587
7056.19990031
7052.58617878
7050.1815033
7047.29214862
7044.33543188
7041.37820635
7037.30590012
7035.29322092
7035.36001843
7036.35085744
7039.03287081
7041.84668103
7043.78472879
7045.41938594
7047.02607373
7049.11683437
7052.14101074
7056.37791317
7061.08412664
7065.12897926
7067.42849605
7067.3997182
7067.07097187
7066.2515036
7065.17302073
7065.25678247
7065.03860329
7064.55613347
7064.8057808
7064.69637757
7064.67507123
7064.60285827
7063.73011369
7063.49779302
7064.53723167
7066.71357313
7070.12398184
7073.21615451
7076.11651434
7078.31723577
7079.53428304
7079.18687884
7078.84801948
7076.95037502
7074.7194121
7072.30044876
7069.76126524
7066.10263799
7061.97819847
7057.94635826
7054.63928915
7051.49364502
7047.25171744
7042.88756241
7038.90017489
7035.88217366
7035.32107877
7036.2491139
7039.27064179
7042.06440718
7046.00880566
7050.14623667
7053.14682064
7057.31673738
7061.70158542
7065.21905554
7066.86310086
7066.50134607
7065.76108833
7064.92427947
7064.00462887
7060.80871237
7057.12853484
7053.19815241
7049.45958978
7046.40492799
7044.31388159
7042.72842348
7043.30742351
7045.98397962
7049.57898754
7053.09781675
7055.74139926
7058.95531847
7063.94485681
7068.86776492
7074.13436238
7079.7502807
7081.75698688
7081.77565868
7081.18103261
7079.46840553
7077.05486461
7074.15805933
7070.0474895
7065.40665868
7061.62286974
7057.96112007
7053.43043823
7048.37534996
7043.11048795
7039.1209677
7038.19268165
7038.78265197
7041.29238158
7044.38951667
7049.13167284
7054.07312032
7058.206718
7062.19867068
7064.89239314
7067.21097203
7068.64251848
7068.55844311
7067.08036004
7064.95757368
7061.83131923
7058.73261596
7054.69639879
7048.98947722
7041.99774209
7033.89617444
7025.52983523
7018.79045863
7014.30791645
7012.19976644
7011.26213404
7011.57386039
7011.82948771
7010.46595847
7009.35447413
7009.99817379
7012.6266948
7016.3274817
7021.25821677
7025.70888656
7029.5698021
7033.58530535
7038.06975026
7041.47020626
7043.031835
7043.6596577
7042.40870986
7041.50122835
7040.46407575
7038.74991534
7036.68491468
7034.0783691
7031.9703306
7028.39462873
7024.29540555
7020.82014388
7018.87287522
7018.57630794
7020.39378703
7023.76398063
7027.66387764
7030.58917502
7033.43805671
7036.44356825
7039.05408655
7041.37576696
7042.68639625
7043.64863862
7044.37416244
7044.51029443
7045.0127115
7043.35746588
7039.60317267
7034.24074894
7029.64555566
7025.96995721
7023.86260871
7022.87346334
7022.65759113
7023.11522794
7024.00878402
7025.85871399
7028.40521568
7030.33959042
7031.37445696
7032.44860467
7033.32608864
7033.95264983
7034.3295637
7035.23011037
7036.24144027
7036.08360467
7034.50307413
7030.74980546
7025.79052951
7019.24223394
7013.97636829
7011.26788403
7010.75368121
7011.45582172
7012.53569852
7013.23756722
7013.83562237
7015.12699442
7017.01804556
7019.56983725
7021.95702577
7024.1668078
7026.80083486
7029.42246982
7030.87599867
7030.13864031
7027.56005714
7023.71659371
7018.56350462
7013.16543789
7008.6200082
7005.76034439
7003.7267143
7002.93419782
7002.50032068
7002.07861262
7001.97597696
7001.73268599
7002.73558954
7004.99922636
7008.98169329
7014.49258535
7021.6589391
7028.54658191
7035.30437939
7041.09510451
7045.21656796
7047.7288206
7048.79572681
7049.49695429
7051.9775506
7055.5297925
7058.56107098
7060.65657798
7060.75813333
7058.37376056
7055.51845978
7053.78108334
7053.29731019
7054.0734688
7054.12491209
7053.72967491
7052.51972975
7048.6661533
7043.90092049
7039.14928555
7034.48397021
7029.67541381
7024.24523075
7018.07239935
7013.17139001
7010.59735804
7010.82417266
7013.45849942
7016.55320905
7020.81617115
7026.06358106
7032.78822373
7039.23420425
7045.4915989
7051.8987931
7058.86490068
7064.26729558
7067.1153897
7067.14703906
7066.42414979
7064.00908947
7060.54517445
7055.92586604
7049.60225934
7043.2642184
7037.46850298
7033.7376349
7030.4306076
7027.29044165
7025.3874584
7024.40824483
7024.05352943
7025.23643916
7028.40774568
7032.74342953
7037.17190086
7040.88643896
7045.04535753
7048.38583934
7051.8117347
7054.95647974
7057.25064381
7058.19039499
7058.51162103
7057.97271066
7057.15459451
7056.30982626
7054.41111544
7052.08869624
7048.96334088
7045.46500256
7042.98286595
7039.53568516
7037.33248948
7035.06359751
7033.44044035
7032.88434969
7031.42785872
7029.36672624
7027.72910697
7027.65501219
7028.86572401
7031.02390943
7032.9284748
7033.77134729
7035.6571851
7037.90587194
7041.16270353
7044.48700869
7046.54720724
7048.18670136
7049.43910586
7050.61804983
7052.54413064
7054.31879492
7055.68295144
7055.5795979
7053.73713247
7050.14386698
7046.28520265
7043.1089128
7040.60565106
7038.76800168
7037.003318
7036.11223616
7034.27723527
7032.82657793
7030.99130522
7030.02222558
7031.51033106
7033.51751815
7035.19479496
7036.05562834
7036.4918682
7037.23312958
7037.43629605
7037.21383051
7035.48541012
7033.39930524
7032.58592847
7033.04168347
7034.45445357
7036.934792
7038.81674073
7040.29823197
7042.95009447
7046.8053088
7051.05638061
7055.6956293
7059.8620612
7064.0381949
7068.04436574
7070.43761789
7072.70238381
7073.31393926
7070.79648723
7067.10786244
7061.36205
7053.89808352
7045.27886305
7038.62718607
7033.60053413
7029.36218897
7026.00348142
7022.79767493
7020.21357872
7018.65561604
7018.81633012
7022.33718054
7028.75540079
7036.44151219
7044.15865266
7051.16377656
7056.33239412
7059.98207229
7063.35469134
7064.77825749
7064.71083271
7062.51571491
7058.29264034
7052.77282707
7046.15419339
7039.06236654
7031.89673765
7024.12091936
7016.14561461
7010.34210708
7005.57982942
7002.60336755
7001.06728969
7001.25800132
7003.73374672
7005.97471114
7010.3984849
7017.60964678
7025.68700871
7036.1303922
7046.05707773
7055.73922471
7063.41882643
7070.00250015
7076.42286009
7081.38613664
7084.07957334
7084.39944727
7084.49108475
7082.60057028
7078.26055128
7074.45081418
7070.02232195
7064.54145531
7059.18092036
7053.51866057
7048.34001363
7044.92908219
7043.59284625
7044.58237496
7046.67089833
7049.75333434
7051.727966
7054.21648684
7057.12675757
7060.83671659
7064.30932978
7067.89768165
7069.88301875
7071.28208644
7072.12520984
7073.02208349
7072.69599261
7071.21583954
7070.03672133
7067.60967315
7064.51053079
7059.59970116
7053.74031065
7049.03880869
7046.14411522
7043.98583919
7040.46162939
7037.60230709
7034.88737587
7033.4102128
7033.43300369
7033.90617594
7037.51260718
7041.63476064
7047.1852266
7052.40891168
7057.41065395
7061.66629788
7064.36959669
7065.11448231
7063.99171404
7061.79120169
7059.83969546
7058.11724112
7055.83153129
7051.7074542
7047.4097691
7043.02138743
7039.12174133
7036.04886077
7034.62367765
7034.39498818
7037.02313979
7039.73498345
7043.23200449
7046.78315215
7050.10013217
7052.69798654
7053.77484547
7053.94448075
7053.72971672
7051.91922126
7049.16378917
7046.08299801
7042.8227443
7038.40361932
7033.48734636
7026.36639318
7017.13260635
7010.23217416
7006.70044406
7006.15266824
7006.87775297
7009.50936155
7013.42186673
7019.63735263
7027.25155078
7036.28834629
7045.49741859
7053.92923107
7062.29095634
7068.96170937
7073.56118204
7074.56030801
7074.48005203
7072.02035783
7067.70126881
7061.12380509
7053.42385885
7045.15851045
7037.37218187
7029.90495358
7024.94996399
7021.11487813
7018.75951321
7016.81793182
7016.36237894
7017.74020999
7022.34732841
7027.57169652
7033.46847244
7038.76133169
7044.74166026
7050.53040598
7055.7511847
7059.42598163
7060.76912453
7060.52831477
7060.10909489
7059.60556267
7059.25416484
7059.07145441
7057.33704706
7054.30816614
7049.55360393
7044.4964805
7039.96014625
7037.14599452
7035.42676715
7033.59786473
7032.47692252
7030.65583313
7028.78359318
7026.99644618
7025.58052578
7025.79443254
7026.9370017
7028.41532173
7028.96409422
7029.64553475
7029.92824628
7031.39938754
7035.08281992
7040.83841083
7045.81397494
7049.31797962
7051.57273706
7052.59143392
7053.05699527
7053.40142342
7053.73669338
7054.00055191
7053.61511411
7053.2516866
7051.89241583
7050.22878568
7047.98915943
7045.65610449
7042.9208148
7041.48192927
7040.44738334
7040.0413292
7039.55949362
7038.55192039
7037.53284019
7037.08433367
7036.95453713
7037.86222077
7039.10328559
7039.86960998
7041.16455747
7041.8100344
7043.20869088
7044.41677513
7046.00680536
7046.91708172
7048.50075559
7049.41335983
7050.40412217
7050.46583878
7050.08609522
7049.96658594
7051.11489116
7051.81386743
7051.84261043
7050.19241087
7047.69377003
7045.53111007
7044.64513702
7044.90925342
7046.24447875
7047.13684301
7046.27346569
7044.60884584
7042.00345027
7039.59147753
7037.92958283
7038.11693506
7039.26088422
7039.32079568
7039.93207931
7041.86448859
7043.58086536
7045.52805038
7048.08191207
7050.88188048
7054.9291028
7058.75365049
7062.65759689
7066.18746608
7068.41635204
7070.28382471
7070.97547584
7070.42408973
7068.36390512
7065.62482392
7062.31123814
7057.77916934
7053.2814402
7048.8601825
7045.12303472
7041.09138966
7037.7946566
7034.20801928
7031.42376054
7028.98273814
7026.84060392
7024.76792962
7024.52553775
7025.62797543
7028.60650033
7032.27620242
7034.99905121
7036.24961572
7037.48533479
7037.85186381
7039.73782708
7042.41791682
7045.01773665
7046.3010587
7046.96150652
7046.58009721
7045.36539872
7042.23265549
7038.92766334
7036.86025117
7035.47443983
7035.46870377
7035.49223345
7035.97750508
7036.59658083
7036.51539091
7036.43321129
7035.0364436
7032.94299266
7030.27181715
7029.16439614
7029.23460182
7029.68901864
7030.62536862
7032.18827978
7033.21317269
7035.53283886
7037.87882257
7040.59576107
7043.21303997
7045.08966385
7046.14130643
7048.67085784
7050.97825038
7051.80946258
7051.2435586
7048.18981681
7044.44169874
7038.51105012
7032.22735883
7026.15522551
7021.86095556
7018.03466545
7016.1944582
7014.06716245
7011.42343358
7009.52623517
7009.43327344
7010.55353263
7012.77973525
7016.04042108
7021.27810827
7026.74680583
7032.35608901
7039.25224181
7046.42436645
7053.61558805
7059.82756123
7064.76709205
7067.80032902
7070.1633815
7071.30968642
7071.31701156
7068.46779532
7062.92633419
7054.08037577
7044.21460533
7035.26562791
7028.15828654
7021.95924213
7015.05901903
7010.84710991
7007.90026225
7006.91508263
7007.41547849
7010.44203153
7015.25821974
7020.67364099
7026.80932395
7032.22212459
7036.67087772
7041.34887789
7046.09056709
7050.53076841
7052.84073276
7053.73064369
7051.68728392
7048.52632738
7043.6328244
7036.96051016
7031.68687331
7027.10364002
7023.3921407
7019.08981379
7015.95869449
7013.70504523
7012.81482764
7012.27754121
7012.05804476
7012.64489963
7014.88056709
7019.95128141
7025.92155271
7031.17180625
7034.70990665
7034.94948278
7033.7032116
7031.83687498
7030.59187229
7029.37145169
7028.30318639
7026.39646042
7023.98873919
7019.9904441
7017.06577399
7015.67424751
7015.3374233
7016.49782092
7018.34388272
7020.12871578
7021.11974994
7022.48858312
7025.26621367
7027.99237307
7030.90306894
7031.9431976
7030.60099561
7028.30373003
7026.72158949
7027.42423182
7028.50104195
7029.23941091
7029.83154183
7028.53991888
7025.52138099
7022.97600142
7021.5516686
7021.05468091
7020.69137885
7019.10189923
7016.38821558
7015.13199865
7015.33701906
7016.66852954
7021.09148785
7026.80689152
7031.78497867
7036.15834763
7042.68526716
7049.33114536
7057.70490729
7064.99119546
7068.70284811
7069.91351812
7069.11065862
7067.8706044
7068.10231174
7065.64974056
7060.94219587
7054.03690581
7046.36011985
7038.89689216
7031.76878111
7024.81985381
7016.88157903
7008.72007901
7005.25762762
7004.359827
7006.93010231
7011.90878885
7019.94008112
7029.91728296
7041.75668142
7054.25854892
7066.01349565
7076.17535943
7084.36673851
7091.12337206
7093.26557598
7088.70054054
7079.03997869
7065.48021679
7050.67539644
7038.53165253
7027.64768705
7015.14294107
7002.08623049
6993.37022193
6990.02867376
6991.48003503
6997.44927482
7003.66492103
7007.96032704
7013.57882415
7021.34371396
7030.59760137
7041.09688875
7053.19873089
7063.22439996
7069.12765769
7073.61930926
7074.65584155
7072.82392824
7068.44997382
7063.33017197
7052.7058135
7039.14929949
7026.98100135
7015.78065376
7006.67365257
7000.39842945
6996.97787984
6995.4695762
6994.40644059
6993.76068487
6992.75085346
6992.44885679
6996.99236982
7003.55213751
7008.83162192
7010.8379378
7010.6735716
7011.85330315
7014.55107499
7016.74289613
7014.78806536
7009.15256918
7002.54245943
6996.55793511
6993.68836737
6993.05190225
6995.67642266
7000.70230096
7006.19123153
7013.15333851
7023.07191132
7032.23940246
7039.83369516
7044.88301254
7046.55829602
7046.22485908
7044.59593101
7042.71251168
7040.06400857
7038.63071273
7040.1276279
7040.17158574
7038.79381045
7036.01710686
7033.26341719
7029.9196875
7028.59972579
7027.95204644
7027.58454166
7028.55399069
7031.01759489
7033.58127687
7038.1671238
7044.86150408
7047.98414823
7048.33330182
7045.95479056
7042.25964213
7037.45013088
7037.13040332
7039.2122776
7040.30556409
7042.71821986
7046.87114449
7051.9515885
7057.84146443
7064.10511089
7066.68634255
7065.70496838
7062.11463016
7055.86012793
7045.79870435
7039.27279542
7034.19587111
7029.96628685
7024.36241215
7019.19013551
7016.56031814
7015.94186269
7017.55281593
7021.1626902
7023.69302918
7026.40481011
7029.45369403
7033.36191982
7037.16764935
7044.52969107
7053.3124135
7061.62144792
7067.61616193
7071.66730121
7072.58472847
7072.82219278
7074.10154211
7072.64386629
7064.37595305
7052.9818899
7041.92359156
7034.0311843
7029.54543606
7027.63710009
7024.03059218
7019.94029718
7018.28454277
7018.97371966
7020.77489665
7023.36323042
7026.3665953
7030.45295242
7037.41552637
7045.01342241
7051.42992811
7053.97103527
7056.54396603
7059.23076759
7059.6522805
7057.54305715
7053.79622847
7050.60176864
7052.03006024
7057.12907848
7062.88733878
7066.74872825
7067.59226286
7068.3265894
7068.17415531
7067.23996594
7068.56771976
7071.19818532
7072.14424407
7071.67777665
7072.34286629
7074.51321382
7077.40296578
7076.39666103
7070.11144337
7059.68120471
7049.3653526
7040.43847608
7032.47570283
7025.46785377
7021.35499092
7020.88630017
7022.90312634
7024.40174211
7027.91717708
7032.11499349
7037.7623939
7047.68125247
7057.62199586
7066.28586417
7074.06192639
7080.9954437
7083.80606877
7083.22649026
7079.79567429
7073.90244594
7065.53989825
7057.34886765
7050.1272373
7045.70899747
7044.23060077
7045.0789375
7046.13116553
7048.02117122
7049.98748804
7051.60706279
7056.35303137
7063.48255727
7068.84210252
7069.43917495
7067.16187056
7064.46383387
7064.11178786
7065.47667619
7068.36925784
7070.01820286
7073.31920835
7078.96665755
7081.42194691
7084.25720286
7085.66825145
7085.38864143
7084.35835397
7082.30091542
7080.06915796
7078.998516
7078.1136581
7082.07012111
7088.12441203
7091.62216489
7092.71577895
7090.19204026
7082.77654101
7076.83202968
7070.5368384
7066.18991941
7062.9673787
7055.81843524
7050.8995138
7046.73829523
7045.63633148
7046.78299185
7047.79741629
7048.15328169
7046.34914259
7042.98603019
7043.23201843
7045.9558151
7049.24886817
7052.36528142
7055.50664616
7058.30114336
7060.89095471
7066.88876326
7073.47910697
7080.16025878
7084.18365172
7085.40543838
7083.90547049
7081.19863804
7078.43220081
7076.43227614
7076.26087753
7076.02345504
7075.20658646
7072.89927058
7068.67767359
7064.28771677
7059.90925994
7055.28108608
7051.94631942
7047.70387608
7043.78704273
7040.50359389
7037.36446642
7035.91734272
7034.80737777
7034.56946043
7035.49169678
7037.37677489
7041.16429262
7047.29410013
7053.88794263
7060.8892332
7066.80759425
7071.94331487
7074.79578596
7075.85128278
7075.30784211
7073.58555505
7069.80700731
7066.1470837
7062.78544888
7059.0227781
7054.35576913
7050.20547904
7046.6361126
7043.67510951
7041.65084668
7039.90176116
7040.19765935
7041.52523893
7044.24196136
7048.6407906
7054.65503368
7060.68599007
7066.84495876
7073.2547875
7078.17365319
7080.77921604
7082.14174164
7082.06275415
7080.71030671
7079.6374693
7077.96827036
7075.08755809
7072.33489297
7068.41627537
7064.4482357
7061.26775706
7058.41198234
7057.19904719
7056.4122598
7056.58042448
7057.13224968
7057.70845487
7060.06403584
7063.58114354
7066.46564035
7069.03450081
7072.04521174
7075.12870714
7078.28385096
7080.78417846
7083.07633526
7083.38792919
7081.51588439
7078.2280098
7074.15356388
7070.15429303
7068.09334872
7067.43577241
7067.15352088
7067.05701855
7067.0562937
7066.7198807
7066.28678417
7066.41666434
7067.10476092
7067.29975194
7066.64884562
7066.54614724
7066.62142686
7066.7844967
7067.18723327
7067.84716533
7067.67396854
7065.85108097
7062.24324185
7057.55827199
7053.26980082
7050.04453495
7047.53198262
7044.45926933
7041.10049208
7038.40745962
7036.09406618
7034.71339847
7034.63019431
7035.73390048
7037.20959991
7038.43924838
7039.75409434
7041.09809451
7043.04677801
7045.73876502
7049.23718
7051.90747733
7052.84156216
7052.92951267
7052.22259793
7052.01430874
7051.77287868
7051.59692886
7050.86358504
7048.92721001
7046.02263352
7042.08894049
7039.00242721
7036.72197252
7035.96051298
7036.07245317
7035.40942656
7035.46786741
7037.11991394
7040.74940789
7045.41040201
7050.0444792
7054.56600286
7058.53747161
7062.13459832
7065.84464794
7069.7917646
7073.76931093
7077.11730606
7079.05843442
7079.85877787
7079.92492719
7079.56619028
7078.82973102
7077.0659743
7073.95770165
7069.55678847
7064.50378413
7059.22369335
7054.31133735
7050.33560315
7046.58749902
7043.47132971
7041.09427512
7039.47452613
7039.39498106
7041.56919676
7043.77557759
7046.06996469
7048.33063243
7050.8988238
7053.07266314
7056.40280193
7060.1675218
7063.36304103
7066.06808226
7067.44991391
7067.51496203
7066.55018966
7064.86531589
7062.63826994
7059.10791983
7055.1684071
7050.51106509
7046.16752641
7042.29175149
7039.10557165
7036.44025068
7035.51984736
7034.05051125
7031.93054064
7029.14436525
7027.36783309
7026.70432557
7026.27363357
7026.50545243
7028.01917152
7030.16610786
7032.80241401
7035.35684722
7037.65258644
7040.16833089
7041.95278759
7042.57320152
7041.99419452
7039.79179339
7037.77294601
7036.71029132
7036.38613104
7036.3430235
7037.3744052
7039.05986442
7041.53537983
7042.8795403
7044.38942606
7045.69700263
7046.28674992
7046.06275106
7045.2055001
7043.33432651
7042.37547838
7042.60131725
7043.59117353
7044.59853767
7045.04272996
7045.03868057
7044.69407121
7044.21406169
7044.0848994
7043.84616661
7042.82480036
7042.72396288
7042.72396288
7042.9358554
7044.62009492
7046.28329993
7048.96374513
7050.54468688
7050.46933059
7050.30870711
7050.52432841
7051.06820817
7051.07592362
7050.85395293
7050.2681017
7047.97129612
7045.79455739
7043.95665013
7040.48812118
7038.79160803
7035.95397541
7034.27535345
7031.59152098
7030.18349724
7029.10256105
7029.43386526
7030.29255198
7032.32545722
7033.28964413
7034.04669186
7034.93732067
7037.62424071
7039.30042327
7041.31583459
7042.04882992
7043.39447494
7044.15794175
7044.80519595
7045.92619392
7046.26465601
7047.81279143
7048.29394398
7047.31795738
7046.20307183
7043.0590377
7041.03441245
7039.07022138
7037.01363314
7035.10105959
7032.23950003
7031.47535019
7031.68591846
7031.74841567
7032.40439593
7032.40726047
7032.2605485
7031.13507598
7030.75806454
7030.87767139
7032.64324023
7034.84311834
7036.67310802
7038.21992617
7038.49035711
7038.55416463
7039.37032926
7040.35023283
7040.80809964
7040.48286603
7038.78383682
7036.87570994
7035.43612047
7034.43225511
7033.70633402
7033.0381359
7030.78361543
7027.70271972
7023.51620815
7019.2147176
7016.73311069
7015.93868451
7015.8376031
7015.51479494
7015.15997499
7014.99388728
7015.5402134
7017.2649747
7019.30798599
7021.3791618
7022.3366369
7023.42336491
7023.79709363
7024.15573993
7024.92980764
7026.71763071
7028.76610623
7030.30251167
7030.98504644
7031.06711454
7030.72166185
7030.70991792
7030.33527618
7028.88165672
7027.02487555
7024.50834352
7022.18381948
7021.29106492
7021.34403456
7021.2280171
7020.99437219
7019.81636912
7018.27183006
7016.70148224
7015.55287732
7014.55626741
7013.79349757
7013.41792188
7012.87234849
7013.25948689
7014.51172412
7016.44810613
7018.15045988
7019.3861441
7019.49130278
7018.41762204
7016.29171325
7014.8523956
7013.59597655
7013.09900978
7013.75869791
7014.5463356
7014.22830168
7013.57207052
7012.91223603
7012.32832934
7011.82332651
7010.75463606
7009.45434979
7007.65228765
7006.91726414
7006.75597855
7007.81616597
7009.609056
7011.81196591
7013.89167262
7016.10668889
7017.84895806
7019.50867125
7021.30344309
7023.00461199
7024.42820602
7024.26733861
7024.26078013
7024.03214642
7024.22789016
7024.54814742
7024.39343424
7024.54906742
7025.06149297
7025.89946577
7027.04635613
7028.83189314
7030.49015663
7031.76710141
7032.28142272
7032.34329962
7032.34329962
7032.41085683
7032.5585585
7032.2607088
7031.1991135
7029.81265397
7028.18095894
7027.11870152
7026.84021361
7027.09149882
7028.30284488
7029.45420282
7029.70617802
7030.12257518
7032.14284437
7034.51498533
7037.58830499
7040.95108284
7044.27804345
7047.46158875
7050.95313162
7055.57000761
7059.90155146
7064.16705053
7066.9432523
7067.60068225
7065.43565956
7061.30386703
7057.25345259
7053.66899678
7049.8443794
7045.60638273
7041.58922068
7037.17690509
7033.58396717
7031.61769217
7030.52984901
7030.38747916
7030.52471235
7030.69153885
7032.02829055
7034.64296278
7038.52523344
7043.9504959
7050.62437134
7055.99275416
7060.05797221
7063.46783032
7066.24907814
7068.64720211
7070.46593574
7071.21974257
7069.69023713
7066.48466063
7062.27556727
7057.97372127
7054.44666782
7050.90795409
7046.86729025
7042.25210093
7038.55607432
7034.29183677
7031.91424551
7030.21770448
7029.3796341
7029.13771616
7029.1112871
7029.31367296
7030.024198
7032.58902302
7036.12289281
7040.85432263
7044.54116318
7046.51201727
7047.601108
7048.02821758
7048.63522879
7049.43411556
7049.61504872
7049.10854044
7047.61578617
7044.46952871
7041.02140004
7037.99893821
7035.30764818
7033.00590108
7029.47405249
7025.91400454
7022.86695365
7021.46608081
7021.3737812
7022.38221868
7023.60606836
7024.04321429
7023.95011317
7023.78336334
7023.81726391
7024.61707765
7026.94720532
7029.96976473
7032.4336965
7033.90667776
7035.23763764
7037.210959
7038.79234681
7039.47171734
7038.65373362
7036.71905222
7034.50302534
7032.4566686
7031.02061974
7030.89761865
7031.04294365
7031.49260017
7032.19587674
7032.81123764
7032.9398563
7032.85513972
7033.01886471
7033.1830706
7032.03826417
7030.57403685
7027.9219095
7026.57848084
7025.84101795
7025.7081199
7025.06055903
7024.43388632
7023.53348601
7022.31285632
7022.14272619
7021.83960043
7021.50833107
7020.89841349
7020.70575732
7021.0152952
7022.13091953
7023.79659878
7029.18058673
7032.15739708
7034.5163026
7034.66698033
7033.51966481
7032.39408776
7030.1199267
7028.3114176
7026.65634622
7022.65878295
7019.48913521
7013.31307684
7009.58838389
7004.62307916
7001.95772334
6997.04099735
6993.42752672
6989.52001184
6987.53449352
6987.66617885
6992.46269163
6996.3167908
7004.83306895
7010.23826567
7017.64328251
7023.36657587
7028.91845669
7034.1118724
7037.7249597
7044.58726768
7047.77972722
7053.10924007
7056.23157059
7060.70008975
7063.42880702
7064.43233087
7064.335954
7061.68881695
7056.82649635
7053.42039491
7047.94777341
7044.47859628
7041.60684703
7039.94539839
7038.53099738
7038.08536237
7038.88921853
7040.44522274
7041.85224981
7043.48493454
7044.02953218
7043.94186045
7044.3332643
7045.64417238
7047.86279198
7050.85189687
7053.65291771
7055.86499974
7057.54666745
7059.19849095
7060.78152361
7061.36899878
7060.61863499
7057.9518225
7054.54703833
7050.98120553
7047.28917953
7045.16936922
7044.63803491
7044.07762304
7042.85362699
7041.59683855
7040.14847424
7038.91344518
7038.32102153
7038.46325199
7039.4291186
7040.10956246
7041.06918423
7042.35344022
7045.08761476
7049.10259529
7053.41055371
7057.5484029
7061.08632906
7063.14429034
7065.0472248
7067.78884297
7071.11898176
7074.29858918
7077.03035918
7078.40194538
7078.62839758
7077.98943731
7077.61023042
7077.04485614
7076.38974709
7074.97798063
7072.75883133
7069.2355694
7065.63668633
7062.3964426
7059.29738388
7055.74978379
7051.40092026
7046.24388633
7040.7357682
7035.86139702
7031.99310058
7029.65939049
7028.3300894
7027.2330811
7026.21501848
7026.04704198
7026.5307315
7028.34306696
7030.99224613
7033.72253855
7035.47011165
7036.56916904
7037.10133275
7037.90602527
7038.55291705
7040.35343192
7042.0080642
7043.65852164
7044.42267148
7044.72655694
7044.69663606
7043.933685
7042.29192574
7039.75129949
7036.46364096
7032.53732186
7029.05476988
7026.80130183
7025.8253222
7026.34839047
7028.06024391
7030.10543671
7032.51172218
7035.07494417
7037.3127792
7039.35425019
7040.56895564
7041.20459834
7041.2782819
7042.11914712
7044.54618136
7047.09279457
7048.68982237
7049.94594869
7050.52468387
7050.31526559
7049.38024683
7048.24084191
7046.72276676
7044.5898395
7042.00939541
7039.01842265
7036.19196941
7034.90876585
7034.17302446
7033.58529838
7032.7800204
7030.12129973
7027.1486433
7025.12604624
7024.03367975
7024.48760869
7026.46416399
7028.71926992
7030.44449122
7031.86846858
7032.89934149
7033.81990512
7035.08265264
7036.68367407
7037.81803991
7037.59298862
7037.19671992
7037.43643544
7038.39055812
7040.44357789
7042.44677831
7043.36585739
7042.45202649
7039.38815773
7035.23872491
7031.7965135
7029.57482724
7028.57573612
7027.89680468
7027.01151465
7026.02781261
7025.94773087
7027.46687238
7030.35908464
7033.32937834
7035.05983388
7036.21019515
7037.36247309
7039.359122
7042.910193
7047.64409008
7052.47102556
7056.81650182
7059.80887549
7061.06300151
7061.10339783
7060.45422
7059.55938847
7057.66888794
7054.43753753
7050.6862134
7047.14598725
7043.79086212
7041.43808295
7039.54459939
7037.99719579
7035.57746578
7033.48682363
7031.49502562
7030.22846568
7030.6766725
7031.28778886
7032.06780172
7033.1577079
7034.1207727
7036.15420066
7039.70120833
7044.01855492
7047.52273384
7050.06611311
7051.29753188
7050.94914496
7049.89085329
7048.72451052
7047.84554897
7047.02999767
7045.89572941
7044.28915313
7042.56057244
7041.80571319
7041.15521112
7040.88968684
7039.94533566
7038.05011665
7035.01440544
7032.12632621
7030.84731839
7031.69120149
7033.12773823
7034.96818942
7036.54007755
7037.1165197
7037.00139436
7036.60431021
7036.51719606
7036.20162243
7035.42114958
7034.5214532
7033.75020822
7033.61949168
7034.15288903
7034.88446951
7035.66027964
7035.49832495
7034.14266449
7033.12371672
7032.72650712
7032.61202299
7033.23038086
7035.06758417
7037.27864863
7039.14035737
7040.24791778
7041.39257785
7042.62435904
7043.63434379
7043.45121518
7042.12122409
7039.93515991
7036.93721746
7035.34319359
7033.85878205
7031.96106789
7030.63974709
7028.3926563
7027.42640636
7026.8154503
7026.94059806
7027.53189262
7028.13134869
7028.45431018
7028.6009664
7028.60114761
7030.50180995
7033.17172395
7037.97570823
7041.01328035
7045.14705228
7047.58295893
7049.84273455
7051.34212396
7052.49232493
7053.79814514
7053.63584894
7051.72554752
7050.90097743
7048.17536864
7046.8290615
7045.62936179
7045.42620927
7044.49095354
7042.5966127
7041.99288422
7042.42239136
7043.89257777
7048.07858056
7051.58058493
7057.29243407
7060.4745018
7063.21285815
7065.00780423
7066.32134686
7068.66807633
7069.68623652
7070.22533508
7070.21810751
7069.78495521
7069.55798029
7068.52990223
7067.28088499
7065.03732087
7058.68194632
7054.6929697
7047.18022236
7042.33729145
7039.28621905
7037.84490806
7037.75266422
7038.83040132
7040.86143868
7042.93115086
7045.20949373
7049.45151888
7052.19077432
7054.90558706
7056.7977185
7059.091555
7061.23738315
7063.77340941
7065.86500641
7067.34348675
7066.99987406
7065.43460017
7063.63324197
7062.3169742
7059.11420649
7055.47556831
7051.81606288
7048.53685858
7045.98523416
7044.17653688
7043.30214048
7042.85519517
7043.02961167
7043.98993737
7044.30876584
7043.93795742
7042.98113747
7042.6606781
7042.88604999
7043.37339163
7043.48211182
7043.04218499
7042.90634573
7043.31587774
7044.08699031
7044.454056
7044.0597667
7042.99009352
7041.27182797
7039.77739401
7038.36549512
7038.06696936
7039.40692711
7041.54075346
7043.44760488
7044.6198022
7045.29878243
7046.03145018
7046.52633302
7046.78738973
7046.65634561
7045.17143922
7043.58414808
7042.42172924
7041.34049335
7039.93129173
7038.68651207
7036.81499
7033.73507005
7029.98500047
7025.96033904
7023.06458618
7020.53889597
7019.47891764
7019.06149594
7018.9221788
7018.81762648
7018.65275847
7020.06839311
7022.0904117
7024.00916735
7025.41188716
7027.08783276
7028.01968031
7029.22940941
7031.07485786
7033.08182889
7034.40045939
7035.40824868
7036.2484936
7037.2952574
7037.73289817
7037.71988576
7037.77086905
7037.20021174
7035.62304059
7033.6595674
7031.37730756
7029.99786652
7030.02694406
7031.93831185
7035.57592548
7039.8196373
7044.54210409
7049.56485301
7053.85337993
7057.71160517
7060.63605224
7061.99466088
7063.38278616
7064.71844361
7065.69787324
7067.76315966
7069.76332827
7071.16646626
7071.23009256
7069.93432264
7066.81953333
7062.84096943
7058.05310604
7053.02071107
7048.37091026
7043.66498952
7039.57357239
7036.29212386
7034.33737672
7032.78696918
7032.2986727
7032.40858471
7032.64574235
7032.61406511
7033.48590363
7036.22389059
7039.45371464
7041.85917768
7043.99317131
7045.033063
7045.79401375
7046.31747929
7046.95814016
7047.55301017
7048.13423353
7048.38569298
7047.71745304
7046.56730783
7044.37172305
7042.77316889
7041.50746622
7039.38971894
7036.44499007
7033.23578934
7030.25914625
7028.05933785
7026.75590824
7026.39043164
7025.67101327
7025.31397696
7025.3573354
7025.65821692
7026.62310777
7028.25000766
7030.45948302
7032.7255453
7033.86974537
7035.82732917
7037.25295835
7039.64484444
7042.34819204
7044.94070763
7046.82029363
7047.95969855
7048.76225836
7048.93541334
7048.01296092
7047.02700767
7044.94019885
7041.65348819
7037.67266611
7034.04035641
7031.71899661
7030.31477135
7029.06743381
7028.26233007
7027.84294988
7026.95982743
7026.7447428
7027.17514904
7028.39497721
7030.00236894
7032.34443568
7034.6418546
7036.82619726
7039.2994057
7042.73369954
7046.3516935
7049.75608039
7051.30614642
7051.48779048
7050.65315616
7050.46583878
7050.72907003
7050.87022716
7051.30820945
7051.47867413
7051.64291487
7050.75384031
7050.0525501
7049.95569929
7050.2307581
7050.69670279
7050.41707185
7049.36137988
7048.37473662
7048.02104577
7047.99821306
7048.22196799
7048.47108562
7047.87947742
7045.83775552
7043.17732728
7040.49129936
7038.2302204
7036.66813166
7034.94617217
7033.44200853
7032.76385769
7032.47065677
7033.32889046
7035.82003888
7038.71430022
7040.99440643
7043.18566999
7044.99294546
7045.57052367
7047.18991023
7049.94594869
7053.13132005
7055.95914631
7058.30460033
7059.64530384
7060.84200658
7062.3993629
7062.85811487
7062.0476375
7060.177133
7056.54285785
7054.52070684
7052.79168009
7051.76692656
7050.80542995
7050.88363684
7051.29309219
7051.62799973
7052.71239289
7055.4796177
7057.54354503
7060.28169926
7063.05778255
7066.26093359
7068.13529232
7070.31566226
7074.74839207
7077.43657362
7081.18693593
7082.77137647
7083.66553891
7083.47880697
7082.07466535
7080.92113287
7079.2491112
7074.94679126
7072.37447384
7066.95615319
7064.09799484
7060.47392331
7058.58434975
7057.35514037
7056.51509757
7055.76435045
7055.65296783
7056.21567272
7059.80815761
7063.31031532
7071.86136526
7077.69975609
7085.52509402
7090.27361351
7096.23518664
7100.89399926
7103.20199119
7105.90409122
7106.56741055
7106.24985057
7105.76250893
7105.40485232
7105.74967773
7106.38104801
7106.91933111
7106.71049829
7104.36242367
7101.42481085
7099.28394511
7098.60808033
7099.81520973
7102.27377485
7106.00211294
7109.34525717
7115.10321777
7120.44046698
7126.04235532
7130.81526873
7133.52201754
7136.0791968
7136.76250521
7136.82293242
7137.21971687
7137.46268026
7137.75575573
7137.59642861
7136.48685397
7134.49198929
7132.05371294
7129.63899415
7127.92807465
7127.025221
7126.14592491
7125.03844117
7123.91046654
7123.48900939
7123.62045774
7123.78529091
7123.58735171
7122.48927705
7120.48486391
7117.31811556
7114.55512135
7112.4146041
7110.24635445
7107.80435628
7104.79308081
7101.06601817
7096.90018567
7093.23322267
7091.15522354
7089.73856435
7088.72718567
7087.99538215
7086.69412012
7087.01694222
7088.33801211
7091.36134515
7095.16814801
7098.51999739
7101.09179906
7103.18016212
7105.05355904
7106.77086277
7108.89854883
7110.72855245
7111.3291864
7111.1626805
7110.84410991
7111.1344672
7111.74998143
7112.48075343
7112.34310205
7111.08126755
7108.57640976
7105.71006202
7104.01000826
7103.15962244
7103.39704493
7103.88088081
7104.58006618
7106.10851222
7108.48503712
7112.34587599
7117.32975494
7122.44223165
7126.67603953
7129.22924607
7131.13099569
7132.07462201
7133.41963279
7135.24311279
7136.30863899
7136.06602408
7134.93951309
7132.14452801
7129.46161554
7127.75808391
7126.82442423
7125.27903487
7122.07437141
7118.0749542
7114.29619737
7111.06053273
7109.31648629
7108.8078174
7109.45079221
7110.95430071
7113.39271645
7116.33796805
7119.5407497
7123.16819456
7127.47086298
7129.51590942
7130.0829634
7129.19439762
7128.00258063
7126.9690453
7125.34211057
7123.13871277
7120.01775528
7116.02579564
7110.699914
7104.92681522
7099.03493899
7093.98838162
7090.38179704
7087.74104423
7085.17564073
7083.91890805
7083.62965197
7083.93102834
7084.95816549
7085.41049838
7084.92802159
7083.68719374
7083.17150637
7084.00815493
7086.57525903
7089.50517034
7091.25771283
7091.39027634
7089.60206994
7086.1067495
7082.54256852
7078.7703632
7074.75384237
7071.15581657
7068.65698755
7069.37908926
7070.50965661
7071.93741155
7074.0975206
7076.24484027
7079.30619296
7082.22119611
7085.57128215
7091.30259764
7095.70441687
7100.36944645
7104.56665649
7108.60819851
7110.66517009
7110.95849646
7109.46600705
7107.1653542
7103.99257707
7101.33405154
7099.00464175
7097.09345518
7093.53758904
7089.67636684
7087.54262412
7087.92001193
7090.63288709
7096.11474343
7102.33117721
7109.09006197
7114.13505814
7116.11905009
7116.1122198
7115.81809888
7116.45756793
7116.1796167
7112.96709839
7107.82900111
7100.99503885
7094.06810093
7087.86635925
7082.64125236
7078.48843227
7074.6577861
7071.51108258
7069.22789577
7069.18326885
7071.33431033
7073.2814396
7073.80901725
7073.93546137
7074.2748783
7077.21173142
7080.86418353
7085.26147943
7090.82131963
7094.32832825
7095.46846498
7095.71134474
7098.63206303
7103.39984675
7107.35691613
7107.40551577
7103.971898
7099.48429582
7094.40351029
7090.23446476
7086.69315134
7084.74184723
7080.64064466
7075.47340013
7070.48704694
7066.98435953
7064.59009677
7063.66187346
7062.86129305
7061.60192582
7060.58594714
7060.421107
7061.65794122
7065.00716302
7068.64437938
7072.25732032
7075.52590281
7078.3553321
7081.20742682
7085.05486994
7088.05622755
7091.06748908
7092.80192432
7092.04726719
7087.99260822
7083.14792094
7079.53424122
7077.56860743
7076.0663256
7073.6456965
7070.65011677
7068.2171583
7065.54293703
7064.75627509
7065.44900652
7066.42122252
7064.99233849
7060.33708739
7057.45949057
7056.2822472
7057.73378969
7059.51053094
7061.96146425
7063.20795149
7063.06908738
7063.36512497
7064.87849557
7067.81699355
7070.49828208
7070.94630769
7071.43403962
7070.58684593
7069.81367731
7069.61014145
7070.0099159
7069.41787558
7068.46272138
7067.40321699
7065.31546726
7064.31227796
7064.17300961
7064.46126205
7064.21707896
7062.73546923
7058.34858604
7054.06758639
7051.74150811
7050.31974013
7048.85101039
7047.43420484
7044.66679882
7041.69330603
7039.39002561
7040.55990201
7046.33875078
7054.65685277
7062.11147986
7067.25774562
7072.84813397
7077.42489242
7081.46624626
7083.1012519
7083.30774987
7080.63409315
7074.75308267
7068.46942623
7062.37928323
7058.19619377
7055.12986472
7053.13419853
7051.15590778
7049.32073265
7047.10721486
7045.31193423
7044.664227
7044.01990704
7043.40597493
7042.57568273
7041.74352265
7041.30745005
7042.05308143
7045.08774718
7049.61955811
7054.38977425
7055.92613786
7055.01454423
7054.97381336
7057.78905933
7061.85617314
7065.88114124
7068.5609731
7068.83649889
7068.23458252
7068.1629829
7071.25595708
7075.79482829
7079.28147844
7079.6500008
7077.6586837
7073.70031796
7070.56300959
7069.50907397
7069.74979313
7070.31552983
7068.70908599
7065.4273029
7062.1851216
7058.74930837
7055.49966253
7052.79595251
7050.89986925
7048.61852941
7046.46499278
7044.92075341
7045.44092228
7047.03483463
7052.35373264
7059.12883587
7065.13810259
7070.95173011
7077.72091607
7084.326844
7091.16023475
7096.93071989
7100.75466818
7102.39963351
7101.07233271
7098.30305882
7095.33356663
7091.96800788
7086.0206808
7078.26674037
7069.74496313
7062.77446465
7057.89046832
7054.98223274
7055.5632958
7057.94889523
7060.34007042
7063.47861243
7068.68333995
7076.40441829
7086.08694861
7095.82065736
7104.7040709
7111.66010728
7114.9429846
7115.44591743
7115.46835983
7115.94097451
7116.2965681
7113.43585884
7106.0702765
7094.3689476
7080.64747496
7070.40736247
7061.7124651
7055.90674121
7049.73881647
7044.44208207
7038.32773334
7034.26923406
7035.30147303
7041.87484555
7050.07306886
7055.11161807
7057.92597889
7059.43651283
7062.1379368
7065.0624466
7070.31874983
7073.6360853
7076.99250679
7078.01612426
7078.28734277
7080.01462014
7082.37077263
7084.9281331
7085.26357731
7083.13980125
7079.11071407
7073.00928017
7067.73553181
7063.19165635
7060.00109257
7057.12512666
7056.52573332
7055.46815256
7053.67062769
7054.13002087
7057.32354677
7061.03719275
7061.9227755
7060.78396997
7060.68900098
7059.43789283
7058.33677242
7058.05645149
7056.95188108
7053.35370195
7049.8500806
7047.36530945
7046.96020319
7047.70059336
7048.88416521
7049.33029506
7048.56391492
7045.47036226
7043.4968318
7042.83220914
7042.87374152
7041.5017441
7039.37203684
7037.51274658
7037.53390656
7039.6435899
7043.58823929
7048.9969557
7055.53088674
7060.55529444
7062.77928767
7063.45680427
7061.84484043
7058.97969844
7055.27212306
7051.15464627
7045.9285218
7040.00468954
7033.34167984
7028.17524379
7026.40961223
7027.92414677
7031.21133833
7034.10068605
7036.92094323
7042.02384358
7049.18644763
7058.39163085
7068.28561459
7077.25937622
7083.93136985
7089.80923701
7093.65295832
7095.98249356
7094.99323667
7089.85705605
7081.36435636
7070.04571223
7057.10867122
7044.62629098
7032.53970549
7020.96127313
7012.8964218
7005.65075298
7002.66916839
7001.66066819
7003.36217861
7008.11377173
7016.00962202
7026.09182224
7036.7270116
7046.63000716
7054.78781324
7064.27643284
7075.53671976
7087.31640889
7096.04276047
7096.6800062
7093.58048051
7088.7753044
7085.24802793
7083.22010602
7078.39216691
7069.80011429
7058.8310698
7046.31023778
7038.1089478
7034.84785773
7033.60369836
7034.52990047
7035.07304144
7035.62016908
7038.15267563
7040.66031434
7045.81115919
7052.0578693
7057.6832455
7061.85967193
7064.13726904
7062.59122453
7060.5516702
7060.421107
7061.47434565
7063.61017927
7064.38375213
7063.06382527
7060.55137051
7060.7098055
7062.99637958
7067.60118406
7069.29842903
7068.57179703
7063.90432109
7058.0782248
7052.77024132
7048.66940815
7041.19987986
7035.07502083
7027.58056893
7021.49415472
7019.73290708
7021.23341164
7025.69385294
7030.52073963
7034.34601217
7039.81360155
7044.41835028
7048.30338791
7052.11743924
7056.93776048
7060.27798442
7063.29219413
7068.08462964
7074.2830189
7080.68189826
7086.4673055
7092.46193587
7093.57006082
7092.94119266
7091.19045532
7087.31498011
7084.24925045
7083.33900196
7084.5492259
7084.51802957
7083.99266828
7083.20057695
7082.4596083
7083.23141086
7085.2439646
7086.80674334
7086.37754983
7084.21247139
7080.4663118
7077.02959948
7075.0790481
7074.13366541
7073.53338692
7072.52813459
7073.24939993
7074.79526323
7076.7971185
7082.87376819
7090.14888394
7098.59239853
7105.88101457
7111.70402329
7115.92877755
7116.41574979
7114.71012726
7109.86121635
7101.99214361
7092.93682267
7082.02235782
7071.59331795
7061.24022679
7051.47573292
7042.81605339
7033.89506625
7025.86574641
7017.81065961
7012.83839216
7012.90495967
7016.73244857
7021.93231822
7026.64187017
7030.92887771
7036.81757576
7045.91321636
7058.5000165
7069.75737615
7075.31224696
7076.62392171
7074.62770492
7071.32244095
7069.52673517
7068.81068316
7067.05049492
7064.25659014
7059.45681554
7055.76835802
7052.73274439
7052.51729036
7053.7719182
7052.75345134
7051.40556905
7049.40081439
7048.4970965
7050.20111601
7054.0814491
7060.72189791
7066.86425086
7070.83441629
7073.27479051
7074.10420453
7074.36564457
7075.74898864
7075.61399272
7074.02735673
7072.33145691
7072.01466359
7072.73148924
7076.74376553
7084.02225461
7090.83999143
7093.65481922
7093.63129652
7093.26381264
7092.78042282
7094.04800731
7095.07096265
7093.10739189
7086.82487151
7077.86343926
7068.81415406
7060.77865907
7052.84198731
7045.0220927
7035.92256302
7028.02501212
7022.4734798
7019.18437157
7017.6237395
7020.480253
7026.72349918
7033.95844862
7041.20722591
7050.27811017
7060.51959569
7070.42781154
7082.37532384
7094.04200641
7101.62805398
7105.07530447
7105.33339209
7102.33863478
7096.74331189
7092.57826
7086.97606499
7076.51543151
7063.15876639
7050.59695258
7039.9674017
7032.95200447
7029.42933496
7027.27586106
7025.6732366
7026.52117605
7032.09188897
7041.07962483
7052.77767101
7063.85535205
7072.28654423
7077.20262901
7078.66342027
7078.87099855
7079.38775228
7080.13573941
7080.15882302
7078.57704491
7079.07699471
7079.89582874
7080.58106078
7081.26370707
7082.50567795
7081.17067565
7076.77319156
7070.83342659
7063.88907141
7053.84886357
7046.20741394
7041.48415261
7037.65038401
7034.99617273
7033.29413958
7035.09879445
7038.89146974
7046.39470345
7055.95175147
7062.29771694
7064.75463024
7065.26511822
7064.65823943
7064.25848589
7065.452345
7065.12889563
7061.70980965
7058.36679087
7056.92078232
7057.93318555
7059.77457068
7063.29977018
7065.87634609
7066.89585144
7066.58043115
7066.93878473
7067.98951428
7068.92916789
7069.54539303
7069.68411077
7069.04496929
7068.08584934
7066.54549906
7065.54210764
7066.23736209
7069.83491395
7073.3954916
7074.63201915
7074.32172856
7070.80131026
7067.54963624
7065.36570478
7062.86819304
7060.65841101
7057.40265275
7052.49697371
7046.92441383
7042.66071294
7041.20446592
7042.05874779
7045.6413636
7050.13786607
7055.36794236
7061.58192978
7068.61836153
7076.5945584
7084.2353041
7090.76061363
7094.97133094
7095.38234053
7093.3697589
7090.3815531
7086.37976619
7081.89456159
7076.01579535
7069.8992651
7063.54956387
7057.29538922
7049.90946933
7044.47546689
7039.77779128
7036.90423688
7034.6543164
7034.40018757
7036.43912856
7039.99526652
7044.95819459
7050.16734089
7056.64439229
7063.41385704
7069.7267583
7077.32504464
7084.65715155
7090.78773967
7095.4386138
7099.81294458
7102.7093038
7103.72460643
7103.73370884
7101.90414431
7098.91266275
7094.20520867
7087.90545224
7081.86620889
7075.3190215
7067.26245016
7060.27353776
7054.32074644
7049.63649445
7046.65627592
7044.41516513
7042.84982851
7041.95312911
7041.71062571
7042.60107331
7044.5459653
7047.08748367
7050.46966513
7053.40681796
7056.47545398
7059.03054233
7060.74595031
7061.47888291
7061.78071928
7061.85049284
7061.86678798
7060.47780543
7059.59901116
7058.25148432
7056.48619427
7054.86187317
7054.33068521
7053.3379853
7051.93605306
7051.31849671
7051.00964884
7051.11820873
7052.38835806
7053.49817665
7054.54629954
7054.9552461
7055.05758903
7055.73663199
7055.87122367
7056.30708718
7056.82262818
7057.5416214
7057.49276387
7057.99652609
7058.61314154
7058.85987553
7058.74771231
7059.00356963
7058.48730378
7057.30523739
7056.1006589
7054.91131615
7054.7906499
7055.65452207
7057.09160942
7058.68336813
7060.01158893
7061.20905137
7061.37394029
7061.42325782
7061.17739503
7060.3216774
7059.12079982
7057.12016424
7054.95721156
7053.35404346
7052.08624291
7052.07516807
7051.70325148
7051.06306454
7048.65404695
7046.69299921
7044.92472613
7043.84948418
7043.79278575
7044.54206227
7046.12357554
7046.62001262
7047.11504879
7047.99882639
7049.43373223
7051.50761228
7053.45328488
7054.74639237
7054.97570911
7054.3251234
7053.42778278
7053.02342228
7053.33789469
7052.12148863
7050.04824283
7046.87564691
7042.77837525
7039.15976796
7036.13286644
7035.03659693
7034.19949534
7033.30253806
7032.3239448
7031.79613714
7032.421165
7034.83386259
7039.32262174
7046.40804344
7050.31596953
7053.77465728
7057.238872
7059.94576717
7062.56545061
7064.66715366
7066.36004955
7066.98775377
7066.34009532
7065.36985175
7064.16774053
7062.38911746
7058.99170722
7056.52452756
7051.38770573
7042.25994183
7037.26629137
7029.8967851
7027.27788227
7024.544795
7023.6000117
7023.89221595
7024.64988398
7026.45572369
7029.64852474
7031.28966371
7035.1535553
7037.20743234
7039.82305942
7040.95525768
7043.62135926
7045.90756394
7048.0539427
7049.26503088
7049.84284606
7049.3209278
7048.51459739
7046.80306456
7045.47933922
7042.56386213
7040.2662411
7036.27184903
7033.82374542
7031.18270685
7027.17146904
7025.64532996
7022.86600577
7021.59704128
7019.87035634
7019.79175218
7020.10963974
7020.4429094
7020.71108914
7020.35206646
7019.53415243
7017.45112815
7016.9037984
7018.04232514
7019.7277077
7021.4734408
7022.13429983
7023.14467488
7023.53952873
7023.74884943
7024.72898997
7024.92964734
7025.40028263
7025.52606462
7024.81706594
7024.26666952
7023.56364386
7023.74083429
7023.90079564
7024.25700953
7022.96017325
7020.85601687
7019.31724871
7019.45160343
7019.64086536
7020.50327389
7020.75563242
7020.24552778
7018.35582876
7016.02965988
7014.30111403
7013.82887572
7013.26267204
7013.34899165
7013.65677316
7013.36333527
7012.81334309
7012.16469495
7011.36967636
7010.49199026
7008.78383076
7006.81513727
7005.89189032
7006.01903837
7006.9824865
7009.1035862
7011.29787461
7012.93694358
7013.99065616
7014.64044733
7014.72839088
7015.04611813
7015.83219462
7017.10115911
7017.64194433
7016.87749479
7015.34094299
7013.61089169
7012.37195263
7011.26437828
7009.47506371
7008.04903028
7006.79362184
7005.84424552
7006.21208485
7007.34659705
7009.46889553
7011.73441417
7013.02904106
7013.78441606
7014.2783789
7015.08438173
7017.34263796
7020.32787467
7023.11342279
7025.236014
7026.76294763
7027.85217078
7028.28063945
7028.75917139
7029.17098946
7029.27322088
7028.98024996
7027.41157486
7025.38735385
7023.44898549
7022.40355987
7021.11551237
7020.7728615
7020.85459505
7022.12794348
7024.90675888
7028.09838205
7031.69258149
7034.15417842
7036.39891345
7037.91571314
7038.79702347
7039.91267569
7041.88530008
7044.65888125
7047.54417958
7050.36534978
7053.32668046
7055.75275985
7057.53381534
7057.73497454
7055.95088723
7052.94591933
7048.51783133
7044.2301338
7040.31973347
7037.32210465
7034.92501219
7033.15841881
7029.99620076
7025.83374159
7021.75358052
7018.06471875
7015.10009141
7012.6871708
7011.21324166
7009.73340223
7008.89266247
7009.61776114
7011.63725669
7013.81732694
7015.53237947
7016.68109589
7016.68839316
7016.45277582
7016.05194198
7016.15645945
7016.24996481
7015.21376706
7012.81026946
7009.6814641
7005.52634402
7002.49542099
7000.84743779
7000.1464194
7000.55817474
7001.42502297
7002.47915373
7003.97629193
7006.50406607
7009.71048589
7013.74673792
7017.49056266
7021.73774538
7026.02695534
7030.77871573
7036.0208914
7040.75755545
7045.13185138
7047.84064231
7049.45216009
7049.2760639
7047.94345221
7046.47098671
7044.98453304
7044.24806681
7043.80428574
7043.10649432
7041.73676902
7039.96936018
7038.2674037
7038.12846293
7038.71155417
7038.80578437
7039.74353525
7040.96330767
7042.13392983
7043.79585241
7044.77864143
7045.34056572
7044.39505757
7042.16716132
7039.36809199
7036.50767546
7034.55621105
7033.33321167
7032.46622405
7031.49634987
7030.15696363
7029.54344273
7029.90675176
7030.80731934
7032.05832294
7033.92456895
7035.82377463
7037.50082841
7039.01229629
7041.70356542
7045.50044344
7049.49486338
7053.62356834
7057.09862093
7059.64694172
7062.12151621
7064.36854427
7066.3025496
7067.34050372
7066.78040549
7065.33767966
7063.95460741
7062.81532097
7061.95666213
7061.54340133
7062.3166745
7062.9142836
7063.2712293
7063.38605495
7063.88935717
7064.4025215
7064.83558319
7065.57510215
7066.79480487
7067.37312884
7069.53289637
7071.53265377
7072.92503753
7073.74559307
7073.37338375
7072.18020767
7070.91533439
7070.37306463
7069.95356595
7069.62420628
7068.98091087
7067.1010182
7064.81783836
7062.49711977
7060.0330486
7056.86206268
7055.17966315
7053.03298469
7051.17061383
7050.66336676
7052.43088711
7055.99378567
7060.01466953
7064.2960804
7069.10285256
7071.18168109
7072.6633884
7073.9087117
7074.78938082
7076.73998099
7078.01553183
7076.90205416
7075.65111329
7071.62023489
7069.0107969
7065.8207419
7062.99751564
7058.21880345
7055.09540657
7050.86684686
7047.20028113
7046.28715417
7046.28500053
7046.79629002
7048.970903
7050.79248027
7054.81617988
7058.20712225
7061.71477904
7068.51870193
7072.72965621
7080.30837166
7083.59485231
7086.88503387
7088.71143417
7091.6108949
7093.43011642
7094.34173793
7094.20761322
7093.39931039
7091.95639638
7091.36664909
7089.92510113
7088.98383056
7088.42772596
7087.92793646
7086.45872581
7085.26850488
7084.52974562
7084.5778783
7085.19498859
7085.634323
7084.89765465
7082.58670756
7080.96052555
7077.69442427
7075.10283565
7072.69441746
7069.01335477
7066.71905828
7061.82101106
7058.60915487
7054.76408842
7053.77653213
7053.7669279
7053.91529866
7055.04182359
7056.98355135
7058.06228512
7062.47610616
7066.34829865
7070.7393985
7074.15653296
7079.53054032
7082.61064845
7086.2661951
7089.00018145
7090.59543198
7093.50362574
7094.61711038
7094.55771468
7094.75643448
7094.44028238
7093.54430085
7092.67968989
7091.58919129
7090.71115671
7088.01041578
7086.71643707
7085.4783971
7084.75617691
7084.59702404
7085.56241671
7087.26925894
7089.29945994
7091.25493889
7093.32807319
7095.46187166
7096.81775515
7096.61548081
7095.91546605
7094.31199826
7092.43022378
7091.12710781
7090.88013685
7090.30593893
7089.69883015
7088.72448143
7087.81239294
7085.62314362
7082.57220364
7079.34788565
7075.55510581
7071.30765127
7066.388918
7062.25863092
7059.53118213
7058.36392633
7058.83618556
7060.84123991
7062.26695273
7062.74485741
7063.14541246
7063.76191639
7064.88257981
7065.86593337
7067.26194137
7068.66182452
7070.21972448
7071.12045236
7073.25225053
7075.99878233
7079.02848567
7081.30963036
7082.80977249
7082.7138835
7081.48622836
7080.0151568
7078.68170874
7077.28623741
7076.09334709
7074.37658002
7072.61648935
7070.86732716
7069.88476814
7069.69507409
7070.58344472
7071.02194973
7070.90328379
7070.73806032
7071.50209168
7072.76250436
7073.68719404
7074.71686816
7075.54473491
7075.31897271
7075.2298025
7075.45793439
7074.87711527
7074.06894487
7074.0903
7074.25573953
7073.75319003
7073.08680403
7073.18104121
7073.84470206
7074.74212632
7074.72130785
7073.58963929
7072.05801506
7070.62217529
7069.48477763
7068.33702303
7067.04167129
7064.68164365
7063.60960775
7063.41063007
7063.01551138
7063.56716931
7064.80793443
7066.9056787
7068.53763161
7068.91021033
7068.60681972
7068.67140784
7070.05882221
7070.82886144
7071.57257615
7072.31776147
7072.41694713
7072.48642797
7073.58572929
7074.78515021
7075.56737943
7075.23433976
7074.33651824
7072.57340273
7069.62587901
7065.9788075
7062.88584029
7060.51595054
7057.73252121
7054.42480391
7051.19567683
7048.22631708
7046.96720773
7046.97042772
7046.97792711
7047.05042583
7047.20471385
7047.09588214
7046.99628527
7046.91333202
7046.89318265
7047.22154566
7048.10631295
7049.3220778
7050.26457504
7051.46497172
7053.69178767
7056.85303693
7059.98249047
7061.45141537
7061.0206258
7060.60786681
7059.64393081
7058.88237369
7058.3603927
7057.7190697
7056.42775342
7054.60709615
7053.54978024
7053.29482201
7052.93761842
7052.68881443
7051.41696449
7048.56558764
7045.36060358
7042.27098182
7041.01864701
7041.05624849
7042.36503082
7044.07580395
7045.09958172
7046.07917862
7048.47673804
7051.78543109
7055.46973468
7058.41790658
7059.51214094
7059.72211679
7059.80504913
7060.52541538
7061.25904495
7063.11383976
7065.08785112
7066.02043746
7065.75699015
7064.91910099
7063.25206266
7061.62234701
7059.78083643
7056.43210948
7052.00259966
7047.47740995
7043.85820326
7041.71013086
7041.51947499
7042.79259342
7045.10731807
7047.9376813
7050.08008734
7052.07283323
7054.61516008
7056.29960173
7057.7215997
7058.90373579
7060.20779267
7061.46572414
7063.45619791
7065.42268897
7066.95432714
7066.81155304
7064.78488567
7061.23813588
7056.39147618
7051.05875727
7046.09575254
7040.85108869
7036.00085354
7031.12484448
7026.84283422
7022.97650323
7020.97806311
7020.1617312
7019.26692755
7018.64743362
7018.56113492
7019.52103548
7022.61600996
7026.64900017
7031.05365607
7036.14141825
7040.45828393
7042.68364322
7043.63736863
7044.03344915
7043.94507348
7044.1886502
7044.05651882
7043.1610182
7041.20834106
7037.85878472
7035.89568789
7033.54255327
7030.62746649
7027.57251197
7024.43058966
7019.78636461
7016.49713093
7013.66387527
7012.44453498
7012.7573277
7013.32245804
7013.97608254
7013.61120533
7013.39914554
7014.41033604
7015.11854018
7016.29017992
7018.06956966
7019.55562605
7019.82224457
7019.60446964
7019.58142087
7020.09066127
7021.16490656
7021.7117345
7021.92745337
7021.89974189
7022.21939278
7024.5983501
7026.35585501
7028.78315409
7029.47405249
7031.63715154
7032.70764714
7034.08425152
7035.38210537
7036.82561878
7037.78459237
7037.78870448
7037.47276147
7036.98997801
7035.75357591
7035.2894085
7034.46913174
7034.02913521
7032.57378727
7031.5304665
7030.73526669
7031.8654995
7032.94174509
7033.71078068
7033.79064636
7036.15204703
7038.81961224
7043.83532874
7049.14560525
7054.96508731
7060.23480719
7064.25955225
7067.84004928
7069.44151677
7071.07004756
7071.66525212
7070.21757781
7068.18674257
7064.99670152
7062.00521299
7057.47150631
7053.60717563
7050.34838556
7043.092541
7037.20498598
7031.21565257
7026.10652132
7022.72449318
7020.75842727
7018.49258105
7017.98609368
7018.83337101
7020.04874556
7023.29466261
7026.99452255
7031.64492275
7035.51551221
7037.98384186
7038.98597177
7039.57173937
7039.7389492
7040.06135312
7039.55303969
7038.23745494
7035.54227582
7032.15085254
7029.26720603
7026.06077924
7022.72691167
7020.13091123
7016.70972738
7013.55562205
7010.03737132
7007.64879583
7007.75746027
7010.05156858
7013.98850253
7018.16883895
7021.7647599
7024.54767348
7026.67947165
7028.43845414
7030.39715309
7032.38479019
7034.02340613
7035.60232667
7036.38355225
7036.70770556
7036.76841853
7035.94589057
7033.84848085
7030.31494559
7025.48355648
7019.64710323
7014.31116432
7010.30922408
7007.03202009
7004.44670419
7002.16696041
6999.55375878
6996.36865227
6993.67595435
6991.46763596
6989.31211993
6987.91403496
6986.80046668
6986.83261089
6988.25228099
6990.61388378
6994.12243269
6997.98365489
7000.96254919
7002.6861814
7003.12083915
7003.85521448
7004.88805284
7005.90518152
7007.54290533
7008.42643203
7009.56166907
7009.93938445
7010.57137503
7012.04050205
7013.33275924
7014.0250237
7013.73258945
7012.44861225
7010.50346934
7008.64205333
7006.68852589
7006.1005489
7006.05348955
7005.98132538
7006.74186492
7007.58751832
7008.48721469
7009.46819159
7011.15114173
7011.73180054
7010.40875823
7007.78060661
7005.34791995
7003.3766198
7002.58706544
7002.75272103
7004.14224722
7005.67888265
7006.80866243
7006.41434525
7005.9239718
7004.44062662
7001.98458453
6999.19930822
6995.82064645
6991.85434224
6988.03601151
6985.756435
6984.12446815
6982.48611009
6980.59988894
6978.09141388
6975.45112803
6972.37156354
6969.56445119
6967.42733515
6966.80605698
6966.49228154
6966.57229358
6967.54052291
6968.84113676
6971.2931434
6974.5908592
6977.99462579
6980.9177765
6983.88156051
6986.3569644
6989.32776688
6992.21372733
6994.11124634
6994.77008417
6993.99931312
6992.43530771
6991.41028238
6990.08691946
6988.74048686
6987.47307662
6986.23698119
6984.84144016
6983.04544165
6981.53316528
6980.56294262
6980.3730325
6980.21898842
6979.16517129
6977.5851356
6976.95396744
6977.80020629
6979.59900661
6982.5911015
6985.79460799
6988.65079392
6990.46703241
6992.4747004
6994.48646657
6996.94437654
6999.33744051
7001.01394368
7001.84206134
7001.96374516
7001.5168556
7001.75296779
7002.29898724
7002.05010658
7001.09562845
6999.35970867
6996.35892955
6993.26559991
6990.48355058
6988.68796328
6986.57845418
6984.20764443
6981.30809308
6978.93310152
6977.28752286
6976.89234841
6977.75764936
6979.54442
6980.86796413
6982.95815325
6986.30067718
6989.63195203
6992.66715445
6995.79315799
6998.62129789
6999.69803833
6999.42404588
6998.76929229
6997.87468379
6996.05381046
6993.5611775
6989.84731545
6985.4578256
6980.89973895
6975.92503907
6971.92891852
6968.91515487
6966.05103046
6963.39829675
6961.58659553
6959.84988818
6958.74798019
6958.44138353
6958.87691945
6959.52496123
6959.93889112
6960.68318432
6962.21770096
6965.6364036
6968.29805852
6972.17508797
6975.46863589
6977.52913414
6977.82617535
6976.7036789
6975.59696183
6974.61051372
6974.25668347
6973.77351668
6972.98022656
6972.44049377
6973.20151422
6974.47021386
6975.47226013
6975.74501895
6975.84943188
6974.95598732
6972.55340275
6970.53205325
6968.61887335
6967.93263767
6967.57369864
6967.51194718
6966.85407814
6966.0861577
6965.72903078
6965.72561564
6966.66129652
6966.67091469
6967.02678706
6967.08651731
6968.05230725
6968.94867908
6970.63060467
6972.7389359
6975.03575542
6978.44645686
6980.2860438
6982.84837367
6985.6444739
6989.4547407
6991.3118355
6994.52854259
6995.91882847
6997.68095429
6999.45920796
7001.09132118
7004.66374033
7006.37410923
7008.37036087
7009.32170265
7008.16470623
7006.78212882
7004.22593229
7002.24046973
7001.25146375
6998.69408237
6997.49485659
6996.64049109
6996.73839432
6997.541672
6998.18648681
6999.29146843
6999.65113232
7000.25222626
7001.62630761
7002.87363122
7007.85469442
7011.49515169
7018.1359908
7022.96770052
7025.76400287
7027.27331015
7027.91786708
7026.77602277
7025.78140619
7022.65005689
7020.08224886
7015.72668745
7011.42737145
7008.34177817
7006.69971921
7003.56800052
7001.14161446
6999.57850815
6996.98868983
6996.17147974
6997.42950181
7000.42517912
7004.56727983
7008.4156081
7015.3795481
7022.12119682
7025.58300699
7032.45795103
7036.04280411
7038.30040518
7038.99248843
7038.42698172
7036.92253232
7034.99315485
7032.86352426
7030.19041814
7027.55758987
7024.78762597
7021.13430962
7017.56405107
7015.01812786
7013.3159832
7011.73852629
7009.56359271
7007.74640634
7006.82720181
7007.62902282
7009.39351136
7012.49931674
7016.09618557
7019.7445395
7021.5966231
7022.89131968
7023.09036009
7022.23936094
7021.21361075
7019.5060158
7016.76183278
7012.29674967
7007.4459221
7004.115163
7002.34976144
7001.12035691
6999.89020662
6998.99341661
6997.02166343
6994.72547118
6992.79895826
6992.46194587
6992.65830295
6993.04749741
6993.25784265
6993.15972335
6992.80014311
6992.69671988
6992.45237649
6992.75533497
6993.31316805
6992.93440722
6991.14882143
6990.05964706
6989.753831
6989.7189477
6989.39889954
6988.29082337
6986.49692274
6984.76135842
6982.49652281
6980.98611432
6979.78982975
6978.21363436
6976.48484457
6974.7367836
6973.24124145
6971.88535796
6971.21571015
6970.40192914
6968.75561867
6965.64218845
6960.91903862
6955.99997082
6952.01895359
6948.26946946
6944.64397611
6941.19878865
6938.05413422
6934.76625266
6932.78999706
6931.75674051
6931.60919915
6931.40588632
6931.22229772
6930.28732077
6928.65648301
6928.30806821
6929.0725735
6931.03544033
6933.98662313
6937.12688666
6940.07513523
6942.91828087
6945.15826954
6946.66699833
6948.0030879
6948.18959681
6948.04393029
6946.90522234
6945.30219364
6944.06827972
6942.97396869
6942.75421437
6942.36732687
6941.65244577
6940.91456469
6939.61848114
6939.1381301
6940.3568501
6942.55599638
6946.62427413
6950.95719101
6955.01898695
6959.20756155
6963.11748794
6966.55793602
6970.09463551
6971.91198218
6973.20214149
6974.09136939
6974.23353016
6974.23353016
6973.84314388
6973.02636591
6971.05819515
6966.94071139
6961.88775584
6956.91293051
6951.72789933
6947.13410696
6944.01231311
6941.78061837
6941.30856127
6941.72890327
6944.4935702
6948.23956949
6952.72561045
6957.35299674
6962.06827081
6966.80194486
6972.01569116
6977.60453921
6983.6537771
6989.63494203
6994.7165221
6998.81101285
7002.2542279
7005.42795987
7008.22371859
7010.06894402
7010.46050817
7009.95743595
7008.02346546
7005.93209149
7003.81226028
7002.43845771
7001.86190405
7001.65522486
7001.56001192
7001.74926689
7001.79953229
7002.44462589
7003.40918917
7004.2303441
7005.13260532
7005.05084389
7004.88598981
7005.14935349
7005.48148012
7006.6257011
7008.6167185
7010.27063291
7010.89970319
7010.58017078
7009.93664536
7008.82188527
7006.85504572
7005.21056827
7003.28749838
7000.48704209
6997.75287452
6995.91266727
6994.67725487
6992.89727968
6990.46480908
6987.61200345
6984.64175854
6982.07825777
6979.85965908
6978.69248691
6978.55317675
6978.65818907
6978.16854047
6977.12031303
6976.35261562
6976.34966744
6977.72824424
6978.53702798
6978.79390984
6979.22396062
6980.1094458
6981.44774476
6984.21400775
6987.32803737
6990.38893703
6991.98585332
6993.03953105
6993.06934738
6992.50019553
6992.09509624
6991.76163839
6991.92245005
6992.40735229
6993.44092944
6994.0682782
6995.08178961
6996.15988914
6996.96804561
6997.18758387
6996.68898619
6995.42516533
6993.94777226
6992.78053737
6992.62047147
6992.90745542
6993.45497336
6995.01248302
6996.35061471
6998.25771704
6999.95630019
7001.02417519
7002.08604928
7002.2181249
7002.52824823
7003.15350609
7005.38241295
7007.59600043
7010.29485258
7012.60207785
7014.06978305
7014.64086551
7014.32739673
7014.07416698
7013.97657739
7013.02145804
7012.3671296
7010.21280539
7008.31715426
7005.34127784
7003.50867452
7002.19578705
7000.0891843
6998.09342751
6993.4398352
6991.27253342
6988.4119078
6987.57604682
6988.95638695
6990.2119557
6991.57002767
6993.20318634
6993.75911669
6995.16125105
6996.5772063
7000.54439567
7003.01524138
7006.57328206
7008.85303281
7010.4962139
7011.9793709
7012.72944197
7013.78197667
7014.33104188
7014.53662683
7013.7863397
7011.29918491
7009.2038661
7007.48357933
7005.80668586
7004.9829382
7002.18614796
7000.67118827
6997.71176729
6996.42914221
6995.71251171
6996.53730482
6997.83517262
6998.78348258
7000.24720111
7000.26909988
7000.73625032
7001.83509165
7001.89796522
7001.81400137
7002.1434377
7002.82712247
7003.31638077
7003.73325884
7003.67754314
7003.19427877
7000.22887083
6996.7880673
6991.78920351
6987.19897265
6982.98834595
6979.62631386
6976.97847984
6974.76028539
6973.84990448
6973.72988642
6974.5590565
6975.76242924
6976.64797714
6976.71699798
6976.23089695
6976.10627192
6976.87033813
6979.11893436
6981.97914878
6985.33265694
6987.51695778
6989.73507557
6990.91013045
6991.90579249
6992.97039173
6993.01123411
6992.25480668
6990.61834438
6989.4574519
6988.84057161
6989.52874486
6991.80340774
6995.20628222
6998.71324204
7001.54229497
7003.94998832
7006.1277516
7008.99400176
7012.42658106
7016.04657532
7019.0929153
7020.64260496
7021.692533
7022.82485672
7023.20164513
7022.66639385
7021.56250647
7018.65919149
7014.68987637
7010.41887125
7006.25993874
7002.95746962
7001.09778905
7000.04864859
6999.58478784
6998.91170397
6999.07096138
7000.34069951
7001.88932281
7004.42046331
7007.64223736
7011.44757658
7014.87979345
7018.14430564
7022.09947926
7026.15815278
7029.52760759
7030.87926745
7030.60337227
7027.98322883
7024.72598603
7021.33831942
7018.53493586
7016.13465826
7012.84916033
7010.02389891
7006.29222234
7003.58203051
7001.76149869
7001.39943724
7001.44555567
7001.46054051
7001.5926928
7001.88818675
7003.31748198
7006.50332031
7011.67978574
7016.43093281
7019.96630806
7021.8621892
7022.96755415
7024.16691932
7024.62782492
7025.06976599
7024.94835399
7022.93720812
7019.71366377
7016.55645693
7013.70050099
7011.30542975
7009.11735831
7006.7539434
7004.20884958
7002.25655577
7000.31898195
7000.10906186
7002.33065055
7005.92284968
7009.79659641
7014.39889181
7018.79634105
7023.52283632
7028.6155679
7033.09442312
7038.42787384
7042.04151174
7044.44274419
7045.79399284
7046.38891861
7047.58455499
7048.84560191
7048.4457717
7046.64997532
7043.70039554
7038.97091027
7034.5867592
7031.04163335
7028.3741239
7026.94052139
7026.17841367
7026.71790252
7027.87579803
7030.33059255
7033.29377716
7036.63522079
7040.79096815
7043.95999558
7045.86323671
7047.67383672
7050.93465497
7054.37697092
7056.69441376
7058.19907922
7058.69780933
7058.48259227
7057.77709934
7055.70554717
7053.25702538
7051.04858153
7048.08446297
7044.59954131
7040.70477399
7037.85380139
7036.52180302
7037.26875864
7039.73029981
7041.37483302
7042.65835022
7044.57695951
7046.98317529
7049.54588848
7051.1208363
7051.94577578
7051.76565111
7051.14483991
7049.90157964
7048.78670803
7048.66274512
7049.87369391
7050.40412914
7049.87804997
7047.51874718
7044.58189405
7042.13995862
7040.91714044
7040.26772564
7040.65606283
7041.23901467
7042.47766798
7044.08662091
7045.84292703
7048.04667332
7049.57065179
7050.75610545
7051.47638807
7051.07569362
7050.56360262
7050.73334245
7051.52075014
7052.93333207
7054.00182039
7053.48318485
7051.29100128
7049.19884671
7047.63318252
7046.28013569
7045.70137263
7045.68306325
7046.47564246
7048.1560626
7051.17923533
7055.56531701
7060.32640285
7064.01536916
7066.07852983
7066.6547141
7066.78455246
7066.60450445
7067.05818249
7068.56135644
7070.36223373
7071.32026641
7072.15407133
7072.540227
7072.80094917
7072.77341192
7072.82454854
7071.60122855
7069.51136003
7066.61698717
7065.03173118
7064.39075667
7064.85580226
7066.15861157
7067.70943729
7069.22011063
7070.38702491
7071.92345126
7073.94059106
7076.07612498
7079.48810187
7080.65502313
7081.34944122
7081.29142553
7082.6646287
7084.46090599
7086.42260888
7088.6783839
7090.35067041
7091.25868859
7091.61681914
7092.40134835
7093.0098929
7092.73553802
7091.76553141
7090.41507731
7088.86854492
7087.98601489
7088.98066632
7090.05391494
7092.21583612
7093.46698608
7095.35807206
7096.2114897
7097.84238322
7101.34707092
7107.21617021
7110.96702039
7114.69179697
7118.84768373
7120.74343941
7124.86594134
7127.23096625
7131.13190175
7133.11714824
7134.81398897
7135.07737356
7135.28897335
7135.20965827
7134.9706676
7135.02774936
7134.37176214
7132.19443099
7130.27469957
7126.89363326
7124.85618378
7123.01785834
7121.94787154
7121.29181462
7119.62459507
7118.49062651
7116.17919852
7114.96201185
7114.17032477
7114.15499145
7113.86804931
7113.25604083
7111.61253217
7108.37452571
7106.22658574
7104.38407152
7103.06811738
7101.0535494
7099.30297933
7097.83806898
7096.87241146
7096.07801316
7094.69128182
7091.9594491
7088.0872357
7084.99891727
7079.44624192
7074.64752671
7071.28923735
7068.99500358
7067.54853503
7066.23186998
7063.64315984
7061.77711595
7060.48529088
7059.53479243
7058.83529344
7057.62216313
7056.75885551
7057.303948
7059.97955623
7065.04970601
7071.01826974
7076.35935925
7080.76628029
7084.00388948
7086.86685692
7089.2890751
7092.3465178
7095.53255825
7097.91755829
7099.88628663
7101.31482217
7102.03626872
7102.9176836
7104.54082682
7105.59315941
7104.82933017
7102.23067428
7098.97899329
7096.62936443
7095.06932478
7093.65748861
7092.40210805
7090.80075905
7088.44354019
7085.68034386
7083.37946101
7081.34112638
7079.91820144
7078.93123061
7077.23636928
7075.19865495
7073.79267333
7073.03730529
7073.20418058
7074.74598056
7075.98913628
7077.26366258
7078.84984554
7080.48653088
7082.21397551
7084.17684931
7085.87240761
7087.60245194
7089.07077744
7090.21693599
7091.62295247
7093.51669391
7095.48944375
7096.35411743
7096.48692488
7095.22653311
7093.45766063
7091.98490938
7091.11845146
7091.29507037
7092.15906102
7092.99582806
7094.13155299
7096.29197568
7098.2180286
7100.19229784
7101.96825151
7103.16581153
7103.65085317
7104.11179361
7104.8218029
7106.36302439
7107.92556616
7109.0412602
7108.95422271
7108.07556783
7105.790088
7103.02117652
7100.13113881
7097.64516887
7094.24835105
7090.7207261
7087.32638949
7084.94416339
7082.4306353
7080.2619814
7078.118509
7075.82791341
7073.82058694
7072.18371342
7072.15303285
7073.20492634
7075.08652658
7077.14572149
7079.01651871
7080.71317125
7081.28748765
7081.93579427
7082.7540777
7083.34448711
7082.63467297
7081.36691424
7078.90015973
7076.03624442
7073.46297214
7071.48946957
7068.7659029
7065.17980921
7061.34118972
7055.84383279
7050.82316781
7047.01688768
7043.22732086
7039.81617336
7036.55799662
7033.50691725
7031.25178344
7030.26287504
7031.15686324
7033.28001899
7035.80234283
7038.15768684
7039.31145629
7039.02263931
7038.11437719
7036.6724459
7035.18980466
7032.93029389
7029.16797856
7025.87990185
7023.15634911
7021.19925319
7019.10330014
7017.0729249
7014.43712056
7011.55802526
7007.82462717
7004.19032414
7001.75456385
7000.08997885
6999.49441884
6999.55318029
7001.23113316
7002.80145311
7004.4090818
7006.68386316
7009.14406616
7010.87109261
7011.29172734
7011.04806001
7010.78406906
7010.93136649
7011.50159168
7011.91885308
7011.8444377
7012.07203293
7011.49789077
7011.12535387
7011.63239882
7012.63332994
7013.31969107
7014.09317333
7015.05176358
7015.9494945
7017.16216481
7019.06909987
7020.47772301
7021.45427415
7021.01533004
7018.95665089
7016.03584199
7013.17822727
7010.57266443
7007.5578832
7004.72877451
7001.06291272
6996.56297419
6992.99075019
6990.83833568
6989.32380113
6988.62447637
6987.10883365
6985.62116029
6984.3570467
6983.90283897
6984.4014506
6986.33575563
6988.83684283
6991.15656475
6993.11929218
6992.73661438
6991.1840323
6989.16926916
6987.10296517
6984.00770493
6979.56157938
6974.3741785
6968.94261545
6963.55288448
6959.06057079
6954.00866069
6949.46630462
6945.27731184
6941.26980979
6938.01238577
6935.32173695
6934.08872909
6934.23655622
6935.86669701
6938.93412728
6941.72221237
