7081.69527455
7075.93210758
7069.19199917
7063.86413117
7062.04468662
7060.92016896
7060.8589472
7061.29402313
7060.97130557
7061.07078396
7061.70997423
7063.93129807
7068.20313955
7071.77350265
7077.32395468
7080.34698802
7083.5152
7084.92600465
7086.21072761
7087.67512917
7091.49946777
7094.96911885
7097.27204382
7100.68510101
7101.17367628
7101.05052186
7100.45398609
7099.72000804
7098.69999391
7096.29949328
7094.51351021
7093.29994779
7090.21342057
7088.88053706
7086.05272473
7083.07325196
7074.6030574
7067.08520128
7059.05629264
7053.89145962
7046.42986284
7041.12219997
7037.99205643
7035.24553857
7033.27067691
7030.70660463
7028.90517673
7026.82719154
7025.67317117
7025.93662546
7027.47668301
7029.44145953
7034.7800748
7040.38038798
7046.30430388
7051.97512942
7056.55025696
7060.19569059
7066.84356213
7073.27721327
7079.38426474
7084.34668402
7087.32322952
7092.85639672
7095.55331826
7096.86118059
7096.81713215
7096.42989618
7095.88040582
7095.36297603
7095.116249
7095.23919434
7094.44492846
7093.5426324
7092.03306724
7089.2954427
7087.5914232
7087.0562207
7086.59008783
7087.06542069
7087.94283497
7089.91184209
7092.52143342
7094.85467654
7096.79754732
7098.04958243
7098.15140961
7097.79344633
7099.24850851
7101.1642672
7102.00474212
7102.13514502
7102.77203529
7100.89182202
7097.63028588
7095.24755796
7092.93717543
7092.17950043
7091.49939808
7091.58784344
7091.83944925
7091.26939831
7090.45582639
7088.71417056
7086.89306026
7082.48438285
7076.97121866
7071.99792667
7068.02764276
7064.59900134
7061.75426661
7059.45497285
7054.95113129
7050.92874198
7047.02694921
7043.12645281
7040.05619285
7036.73703829
7033.45209097
7029.87566425
7027.11246095
7023.42283949
7020.57719173
7017.22950325
7013.83481816
7010.07200102
7006.1812343
7001.11041543
6995.25089948
6989.57427515
6983.63402927
6976.48792945
6969.15638709
6960.72840097
6951.46023266
6942.81356555
6936.65065899
6931.32288159
6926.47685613
6922.30801272
6920.14887246
6917.67985977
6916.48079431
6916.63545173
6918.97866151
6922.63419421
6927.85760748
6933.68168256
6939.12224348
6944.77590965
6950.66774406
6958.9490879
6968.14371901
6978.16266929
6988.78021837
6999.54792942
7009.64520508
7018.9465073
7028.04483123
7035.77677531
7041.80870746
7047.81522812
7052.16354105
7055.2238692
7058.42504782
7060.35073135
7062.09261021
7063.56467147
7063.64963896
7062.23608128
7060.28416384
7057.82249024
7057.09077036
7056.50567883
7056.67022624
7057.20690631
7057.50803873
7056.53259577
7054.48977266
7051.21113988
7048.05096395
7044.85753563
7041.09260666
7037.21554236
7033.39792254
7030.08345858
7026.91240297
7022.66632842
7018.43376811
7014.71604486
7011.72197755
7008.6868518
7006.42166073
7006.40186681
7007.38239068
7008.96387607
7010.20579816
7011.5729377
7012.85556975
7014.16960025
7015.67820359
7016.83111577
7017.9068944
7018.75286143
7020.544246
7020.94131621
7020.26877597
7019.36940021
7018.78453867
7017.96252646
7017.90336076
7016.76479917
7016.47817764
7016.99309834
7017.0542504
7015.47364319
7013.08817618
7010.59355686
7007.6998043
7005.53556919
7004.97469733
7005.13557171
7005.77329138
7007.27416533
7007.21864478
7005.60433215
7003.1472934
7000.29774958
6998.243998
6996.79707641
6996.46574432
6998.25433405
7002.43181987
7006.80837398
7010.01366471
7013.15489006
7014.4210597
7012.67995447
7009.95007326
7008.01997792
7006.08784046
7005.34394453
7004.8381611
7004.80251114
7003.68715165
7002.30009273
7000.95936831
6999.83324762
6998.75070143
6998.76467566
6998.76294021
6998.43576902
6998.26439828
6998.86244647
6998.93171125
6998.14107659
6996.24935636
6993.35489986
6990.53812752
6988.75440961
6987.79239724
6986.89051238
6985.58902035
6984.11393425
6981.0680682
6977.83461295
6974.52607323
6971.94813823
6971.64987035
6973.06042409
6975.51835497
6978.72087873
6982.49421314
6985.76265624
6987.95018405
6989.44549619
6989.37711656
6989.59347665
6990.12668581
6991.6219631
6993.88306296
6995.00437457
6996.14023192
6995.35656695
6993.9944177
6990.61544229
6989.16218526
6988.49615472
6988.71834843
6989.46097587
6990.73902187
6992.09655718
6993.00608081
6992.9068603
6990.11549249
6987.92367135
6984.43542514
6982.20775888
6978.9572488
6976.48141279
6973.99709467
6972.74745713
6972.24900581
6970.4418558
6968.61250733
6966.78925036
6967.22322508
6970.25255902
6973.14775431
6979.54754669
6983.86141541
6989.27233424
6997.8103857
7000.74214398
7004.96473067
7007.53175113
7011.84612864
7015.18722378
7020.41754401
7023.41535404
7026.74973737
7029.34888114
7030.19271544
7030.4748694
7029.52026581
7029.53727883
7030.19856301
7031.70203666
7032.62982785
7033.76942793
7034.07010035
7033.0001693
7029.69619473
7027.15872575
7020.77530516
7017.25353475
7012.19918525
7009.61695693
7005.74164202
7004.34617068
7002.23696128
7000.41155765
6998.69859603
6996.57683421
6995.55351645
6995.00685578
6995.57111491
6998.45383445
7002.11827443
7008.21763136
7014.46673208
7017.6913637
7023.59157568
7026.12317618
7028.44046568
7030.2477969
7030.42663218
7029.30765542
7026.16210887
7023.62662625
7018.89398371
7013.91922808
7010.78055364
7007.25841383
7005.65477877
7004.61122799
7004.10897819
7004.38097732
7004.59652195
7005.93272304
7007.41033216
7009.51013946
7011.08073122
7012.57348549
7014.8122684
7017.7865627
7022.05887115
7025.79407439
7028.97261545
7032.31683999
7035.99254995
7039.03148812
7043.09726375
7049.1716204
7056.20893034
7064.28758862
7071.36730912
7077.09012158
7081.91042888
7085.78864318
7089.26784273
7092.63664239
7095.18970954
7096.96858352
7098.40364269
7099.149748
7098.7428575
7098.36942151
7097.5646314
7096.38605683
7093.72795645
7091.86293711
7090.63188076
7090.01785107
7090.72381097
7092.57844548
7094.71179789
7097.56525868
7098.94442093
7100.73068278
7103.17899549
7105.41919325
7107.70887581
7109.39645382
7109.46090951
7109.01032602
7107.58196472
7105.09809963
7101.68838789
7097.97298554
7094.73486757
7091.61188887
7088.49114048
7085.43437384
7082.75822197
7079.88559454
7077.1975245
7075.30999305
7073.90427628
7072.37254751
7071.75796024
7071.00049433
7070.09582857
7069.34693538
7068.06757908
7066.52065639
7064.65859916
7062.60982394
7061.07533517
7061.51439079
7062.9459233
7064.77054632
7068.44916961
7070.26804961
7070.93511864
7070.47748879
7068.96276607
7067.5815129
7066.31888386
7064.67333308
7061.89105374
7058.85237345
7054.83426353
7051.42111573
7047.26147231
7041.91917705
7036.80484641
7032.65056965
7030.09559281
7027.38071735
7026.81828427
7027.72494337
7029.26552364
7030.50303392
7031.74278844
7032.83498765
7034.05873279
7036.29607298
7039.60156694
7043.69930557
7047.68642128
7052.36677721
7056.03375415
7058.10223269
7058.23292831
7055.83613556
7054.20211265
7054.12098545
7054.15012573
7055.68442632
7059.16005738
7063.26961661
7066.82725305
7069.93733782
7071.99548728
7073.60806445
7075.18356288
7077.32534861
7079.50302825
7081.4669475
7083.97129651
7086.57782118
7088.98264302
7089.83322398
7088.17701655
7086.43034254
7084.83644413
7083.89853295
7082.99686415
7083.02362776
7083.66762712
7084.67363217
7085.69950085
7084.98685004
7083.07088226
7080.85758751
7078.84174407
7077.78060876
7077.14532152
7076.42744345
7076.00696205
7075.22433556
7073.485607
7069.81662279
7065.71356629
7062.34153966
7060.79844332
7060.5445863
7060.66949709
7060.42986521
7060.6891307
7061.29919464
7061.13092541
7059.09705836
7057.42608912
7054.70307305
7051.81084686
7050.20176149
7049.55994365
7049.06027961
7048.75955142
7047.2658214
7044.59201135
7041.50657837
7036.57126422
7032.94174936
7030.60912654
7029.42280864
7028.85891193
7029.08885594
7028.92004308
7028.17167262
7027.12131942
7026.64805656
7025.42111234
7024.86565592
7026.27427906
7028.60389097
7032.12497139
7036.1423704
7039.75921436
7042.91727151
7045.1895159
7047.5015851
7050.16248032
7053.91227809
7059.03244236
7065.06440936
7070.91532472
7076.77571886
7081.94506824
7087.37069311
7090.33106894
7091.68583728
7092.17204286
7090.73942308
7089.49380008
7088.79209169
7088.17381049
7086.0693126
7081.91928038
7075.80079862
7068.57016343
7063.73971523
7060.99528131
7060.4714185
7062.21839917
7065.43700899
7068.60598764
7073.35394955
7076.86827634
7077.9798722
7077.28701532
7076.79934611
7077.33719709
7079.09439533
7081.57553527
7081.75395934
7079.78195525
7074.20320628
7065.49883014
7052.16226559
7043.03241079
7033.48993639
7023.76476551
7015.85837705
7008.80174017
7002.73938532
6995.00879335
6985.46869562
6974.83173596
6968.0516494
6962.59549728
6959.50753431
6957.11385701
6955.56517795
6955.22208799
6954.50358265
6954.20348871
6953.17161216
6952.91834757
6954.00577951
6957.19998844
6961.86655831
6968.95486547
6977.46946392
6984.00729102
6986.48665369
6985.78737773
6984.27086379
6981.876838
6979.13850953
6978.18679139
6977.18826481
6977.45488333
6980.02108137
6981.10415726
6981.17378446
6982.46560256
6987.44788546
6992.71432262
7000.64978862
7011.88810011
7028.43264569
7043.35893379
7056.33151324
7066.68541986
7072.83742583
7078.59892007
7084.53674746
7088.56188283
7091.1953802
7093.61630202
7094.34867704
7092.22041251
7087.58068987
7080.96868436
7074.61490587
7070.33384348
7068.96499637
7069.60551088
7072.32578089
7075.95608332
7080.52513329
7083.5398727
7085.49696165
7087.05503585
7088.58864644
7088.55728284
7088.11554388
7088.30741945
7088.27689221
7087.78936239
7086.99656015
7085.72117658
7083.27962448
7082.40778596
7082.68483113
7084.6572534
7087.98068038
7092.76760287
7096.2608115
7098.2774216
7098.56227283
7096.44982949
7092.92936937
7089.32095177
7086.23588819
7080.92226623
7076.2239982
7071.87268134
7065.96977209
7060.33437348
7055.58183248
7051.24241288
7047.01963801
7044.17306328
7041.66396094
7040.17536061
7041.27777042
7043.88758478
7045.22745889
7044.94176433
7044.07277641
7040.91053048
7036.25614362
7031.05281701
7026.65942413
7023.61925929
7020.93495288
7018.42959327
7014.15329118
7007.83714204
7002.18965799
6997.76867908
6995.18686196
6995.64672211
6999.60270421
7004.30187133
7010.98539283
7016.66184988
7020.09083979
7022.52351251
7022.61372817
7022.58439972
7022.01061999
7021.44586601
7018.79305563
7015.51118891
7011.56950164
7007.14664788
7001.36517154
6996.03306597
6993.11029859
6994.60376376
7001.364377
7011.41574331
7023.90158052
7037.35223889
7050.89837504
7061.52951502
7067.73150063
7070.36890102
7071.516112
7071.50963019
7071.36375458
7070.20434664
7067.16751332
7060.80460453
7051.02156431
7039.61925602
7029.3136145
7022.38948537
7020.30283685
7023.51488121
7030.73005763
7039.21083218
7047.55488929
7054.69698154
7060.64956377
7065.23370313
7069.05804173
7072.03361148
7072.5368231
7070.8415854
7065.99813873
7060.88034415
7055.92898577
7049.24420972
7041.47742416
7033.28233023
7025.82334012
7021.36229246
7018.27356979
7017.50821419
7020.52955389
7024.81152234
7027.87466625
7025.72311597
7019.98035626
7012.02860906
7003.71204738
6995.48484409
6986.00434418
6976.59986267
6968.31595399
6960.24395873
6952.21289645
6944.86972168
6939.46910405
6936.65709201
6937.41903943
6941.36462973
6949.06870202
6960.24429327
6974.31126739
6989.73011742
7003.63414018
7012.43899835
7015.84171252
7017.74392213
7017.31141802
7016.57539785
7014.23704594
7011.81670958
7007.92499498
7003.36377894
6998.90315643
6993.52489757
6989.49722523
6990.44090035
6994.40826395
7001.85942711
7015.9842845
7031.40225635
7046.36619472
7059.07151444
7065.94140545
7068.94339033
7065.06064573
7056.51289943
7048.30921884
7039.10768774
7031.47453204
7022.07502689
7011.56635134
6998.5100241
6983.07820347
6971.26840528
6964.605758
6963.88605387
6968.31873489
6976.49369338
6986.63380476
7001.21171988
7012.32688392
7021.30194888
7026.16216463
7030.23350904
7030.5003715
7030.35581316
7028.74040629
7025.15841078
7020.29615292
7015.94436212
7009.56053729
7001.88605133
6991.15504266
6981.36178488
6975.65400604
6974.81165628
6977.241109
6982.38897082
6991.10317423
7000.53096238
7008.44282204
7014.84707503
7020.19142635
7025.14479898
7029.73657014
7034.4335209
7037.31397529
7039.27253485
7040.57617354
7041.04554035
7038.43892508
7034.72683333
7030.84778964
7027.56994443
7025.31895759
7025.87035067
7029.26643667
7034.13035332
7037.96573888
7038.90728824
7035.91019609
7030.71379735
7023.69026649
7016.14851131
7009.17330131
7003.16256399
6996.34112626
6986.91289206
6976.65939079
6966.54616151
6957.35594222
6951.31730523
6949.64990447
6952.30119546
6958.42890509
6967.02281861
6977.10402914
6988.95802213
6999.41983349
7008.23856134
7014.32013162
7017.58117987
7019.5325955
7019.5268455
7016.7437995
7012.12125018
7007.34093496
7001.09774454
6993.19422759
6985.11573658
6980.08576707
6978.37463847
6980.8658078
6987.16325029
6994.67751005
7003.19689668
7012.27244367
7021.28764011
7029.60090513
7037.37049948
7042.15627893
7044.78312722
7045.97008633
7043.54669724
7038.9842615
7032.00721848
7024.94255251
7017.35804525
7007.88813229
6998.87993342
6992.3206815
6988.97331363
6990.94712287
6997.00161591
7003.93591382
7011.9870488
7019.69863442
7026.44340556
7030.35339468
7032.59577395
7033.83490816
7030.64477651
7024.91903678
7016.89222602
7005.14370534
6992.9041491
6980.26503446
6967.76604545
6955.90887427
6947.92931801
6945.83493313
6949.25124517
6959.42403045
6972.45668166
6987.59364259
7002.70711566
7016.04159626
7028.51005803
7038.44546264
7047.69624855
7058.26329525
7063.61763414
7064.77534147
7060.17008395
7051.71131968
7041.69146334
7028.7030836
7018.14020477
7011.08184637
7006.89368298
7007.18227694
7009.57507606
7011.79966172
7013.71248617
7015.10601992
7016.72911436
7017.86053202
7018.53804861
7019.64164327
7019.06159779
7017.6294171
7015.25593099
7012.03766966
7008.35520607
7005.26302643
7003.64413472
7004.26265289
7006.62306386
7009.49344008
7013.55554966
7017.96349525
7022.2620655
7025.23457555
7026.86521119
7023.76047218
7019.67489566
7014.44707058
7009.03435357
7001.90861221
6996.58316966
6992.70177718
6988.67167242
6984.12452121
6979.53994973
6974.90223437
6972.95999783
6975.40766932
6982.69443143
6991.98677062
7005.22509738
7020.65306377
7034.11255971
7046.61475478
7055.58901126
7063.4945076
7067.215186
7069.15408406
7069.53853216
7064.71341577
7059.61102421
7053.59611901
7045.05481967
7037.08414976
7026.74416859
7015.74266626
7005.22117345
6999.17884252
6997.57141594
6998.74468659
7002.23685673
7008.16222232
7011.35036762
7012.22119554
7011.4704972
7010.47278607
7011.45845357
7013.96449622
7017.97555978
7023.10730071
7029.06415536
7032.78077043
7033.9256605
7033.9015384
7034.04427765
7036.58941329
7041.74046026
7049.17673616
7058.13891416
7066.95612262
7076.24037697
7082.2943891
7087.8049048
7091.48392536
7094.79787357
7096.47708098
7096.52426578
7096.80131096
7096.86090181
7094.64293736
7089.40514562
7080.95481468
7069.03894478
7055.90419458
7044.99843488
7034.04239584
7024.26139077
7018.30795127
7015.21870587
7012.61126121
7009.29074059
7007.10873277
7003.10528708
6997.68268007
6994.18399327
6992.05689964
6989.84626034
6988.58833584
6988.6939824
6989.02259631
6988.029297
6985.3316994
6982.93093392
6982.81868009
6988.03600881
6998.86871919
7010.60610927
7023.49500366
7037.25899141
7050.8859899
7061.80276868
7069.75814709
7076.50836155
7083.16190641
7087.25910838
7090.19697211
7091.29825282
7091.50023444
7090.37790526
7086.96547534
7081.70879575
7075.82240466
7069.49782917
7064.43073211
7060.79704241
7058.78762503
7058.38684695
7058.01570398
7056.36790896
7052.59456062
7047.58506805
7042.17460922
7037.84297476
7033.68006256
7028.97106818
7023.58677356
7019.12566318
7015.89898943
7013.66261106
7009.42522773
7003.9543835
6998.60718157
6994.36224309
6991.29630434
6990.53164571
6993.90947112
6999.65582719
7004.91970647
7010.05377528
7012.22114675
7013.34618714
7014.16189178
7014.71997576
7016.09637105
7018.55322163
7021.05098428
7022.18771284
7021.39328667
7019.86603941
7016.91205478
7012.78290376
7009.38450383
7008.56690343
7010.46106305
7015.57820945
7022.45760015
7028.92807913
7034.2756853
7037.5981644
7040.16887183
7043.18482397
7048.99039452
7056.84002183
7064.93191555
7073.34112532
7081.07378729
7085.65956452
7087.88728654
7090.06824193
7092.51453342
7095.17193683
7098.80844228
7102.44271744
7107.13806516
7112.47341862
7116.69211622
7118.94840002
7119.70537805
7119.32573904
7119.24852184
7119.39034806
7119.4068732
7117.22076023
7114.38158731
7111.0365543
7106.17582279
7099.85765941
7094.61596466
7090.82647451
7089.67689384
7089.53087883
7089.85246033
7091.27887708
7092.94965117
7094.62572222
7095.76456957
7094.91440678
7094.10829244
7092.96846933
7091.63126461
7090.23781449
7089.29000635
7088.72023419
7086.87828452
7085.36857996
7084.41415062
7082.66266752
7080.9049814
7081.53859592
7083.11520949
7086.85577242
7092.2452246
7099.00540572
7106.29758328
7112.19519556
7116.19726126
7118.80322138
7119.95281599
7123.60109325
7126.78003855
7128.50155198
7128.87366373
7127.61932862
7125.00756972
7119.78964857
7114.47910025
7111.93342098
7111.97453518
7114.0193795
7118.03858366
7123.23301695
7130.39592069
7136.38545622
7140.40390766
7141.71573574
7141.87792042
7141.30849675
7139.57338546
7137.61135499
7136.35366746
7135.52073375
7132.89796274
7127.39183794
7120.85218478
7114.10592911
7106.81836548
7102.20038131
7100.74998883
7102.08008446
7105.04185423
7107.48765785
7107.66531524
7105.29534186
7101.51031231
7096.82918972
7091.37889214
7085.58875247
7080.03620954
7076.69675227
7071.37058487
7064.86486713
7058.89911219
7053.97209197
7049.10351956
7044.72194728
7044.04085523
7047.08015583
7054.11128365
7060.92329138
7068.44561507
7075.55825341
7079.39590412
7080.69707554
7078.53570498
7074.48701206
7070.02188016
7064.90752164
7059.64442993
7055.58064066
7052.47679377
7050.40793886
7046.5643221
7042.21297736
7040.79328636
7042.01406241
7047.11096883
7056.09063379
7067.83297932
7081.3771082
7092.879327
7100.71500098
7104.17315207
7103.58470114
7100.69130404
7097.59982834
7094.68607974
7090.80612301
7086.96902988
7084.08364792
7079.35380719
7071.76994811
7064.398337
7057.83665265
7053.7727658
7054.09695396
7057.94728951
7066.58463814
7076.06188321
7084.50343234
7090.17446001
7093.17435398
7093.61323536
7092.05265207
7089.02927024
7086.56423028
7085.1992165
7083.85364815
7080.30774866
7074.72140273
7068.0109852
7061.29688767
7053.71280556
7048.92648944
7048.20893894
7053.7026786
7061.58003133
7069.59861089
7076.34373747
7081.91140463
7085.86426432
7086.4648425
7085.49779802
7083.49129396
7080.62675137
7077.43456366
7072.67538054
7066.19182641
7059.83031156
7053.60841354
7047.85130324
7042.37072236
7038.26455737
7036.52692305
7039.4789701
7047.26533352
7059.66464203
7074.57838469
7090.49248696
7104.50114568
7113.88967356
7118.39578724
7118.2400077
7114.72909606
7110.94748863
7106.74462616
7100.54863448
7093.93955624
7085.1856256
7073.59154629
7059.9749396
7048.85936435
7042.76553439
7043.90963688
7050.95738741
7064.00439618
7078.60240491
7092.23003068
7103.02196837
7108.9516482
7111.3990409
7111.00302312
7108.30191976
7103.58686175
7097.33463163
7089.29495483
7080.51746663
7070.80283392
7062.41689595
7055.56070038
7048.78520685
7045.22267072
7045.93872273
7053.09046103
7064.12371727
7077.78534815
7090.75259579
7100.01036532
7105.42400233
7106.9707926
7104.73023939
7101.17026113
7096.71600195
7091.52832229
7084.94768039
7077.39818187
7067.89145502
7057.70611035
7048.01635247
7041.12599845
7036.20211459
7033.38716831
7033.92800928
7037.01823741
7041.87650164
7047.77868604
7052.89634819
7056.8327385
7059.85987699
7061.45213055
7062.05771994
7064.24755472
7065.39045146
7066.54595636
7066.64297445
7065.73942384
7064.4933966
7063.24495785
7062.17388376
7063.73521978
7068.09706087
7076.39663742
7086.03669445
7095.47539713
7106.69491833
7116.77295068
7124.9752443
7131.4021906
7131.78518203
7129.96078901
7127.80360723
7122.6219215
7115.94530696
7110.77735153
7106.43579223
7101.29000041
7095.71076356
7090.88041991
7088.50459198
7094.9386613
7106.18781066
7118.80287986
7131.42400573
7141.13460299
7152.29928667
7160.67210072
7164.83210656
7164.96097613
7161.90986191
7155.06444148
7148.39688754
7136.92944052
7123.13969977
7109.6171142
7092.65615753
7077.64016951
7064.10044547
7056.17263219
7052.00298727
7053.31021536
7061.07514698
7071.05464882
7081.2197326
7089.01484298
7097.63572224
7104.52128808
7112.95678056
7117.48595694
7119.28741271
7117.47501452
7111.54436591
7104.59711831
7099.04143902
7089.25369426
7076.61869174
7066.2393597
7057.96175161
7051.52729896
7050.00033048
7052.77587013
7059.97427051
7069.53184126
7078.7689805
7087.66091101
7094.64244948
7100.79968271
7105.16689047
7109.6694496
7112.60800333
7113.10871283
7109.00439481
7103.25419844
7096.1595419
7088.21172561
7080.18584878
7073.73484311
7070.23891631
7069.72065016
7074.00171254
7080.11914885
7087.72914427
7096.6248384
7105.66048391
7112.39948415
7116.38475289
7119.41175198
7120.61542441
7120.68308616
7119.80407583
7117.0102059
7110.76026881
7102.28241457
7093.33814169
7084.35044765
7076.54850697
7071.56970891
7069.26434455
7067.61120378
7067.08882552
7066.84537424
7064.16782844
7059.36772627
7055.0188488
7049.9763896
7043.49786759
7038.55299799
7033.694908
7029.00889966
7025.42780324
7024.41292577
7024.21228233
7025.58398005
7028.76540657
7031.95920428
7036.80499974
7044.75381967
7054.52069021
7065.39958175
7075.24573251
7083.68623619
7089.18343979
7092.22445493
7092.62444544
7090.72499582
7088.15833778
7084.9067683
7080.24808811
7074.87487531
7068.05844879
7060.3905004
7050.85300236
7041.30344676
7031.12316906
7022.25283066
7017.92387953
7020.25660689
7028.25971374
7038.81629197
7050.53384631
7060.76590881
7067.84817324
7072.11794473
7076.78045825
7081.22914168
7085.91340063
7088.44500113
7087.88728654
7083.80360577
7077.62964528
7068.44115447
7054.25820471
7040.49795271
7031.33835824
7022.82024009
7017.91515348
7016.84111031
7018.32692276
7021.69341546
7023.65212138
7022.68206598
7018.53652225
7016.27807087
7016.11871588
7017.53646234
7019.47089283
7022.24181158
7023.3477132
7022.04547541
7018.07005484
7013.51755091
7010.80581877
7011.5678777
7015.34335878
7020.78650546
7026.46910977
7032.59801819
7038.4473584
7042.29390243
7044.56898349
7045.65270059
7046.05437079
7047.68828219
7050.63582682
7052.50726525
7056.16346705
7059.00930299
7060.80905119
7060.14664488
7057.46278454
7054.97054885
7053.81265334
7054.53909019
7057.29424349
7060.60658867
7063.43990704
7065.64561181
7064.24480866
7061.70815514
7058.39054088
7053.8698048
7049.04624265
7044.13068757
7039.1842916
7033.55170875
7025.29634095
7015.68273389
7005.54129131
6994.16001754
6984.25067957
6975.72825415
6969.27931151
6964.56908349
6963.30818293
6962.42808533
6961.28039345
6962.0400339
6961.74720934
6960.20451725
6957.64268921
6955.76883926
6954.86487744
6953.72228737
6952.55981974
6949.79741099
6943.87830418
6940.28169323
6936.84640273
6932.44834713
6928.92403974
6928.86756434
6933.1044389
6941.05962215
6951.18060173
6962.60265515
6975.30822578
6987.93768043
6997.26929382
7008.17633594
7018.9562788
7030.28825595
7044.64795705
7054.16540329
7060.70208039
7064.23315534
7063.33963411
7059.97020021
7054.64835402
7048.2326568
7042.00245091
7035.73798202
7029.59775483
7021.72379634
7013.54525542
7006.03522627
6996.55683817
6987.51599327
6980.47992394
6974.6617731
6968.80443865
6965.7507317
6964.10328517
6963.11710191
6962.78837648
6961.8062705
6960.48917333
6959.07339929
6957.31099469
6959.06562809
6963.22636574
6969.26833425
6972.98258659
6975.19576983
6976.21849517
6976.3797041
6975.29817549
6972.7830374
6968.85055709
6964.99009459
6961.05514701
6955.8705131
6951.05783064
6947.07230402
6944.29834649
6940.5687887
6937.07299432
6934.87184773
6935.10503265
6940.06727769
6947.52060145
6957.64207587
6967.87079989
6974.9278898
6979.39966381
6979.40712835
6978.70294572
6978.89628492
6978.26038435
6976.33286779
6972.47876861
6968.69317452
6962.31306453
6955.79443893
6950.36172588
6946.8474897
6946.36261533
6950.34705468
6957.392784
6965.96760755
6974.24155655
6982.60549818
6989.28924271
6992.24570157
6993.28331417
6992.19614011
6991.21805563
6989.70165321
6986.5158567
6981.67757456
6976.01314023
6971.32476219
6966.98101441
6962.10803716
6957.73139245
6955.70903932
6955.48734742
6957.80508995
6963.60697354
6971.27996799
6979.05817688
6986.18808611
6992.32892664
6996.3583414
6996.95898231
6998.32076216
7000.69626252
7002.46098802
7004.48913296
7005.26262219
7002.62102605
6998.4586993
6992.20763313
6985.6688233
6979.1965322
6975.98128178
6976.33581597
6978.93941336
6983.59979416
6988.74207326
6992.21073464
6993.71581828
6992.23425037
6989.59384604
6986.96724867
6984.82371354
6982.83374159
6981.73851056
6979.50682977
6975.4780841
6971.02178977
6965.69631236
6960.63560652
6958.62887246
6959.31960359
6964.64131039
6972.60425788
6982.10028626
6992.16314559
6999.58753817
7004.23863534
7006.46409917
7006.4449604
7004.80221144
7002.85100491
7000.97146769
6999.12022742
6997.49134814
6995.54221161
6994.81271507
6992.3521845
6990.77945304
6991.09508939
6994.00265588
6999.12148197
7008.15497384
7019.72867379
7031.85492378
7043.05308289
7049.26194759
7050.14440792
7047.33918436
7045.22860889
7043.34004593
7041.85700742
7041.18654415
7039.39767563
7035.72782021
7029.98666353
7022.8593052
7014.63346797
7006.73298284
7000.88144021
6997.2720817
6994.68749065
6994.52339626
6995.68304813
6997.49326481
6998.47287565
6996.61919599
6991.57788679
6987.36144737
6984.47957813
6983.26101147
6982.94899238
6983.09316042
6983.60238688
6983.05374682
6982.12037988
6978.95164517
6974.55279502
6975.48604348
6982.05664206
6990.86144447
7002.32935846
7014.47338813
7028.60248309
7040.4031719
7049.48049616
7054.94021676
7055.96151331
7055.32532001
7054.36907854
7052.5909782
7048.69872694
7043.48663245
7037.92700135
7027.9842925
7018.49609108
7011.16616568
7008.25724708
7008.87655979
7013.94053442
7022.34980692
7034.0656049
7044.32746979
7051.10451756
7053.98019075
7054.33780554
7052.29742182
7046.81955215
7040.33180924
7033.34199078
7026.23531849
7020.52059784
7014.17670237
7007.27684169
7000.93141986
6995.91365427
6993.3457835
6993.22743817
6998.06615939
7006.59625843
7016.28833723
7024.66750067
7031.14583449
7035.22603738
7035.30536639
7031.96583246
7027.1068155
7022.20999494
7013.71067405
7007.74392244
7003.04214168
6995.96604543
6988.54210588
6982.35789297
6976.20893276
6973.87561297
6974.64765947
6980.37404041
6990.93620137
7005.67419633
7022.0376833
7037.23985264
7047.81821115
7054.01500435
7058.50858652
7060.0938216
7060.85452842
7059.23824337
7054.7261497
7047.83679234
7036.58364936
7022.3115712
7007.67668584
6994.09132427
6984.80999022
6981.46523599
6982.64951177
6988.49320654
6997.17305634
7008.97614969
7022.68876386
7035.20145528
7046.55594453
7054.89093408
7060.2511066
7063.26211722
7063.0275314
7058.92933277
7050.57831991
7040.04443499
7028.65199577
7014.94321494
7001.89676374
6992.68958022
6987.65866283
6988.20882925
6991.93942551
6997.35435889
7004.09073155
7011.74136026
7020.09980281
7028.34949729
7035.72012567
7042.0583757
7046.14743009
7047.81786964
7048.0174955
7046.51600124
7044.13315484
7042.10278656
7040.38396343
7037.40371702
7034.2060581
7032.19348344
7031.54188712
7034.65455068
7040.56309841
7047.9020844
7055.34500241
7061.9815482
7066.58408057
7069.72462288
7071.78109961
7071.56685134
7069.74288347
7064.98579126
7060.13796065
7053.20525879
7046.22888486
7038.50194501
7031.20747443
7024.70471184
7020.73377278
7020.59270626
7025.36384936
7035.66519058
7048.08117755
7061.37041093
7070.94424893
7078.56023829
7082.78150073
7085.22751344
7085.38056783
7083.32060625
7079.06282263
7070.63814015
7058.99818633
7044.50093841
7030.75845215
7018.19547441
7006.44530889
6999.26680698
6996.06874381
6999.20440037
7006.24406606
7015.96993391
7027.6646207
7038.33060912
7047.42630548
7054.70420214
7059.07382838
7063.36478773
7067.75561576
7068.70593299
7065.74074808
7057.70702338
7045.76806987
7031.300011
7016.6028654
7006.79145157
7001.8250526
7000.80445301
7002.73468775
7005.95844119
7010.85661387
7015.86849007
7022.1886886
7029.42780591
7037.14379637
7045.08737509
7051.27970072
7053.05144471
7052.58100457
7049.04837538
7043.70207254
7036.54418
7027.29968773
7018.79259563
7011.44252783
7006.5930245
7005.8030868
7008.95902516
7014.68677913
7023.16192217
7030.21236997
7035.83881949
7039.40747502
7042.60576121
7045.84410222
7046.54900272
7047.65083405
7045.91706093
7042.65081329
7036.63841021
7028.15834657
7016.41692104
7005.15058442
6994.94903523
6986.94153051
6981.65670034
6981.68248123
6984.35647946
6986.84398273
6989.93210601
6990.57170052
6989.86009517
6988.57446615
6987.93150528
6986.79725793
6986.84295819
6986.98911956
6986.00351478
6984.2211699
6981.93880552
6979.12397772
6975.58994762
6974.33760584
6976.30456388
6982.00289878
6992.00117697
7005.60597003
7020.70382402
7038.23669255
7051.66494336
7060.700331
7066.21845063
7069.22942641
7074.05642461
7079.83157944
7083.66114531
7085.51640709
7083.2319518
7076.63067961
7067.62326135
7058.70653269
7047.6858428
7038.04549304
7034.95675644
7034.14616058
7035.57960975
7039.89828059
7044.87540591
7049.6213048
7054.43935392
7058.76440202
7063.78909548
7069.02096298
7073.57586448
7076.37314957
7077.58350593
7076.04111353
7071.25593347
7063.3443735
7052.27173852
7042.51632615
7029.08226958
7018.88113857
7011.22853744
7007.20049571
7004.77668147
7003.84924573
7003.54816906
7003.11498888
7003.59424568
7003.10463193
7004.50152507
7006.37143714
7010.10072311
7016.35424261
7023.34207472
7029.2539679
7033.84329967
7035.93686909
7037.3574801
7037.96592009
7041.11877088
7046.98538895
7055.33918272
7065.50900588
7074.61887859
7080.25547599
7082.269577
7080.09517312
7077.32890316
7075.29500822
7073.55962511
7071.95527217
7069.16704768
7065.04970331
7059.22527974
7052.19928859
7042.81017525
7033.17815428
7023.03788957
7013.70921738
7006.00306812
7001.06586518
6997.58794805
6994.41676001
6991.46045448
6986.97711078
6982.51503161
6978.19568471
6975.04277817
6974.01939071
6975.49018348
6978.89643825
6984.55324078
6990.91711836
6996.78715855
7003.13613492
7008.80318986
7015.19788044
7022.1259823
7031.01318735
7040.84311267
7051.33862945
7064.18194206
7076.34067081
7085.07020754
7091.71601604
7094.91510375
7095.64406363
7096.34493565
7097.55640717
7098.68117574
7101.11973088
7102.64950814
7100.30567109
7094.56438895
7086.8516603
7078.60777157
7071.4687878
7068.1324669
7067.24815263
7066.11404467
7066.44503525
7066.97968017
7065.31831517
7062.31968968
7058.35984637
7053.69720042
7048.65241335
7043.05725076
7037.72451094
7032.5554752
7027.80031359
7023.39854315
7015.88024794
7007.74850152
6999.62879176
6993.66169167
6990.63621197
6991.10494453
6993.54264937
6997.85038476
6999.94555024
7000.36007952
6999.36552566
7000.59711171
7002.75025804
7006.10762044
7011.96218095
7017.69570582
7022.90143001
7027.33835557
7032.27343973
7037.25064172
7044.83556019
7053.10059496
7060.49601453
7068.55413314
7076.96647928
7084.67168066
7092.44971531
7099.19198432
7102.42055382
7103.06030167
7099.13755104
7094.29696194
7087.74998364
7081.43195966
7075.17896288
7068.49489078
7062.99099628
7056.48728582
7049.47026465
7043.0847671
7038.96083637
7038.41445449
7040.15776214
7044.52421717
7051.41093998
7059.05435507
7065.37128481
7070.45114337
7073.33687381
7073.3843374
7073.10018314
7072.74884107
7071.71349362
7069.28741423
7067.45097061
7061.88771526
7054.61767344
7045.53293344
7037.8106354
7028.96124092
7023.21301
7022.12379382
7024.81893809
7030.0653583
7037.46237393
7043.03631381
7046.03572687
7046.23709516
7045.32823364
7044.69311367
7044.23924049
7044.03590675
7043.85696693
7041.66492276
7036.94904929
7031.82413169
7026.75237888
7022.25165278
7020.16120578
7020.60614382
7025.54566767
7034.42995242
7048.01888247
7059.17343919
7066.64722596
7071.81399655
7073.91131566
7074.09127306
7072.49570193
7072.02740846
7073.06868014
7072.70521081
7070.76777638
7068.79674805
7064.80346417
7061.00066191
7055.65378059
7051.02289552
7050.16961728
7056.20682549
7065.64010575
7074.41327274
7082.24685581
7089.36040021
7093.76754429
7095.244561
7094.68963428
7090.51060816
7083.4432031
7078.29155674
7072.23182946
7062.69312567
7051.68285547
7041.2117117
7031.12392875
7020.48243182
7009.46911586
7001.21484927
6998.46142445
6999.84297034
7004.8808853
7012.10783353
7017.40357823
7020.92736289
7021.14264268
7017.06704675
7011.28674829
7005.80720589
7000.38334434
6994.59952619
6989.82602036
6983.99183225
6977.7495897
6971.02445916
6965.77975349
6962.76510469
6963.26381389
6967.23341477
6975.46115472
6987.68352371
7002.14590925
7016.28223875
7028.85388678
7038.80949652
7046.69153288
7052.21549312
7054.77010056
7055.79520257
7057.52080024
7057.48291997
7055.25095342
7052.0453142
7046.05338807
7038.0229461
7029.43519378
7024.00137254
7020.54121419
7020.28804717
7024.52848323
7028.46701323
7030.77446153
7031.66963457
7030.07233496
7026.2102973
7020.89410353
7015.15269594
7007.92870983
6999.46852374
6991.80532171
6985.33060515
6978.84357316
6973.04904259
6967.30024712
6962.34292269
6959.36558263
6958.69455482
6962.54535036
6969.58903756
6979.05824658
6990.34463499
7000.07938222
7006.64395899
7008.85488405
7007.21265782
7004.33136706
7000.71068977
6996.51159094
6992.30777363
6988.47678595
6985.26863764
6981.95710095
6977.27440321
6971.12078724
6964.90323134
6963.51862575
6967.20761297
6974.11727303
6985.7140078
6998.27399554
7009.16246344
7016.65477565
7019.16210769
7019.45519012
7016.29813661
7012.45382985
7007.9021344
7003.21272485
6997.59190683
6990.82014209
6984.02908524
6979.07348232
6975.31387123
6972.82879341
6973.17092853
6976.53862698
6983.36101258
6994.40015821
7007.0696816
7019.16217041
7028.75243597
7034.85430896
7036.06389866
7034.32057707
7031.54585288
7026.93379991
7021.6007604
7016.98968319
7012.75569409
7007.28371381
7001.1088821
6994.93202919
6990.40415614
6988.18269291
6989.04665568
6992.22850038
6997.36371918
7004.2491526
7011.50574989
7018.6809412
7023.45519976
7027.05376222
7030.82679693
7031.83070411
7030.31028714
7028.61904308
7025.91453154
7023.25647299
7018.40729026
7013.08917982
7007.32863346
7001.59902555
6999.5470373
6999.69055716
7000.8034912
7004.48362691
7010.81327634
7016.40802771
7023.17487185
7027.75258516
7034.50781083
7038.91774278
7041.80076202
7041.78114234
7037.42916336
7030.60408049
7024.13408938
7018.28060917
7010.60615806
7004.72548909
6998.8740301
6993.60177325
6989.46278102
6988.55911193
6991.09245485
6995.65213756
7001.14447631
7007.23830628
7012.13256199
7014.3824755
7014.81543264
7015.55676372
7015.60856942
7015.19101529
7013.14756491
7010.62478804
7005.80551225
7000.67487951
6997.64344072
6995.61553275
6996.85437424
7001.99900909
7010.5054321
7020.52583905
7033.29389992
7044.81781536
7055.63648879
7064.29664922
7070.24372539
7072.97221963
7073.46121308
7070.55687356
7064.67903429
7057.66054949
7041.79223112
7025.69362025
7010.45269246
6996.97240594
6987.68376068
6980.19319787
6976.13435708
6978.69876391
6985.81723588
6996.03126779
7006.48509188
7016.94703566
7025.77630865
7032.20764585
7038.27730493
7041.50368595
7043.45796612
7042.21686645
7038.70511148
7030.80822968
7018.65559243
7004.75039876
6990.91871441
6977.84784839
6969.13884438
6965.10004144
6964.02299434
6966.28270723
6970.3700889
6977.20892297
6984.27008318
6991.15468721
6997.61687226
7004.75474088
7011.90799858
7019.50287674
7026.42177164
7030.58307384
7032.24450854
7032.17546679
7027.72083822
7021.68136486
7015.14738503
7008.99925421
7005.58512369
7004.45291149
7004.37192369
7005.65134271
7007.22886235
7008.02542822
7009.95961477
7010.73328521
7009.92001299
7010.29082838
7011.73911602
7013.34607562
7014.95286796
7015.92419183
7014.88551287
7012.1988995
7008.69196058
7004.95463856
7002.85024521
7002.33784754
7003.04748744
7006.80226853
7013.56748177
7021.65714519
7029.52597399
7034.86662441
7038.82236257
7041.85490257
7043.43560038
7044.5305108
7047.23219962
7050.22885268
7052.4545953
7052.44876167
7050.1887212
7046.12824254
7039.81089461
7031.64745702
7024.72221273
7019.59325968
7017.13938516
7018.5815116
7021.32023038
7024.65264129
7026.18889339
7024.40641608
7021.04455126
7016.77430583
7010.91940381
7006.06924532
7002.35509055
6998.2719813
6994.16364874
6990.5513769
6984.96852976
6978.80304441
6972.23209734
6965.29790397
6959.8480873
6956.58626541
6956.22586971
6960.23008904
6964.97827399
6969.46773708
6974.06400369
6978.41934207
6982.15181318
6985.94703242
6990.47513546
6996.47375947
7003.19192729
7009.30645724
7014.01239193
7016.84250425
7016.76017827
7014.85400987
7013.60439324
7012.18735072
7010.93342682
7011.20005928
7012.9154603
7015.51610254
7017.30779378
7019.56115729
7021.57186406
7021.80890322
7019.37772899
7016.71318165
7014.94832372
7015.94092606
7017.63854042
7019.8180043
7020.47910031
7018.64644123
7014.71607274
7009.00741572
7004.16864571
6999.46441163
6994.7075982
6991.85321742
6989.42117894
6985.25147826
6980.92118896
6977.15498454
6973.29236143
6966.6794429
6961.58692041
6956.87788421
6953.33810412
6952.06397509
6952.80227435
6953.56604783
6955.0966963
6955.57874794
6955.76145139
6956.12455133
6956.731688
6957.23448143
6957.96504434
6960.18168455
6961.06759487
6960.42612551
6959.88004333
6958.20836319
6955.82545405
6951.76110024
6947.70398096
6943.71473253
6938.90741673
6936.98253471
6933.66554076
6932.08202022
6928.27176039
6925.68866086
6923.7765961
6921.94398581
6921.50963473
6922.42071261
6924.76873147
6928.94448184
6931.74215026
6937.23626628
6940.4375355
6943.93532322
6945.32015183
6946.54538848
6948.32424155
6948.98605544
6949.22999459
6948.85749951
6947.76722393
6946.09700045
6944.63863463
6944.05207946
6943.8361515
6944.25682108
6947.06322251
6950.03598348
6953.93967897
6956.27462966
6959.33727175
6964.82240384
6967.65250223
6970.66844739
6972.75745864
6975.04635362
6977.59265319
6979.41678137
6981.85226287
6982.07939113
6982.01066999
6980.98071011
6979.96022204
6979.44479255
6979.23018186
6979.12913529
6979.10925077
6979.52156369
6980.09239524
6980.20652391
6981.33769763
6982.36284842
6983.64032987
6985.51757406
6986.9145369
6988.0989939
6990.24701054
6991.40027818
6993.73897159
6994.90699406
6995.09221357
6993.81085001
6992.31725938
6991.1608972
6989.81472249
6988.84668133
6988.21868439
6987.64569223
6987.38136674
6987.05705312
6987.02062255
6988.52498135
6990.54851933
6993.23633846
6996.53006759
7000.27022627
7003.07458559
7005.37354481
7008.15494597
7010.96611467
7014.00219527
7018.07321211
7022.72759897
7026.99380198
7031.0236837
7033.99783861
7036.0072072
7036.02758658
7034.69465427
7033.59302507
7031.77848719
7029.87130819
7028.1696305
7026.97925623
7025.69916115
7023.78765397
7021.50557534
7019.12866711
7016.97309533
7015.43289142
7014.67863156
7015.94349787
7018.21498257
7021.97579245
7025.53193041
7029.20734067
7032.49416284
7034.3952573
7035.04335483
7034.93965282
7033.59887264
7032.39109506
7031.22756107
7030.3999313
7028.40308026
7024.91621405
7021.27545012
7016.62177417
7012.23051401
7009.06322203
7006.2204179
7003.75781733
7002.45670863
7001.17425779
6999.5152137
6997.82911326
6996.81995094
6995.5228289
6993.58284357
6992.72701442
6992.78221437
6993.08965436
6993.49067639
6993.70578193
6993.7422125
6992.28645335
6990.63357743
6989.16129314
6989.06286021
6989.96010325
6990.88138475
6992.49639435
6994.1720054
6995.9680527
6996.96104534
6998.32865882
6999.2351367
7000.22187057
7001.28908344
7002.36582388
7004.30912678
7006.03480112
7007.22130023
7007.904985
7007.45488242
7006.59577056
7004.54996442
7003.3571647
7003.8832369
7006.02937173
7008.99848058
7011.93129825
7014.16090208
7015.57993097
7016.50767337
7016.62961507
7018.09610754
7019.57886727
7021.06568336
7023.2199309
7026.17632704
7029.17855585
7030.4092428
7030.64786408
7030.73210672
7030.92015593
7030.43781853
7030.09938432
7031.20870806
7032.45010046
7032.9098003
7032.20354767
7030.81652361
7026.10475529
7020.0731995
7014.67378066
7007.91071409
7001.37164639
6995.06589602
6990.52712935
6987.13716971
6984.034661
6980.01372835
6975.43652384
6972.17203952
6969.86748365
6969.26943546
6970.02056592
6972.5914685
6977.16454696
6982.40434596
6986.67758138
6989.33580024
6990.48549242
6990.16768153
6989.1647989
6987.77831149
6986.84436606
6986.69110258
6986.09478984
6985.35989179
6983.16131005
6979.25676426
6975.59769792
6973.87922327
6973.16515065
6972.91299424
6973.82654635
6976.01876477
6979.35346174
6983.40272617
6987.89888713
6992.20837888
6995.93768576
6998.5055844
7000.39821069
7002.93163725
7006.10906316
7009.71183532
7013.43173311
7016.32115053
7017.07343099
7016.27186785
7015.38381086
7013.53611119
7012.55933702
7014.0601343
7016.17098856
7018.3223158
7020.11379098
7021.0093822
7020.86335326
7020.1952109
7018.59784158
7016.06296533
7014.02873585
7012.95014147
7011.95553186
7011.56420468
7011.59657192
7010.76275305
7010.03985681
7009.04241053
7008.15449294
7007.44322213
7008.99593664
7011.03728914
7015.02055759
7019.90277664
7024.87657046
7028.17581261
7030.8962708
7032.43035533
7032.90394576
7032.88059033
7031.89580101
7031.93738218
7031.40578302
7031.04993156
7031.44107056
7031.37783456
7030.32417774
7028.87579949
7028.15209476
7026.33668566
7025.75579685
7025.25656492
7026.06758593
7027.12612851
7028.63802851
7030.5669181
7031.33218309
7032.62864301
7033.48106397
7034.23666897
7036.76839493
7037.66689251
7038.6449282
7040.74907064
7043.1314919
7046.16661068
7051.09125424
7054.8998274
7061.21102806
7064.84583988
7070.31258593
7077.25641838
7080.01195502
7083.22595786
7084.24687806
7083.02718231
7081.24377803
7077.75872394
7075.64328363
7073.31387384
7070.84987933
7066.95291656
7058.77858534
7053.7373319
7044.77033087
7039.47973676
7033.49290548
7030.61015109
7028.09506178
7026.93007113
7027.81947327
7031.63572006
7034.30639375
7039.90283876
7043.64867078
7048.58916341
7051.11556452
7055.07450177
7057.71187429
7060.49898362
7065.07388814
7066.94371657
7069.66823809
7070.12294066
7068.71171783
7068.16508505
7067.83249144
7067.49913117
7067.22933447
7066.8329682
7066.01883871
7063.78351973
7063.06283985
7062.85048733
7062.18311163
7060.32228804
7058.78458625
7056.77663947
7055.18582863
7053.15495854
7049.40312563
7046.70641317
7044.89604316
7044.26300016
7043.26549813
7042.88073639
7044.32005404
7047.86100505
7051.2851789
7054.27569863
7056.25292999
7058.46465657
7060.99794373
7062.17414861
7064.517219
7067.1611709
7069.0181751
7071.40013636
7072.96887418
7074.11845485
7075.34114757
7077.97136918
7081.74915025
7086.29903358
7091.30313161
7096.23739334
7101.08209455
7105.85019888
7110.4158337
7114.3098692
7117.91167257
7120.2253239
7121.40599635
7122.40955504
7123.40600465
7123.64478623
7123.1906482
7121.89030617
7118.10200784
7112.97029479
7108.53764164
7103.92691292
7100.42108915
7098.18841866
7097.45701939
7095.99477843
7094.8645735
7093.66808682
7092.16298226
7091.09195
7089.95052387
7089.33956084
7089.061749
7088.88687948
7088.57888888
7089.34931841
7089.40918804
7087.15463272
7083.6838665
7080.17239728
7073.93912473
7068.12284873
7062.93549664
7059.18355918
7054.90724315
7052.01666877
7050.30693412
7049.26378758
7048.98205877
7049.04309235
7050.80749725
7052.54667188
7053.60764688
7054.6743649
7055.75341231
7056.00518539
7055.82068375
7056.28853814
7056.0653826
7056.01885295
7056.42102497
7059.1543283
7061.97286397
7064.42694757
7067.6827825
7069.02925691
7068.33842124
7067.31882529
7065.67976329
7063.46531156
7061.6517355
7061.78606233
7060.52051996
7058.15953051
7055.0323003
7051.24134652
7046.59477268
7040.91697745
7035.76331684
7032.26200246
7029.5580485
7027.6874534
7027.29381228
7028.13923568
7028.42680509
7028.4551996
7028.32161853
7026.45570706
7023.41681767
7021.58765738
7021.48393445
7022.41465989
7024.01159708
7025.37387178
7025.77602289
7024.9203192
7022.90142304
7020.65330771
7019.60958966
7018.94201185
7018.76631293
7019.68484838
7021.20137625
7022.04818662
7024.20960597
7025.93305698
7026.44458343
7026.36845351
7026.07441623
7025.65744058
7026.20632458
7027.17020483
7028.23787073
7028.95213153
7028.13464962
7025.68320056
7023.8697848
7022.02735421
7020.62863501
7019.4766498
7020.39224403
7020.53435601
7021.14248934
7021.66026761
7021.73360966
7021.59635555
7021.56411377
7021.17270295
7020.92601774
7021.54602742
7022.76530499
7023.69289406
7023.32536837
7021.15228176
7018.32228792
7014.93497676
7011.30826372
7007.97018645
7005.56915613
7004.58356529
7005.02446788
7005.36637997
7005.39906781
7004.52927141
7003.25160178
7001.5113817
6999.1469074
6996.71130741
6995.10415265
6994.36498218
6994.25801835
6993.3289517
6992.2616064
6989.73847408
6985.87682673
6982.62261574
6979.54315579
6976.26526876
6973.16360338
6971.43162148
6970.88992323
6969.08692019
6966.5839442
6963.50512546
6960.91328593
6958.41879904
6955.92121062
6954.98050459
6955.74791625
6955.80491438
6954.99916942
6954.94642281
6952.7004193
6949.56233729
6946.18741127
6942.5767773
6938.44915264
6934.97763369
6932.99828355
6931.76363084
6930.68460435
6930.68921828
6929.80056887
6927.93510346
6924.74642847
6921.06692002
6917.72335064
6916.28780359
6915.89366762
6916.38628531
6915.52978011
6914.69725064
6915.21607436
6916.46162766
6917.22613296
6918.78804048
6920.80513847
6922.10463717
6922.55090642
6922.78174255
6921.82090109
6921.29768646
6921.10358059
6920.86431114
6919.90556058
6919.44660649
6919.7860304
6920.94139591
6921.95632216
6923.02289383
6922.87938791
6922.3243218
6922.35108541
6921.55284681
6921.56692558
6922.63377603
6924.75862542
6928.20614076
6930.23195086
6931.8632765
6932.37253781
6933.18042943
6933.55298026
6933.22260999
6932.16585165
6931.35112974
6930.13142702
6929.19223341
6928.2321168
6926.98183108
6926.47329462
6926.05564988
6925.41735173
6925.33815515
6925.83480132
6926.34772868
6926.98251411
6928.17410807
6928.10204844
6926.80718459
6925.33167333
6924.0802655
6924.73527696
6925.41534446
6925.86462462
6926.6959553
6927.54371355
6927.58841017
6927.80658237
6928.6445482
6928.89890007
6930.7183934
6932.3159718
6935.07201723
6936.03600899
6936.631109
6936.80654307
6936.29732358
6935.82301527
6934.30360891
6930.81853391
6929.44842528
6926.63046113
6925.76369654
6925.4655332
6924.87014046
6922.52156402
6920.81803239
6917.09329066
6914.72415364
6914.78402328
6917.30140561
6919.11122501
6925.06201603
6929.73476105
6937.05852524
6940.68995676
6945.39333358
6948.91601702
6952.0158912
6956.10741286
6961.02375552
6966.52367032
6970.15126851
6975.7128581
6978.88066585
6979.97638475
6979.66649142
6980.37167072
6981.56550195
6982.79657223
6985.36928693
6987.47880998
6989.25168305
6990.49131211
6991.30592251
6991.51308261
6992.05728994
6990.73757217
6989.08301655
6988.73868599
6989.03641024
6991.95655004
6996.06663199
6999.79604342
7001.28603071
7002.23228462
7002.6847081
7003.01806838
7002.68020568
7003.9770559
7006.08609106
7007.85275415
7008.48017958
7006.96499685
7004.36917066
7000.12950126
6995.28479308
6989.33425994
6982.30736969
6976.29886267
6971.46092205
6965.58973186
6960.44527822
6955.96399755
6952.47533316
6949.90251392
6948.81815561
6948.90908915
6950.34297741
6953.5355624
6956.9055957
6960.74858519
6964.26788834
6966.09664439
6966.4169574
6966.22767456
6966.30940811
6966.21757548
6967.10455914
6968.74572598
6969.9213245
6969.08524049
6967.4972245
6964.61197496
6961.04962701
6958.48359624
6957.0811134
6957.01151408
6956.90372085
6958.04500759
6959.91252209
6961.7374936
6963.63546564
6963.15583945
6960.8434357
6956.75305009
6952.40284838
6948.7190257
6946.6132663
6945.19034832
6944.68088489
6944.34193493
6943.03591957
6941.26594589
6940.78098789
6942.31295363
6945.15789048
6949.73110136
6955.36183724
6961.60981584
6967.72279155
6973.99481558
6979.46414041
6984.12444454
6987.98141523
6991.58082102
6994.95494553
6998.28406675
7000.87491658
7002.59953849
7003.14753037
7002.42349806
7000.26626749
6997.36938554
6993.53961755
6990.83526632
6988.68345816
6987.11497822
6986.25954635
6986.5824242
6986.99194925
6987.09880157
6985.68702116
6983.81989697
6982.12162048
6980.93892682
6980.32440228
6981.12284997
6981.99927455
6982.08380992
6982.08702294
6983.237203
6983.28916204
6983.92665868
6985.58570975
6987.89326956
6989.71083926
6991.70152909
6993.7346016
6995.05174755
6994.94529948
6993.32237231
6992.47759013
6991.29908525
6990.05475861
6988.80859895
6988.09021209
6986.92642022
6984.99730761
6984.16592814
6981.91954826
6979.67799838
6978.9281364
6979.64894174
6981.61977493
6984.47089389
6989.00687966
6993.59956385
6997.34376496
6999.24255942
6999.03355933
6996.46396008
6993.58614023
6989.96180386
6985.73709141
6982.10275353
6978.34297517
6974.96420885
6972.47624558
6968.28401887
6963.67797378
6960.43666368
6957.81485449
6955.38935358
6954.88901347
6956.02827203
6957.64292617
6960.60774866
6964.06780945
6967.36690524
6969.43715408
6970.96323043
6971.78192507
6972.23871855
6972.23161643
6971.12418148
6969.45917133
6968.0318973
6966.85761605
6964.38483277
6963.02683049
6962.16888256
6962.16840165
6962.98209205
6964.10852638
6965.41017174
6967.28023017
6970.26323658
6973.77032187
6977.01467771
6979.88581363
6982.69887112
6985.51177528
6988.47573352
6990.17746
6990.14723943
6989.003123
6986.61816478
6984.39745427
6983.03625987
6981.56382922
6979.84429519
6979.40007502
6980.17273486
6981.3703576
6982.40873686
6983.54205725
6984.51094173
6984.98050369
6984.98154217
6985.70719841
6987.39352188
6989.28299787
6990.82019088
6992.31371181
6992.8307722
6993.29965809
6994.33023131
6995.94979211
6997.22507114
6997.96655555
6998.39186694
6998.88119494
6999.37891444
6999.94821266
7000.31939744
7000.31100593
6998.96326304
6997.68441553
6996.72031922
6996.14455313
6995.64718211
6995.07345814
6993.82096303
6991.8431044
6989.27797272
6986.75760736
6986.25623574
6988.32408701
6989.82333005
6993.42374645
6996.025699
6999.35838173
7002.83343432
7004.43420484
7006.04832928
7008.33518215
7009.74388892
7009.92710116
7009.65275326
7008.9841718
7006.79798217
7003.01428383
6999.13401347
6992.97752599
6988.20830652
6982.06267782
6978.99493391
6976.80870943
6975.34149211
6975.35943209
6976.98685471
6977.69558855
6978.20635531
6978.62963852
6981.71155877
6983.44819643
6987.65172101
6991.02045098
6995.75730321
7000.17012062
7001.10198908
7002.08634628
7001.40496847
6997.77141817
6996.08272501
6994.96254249
6994.42409212
6995.33296758
6996.77678068
6998.75104295
7000.64114621
7000.40340311
6999.15532678
6998.35059244
6996.66908503
6995.89112823
6996.12360921
6997.06771645
6998.47167686
6999.18271767
6998.45681051
6996.76991553
6994.72636758
6990.35240619
6987.93929042
6984.1040582
6981.65286004
6979.10384229
6977.92845286
6977.40785186
6974.61274133
6972.76382893
6971.33226158
6970.44867913
6970.63614288
6971.74481844
6974.77802752
6978.0589394
6980.59322322
6980.95981498
6980.56384598
6979.35118962
6979.59018029
6980.8261642
6982.44470046
6984.52988535
6985.99965358
6989.00747905
6990.91821957
6991.27458679
6990.94553378
6989.57743939
6985.62284426
6983.43459856
6982.46369287
6981.77542204
6982.83333038
6983.84614482
6983.65020593
6981.87296982
6979.57254
6977.59997834
6975.77357804
6976.9837532
6980.60882836
6984.01073405
6988.1000742
6992.20913161
6995.76490017
6996.93569658
6995.38108632
6992.18883587
6987.86903595
6983.40918708
6979.60355512
6976.87713785
6974.23287928
6970.75588912
6966.89617935
6963.04635259
6958.64592729
6953.00176082
6950.45697366
6950.41866825
6951.17514446
6952.86558701
6955.46243078
6958.95795334
6962.55960338
6966.79263066
6970.92265986
6973.47900276
6976.27360451
6979.85244972
6983.34625077
6985.30867154
6985.43472535
6984.1723054
6980.60610321
6975.54635918
6969.57277728
6963.43140008
6956.49945095
6951.25524711
6947.77431907
6943.94647472
6940.25652568
6937.424887
6934.96274643
6933.13477099
6933.12099191
6935.32140668
6938.74485568
6943.29643961
6949.05341749
6955.80724225
6960.85360448
6965.45102109
6970.36120255
6975.55441614
6980.49422575
6984.72243697
6990.41475007
6996.51549397
7004.00553405
7011.26978406
7017.56807686
7020.94556772
7021.8169323
7021.70702726
7020.49576484
7018.86398617
7017.79169936
7016.95406111
7016.73242496
7015.68596783
7014.6662743
7013.94708593
7013.95696895
7013.66224167
7013.8875369
7014.07534914
7013.42742584
7013.63202109
7013.88040691
7013.8333615
7013.74941158
7014.50239598
7015.21313012
7015.55055372
7015.67242572
7015.94512878
7017.40780186
7018.18766139
7018.32174428
7018.85049982
7019.50275128
7020.44839882
7021.65092823
7023.89344689
7025.74699413
7027.67425978
7029.96680688
7031.25120923
7031.34822732
7030.97885466
7030.99433434
7030.93801924
7031.05837882
7030.6944704
7030.77679637
7029.906303
7027.27861836
7023.92596747
7019.23186034
7014.35849279
7009.54220003
7006.13264162
7004.33909645
7003.03998805
7002.50248556
7002.92938604
7003.58659993
7003.77092732
7004.01258041
7004.2615935
7004.14747179
7003.98057559
7003.88316024
7004.20192598
7004.42353424
7005.03407909
7006.13778526
7005.60539155
7004.33344403
7002.26295822
7000.18040091
6997.96206707
6995.85259281
6993.83654028
6991.37725729
6988.21552015
6985.45001685
6982.42358927
6979.13337287
6975.8253489
6974.20223355
6972.79128951
6972.14147046
6970.63060198
6968.88072888
6966.1661322
6962.48015588
6959.75690285
6958.758899
6958.99441179
6959.62344025
6961.65639428
6963.26890176
6964.96968733
6966.38624895
6966.49337308
6965.92544092
6965.02175092
6964.74833695
6964.19288053
6964.95335735
6967.38168795
6971.23220471
6975.03440757
6979.11304228
6982.3103109
6984.80217023
6988.25329587
6993.14392037
6999.47786313
7005.40975932
7011.43505632
7018.19313956
7024.27339257
7029.65398628
7034.32561616
7036.86942755
7038.67984635
7039.30675603
7039.9627781
7041.30295191
7043.59126841
7046.00017448
7047.44467759
7048.22148438
7048.3640703
7048.87351282
7050.53374177
7055.53282162
7060.87866445
7066.99961348
7072.70507142
7076.65444625
7079.28480726
7081.36623548
7083.36883651
7085.81819467
7088.14244689
7089.71188168
7089.79865432
7090.10141766
7087.7914533
7083.35984561
7077.03763981
7069.7826107
7061.9162422
7054.93146283
7050.23017692
7047.58422472
7046.88292754
7048.19361956
7048.51200197
7047.38931037
7044.45526603
7039.24112943
7035.95401453
7032.5138313
7029.58383636
7029.88746393
7032.65518359
7034.09776305
7036.01199538
7037.14174728
7037.51300873
7036.54437515
7035.36008543
7034.9626737
7034.83712868
7036.3836541
7038.03125397
7039.68468747
7040.22715238
7040.42504279
7039.40154381
7035.43390838
7032.44439228
7029.02203752
7027.27188564
7026.20487489
7024.97434127
7023.7343219
7019.44553013
7016.17187371
7009.94366115
7007.08001765
7005.87718158
7006.17197855
7008.54121316
7012.40952353
7013.97855408
7016.23882455
7018.10654117
7019.64007509
7019.93291358
7018.84828345
7017.98452977
7015.47736501
7014.2498632
7014.48918145
7015.54131888
7015.14396989
7012.46637529
7010.36716739
7008.01863277
7006.5743527
7006.1323489
7007.06053736
7009.39550897
7011.07474426
7011.58075072
7011.92082281
7010.74037338
7008.82630136
7005.12084476
7001.89343223
6998.81386773
6993.75516915
6991.05506943
6987.66262858
6985.02345789
6982.69753294
6977.41528155
6974.74492847
6970.76957759
6969.46253072
6970.75142155
6972.69943597
6974.57118106
6976.37304805
6977.68974795
6979.40546259
6980.14592943
6979.99238716
6980.10372099
6980.61958956
6981.47547446
6981.13011238
6979.62265904
6978.00826975
6973.90732506
6969.93874176
6965.42979839
6961.54731166
6957.80406541
6955.54862494
6955.61209093
6957.17951846
6959.92036299
6962.85522975
6966.3058466
6969.84458125
6971.78228749
6973.00714778
6974.89246286
6977.02820588
6978.77931261
6980.91158472
6982.44587137
6983.90749203
6984.87500349
6986.64997444
6987.92631983
6989.16810253
6989.53647155
6989.21882793
6988.1135257
6986.2610518
6983.47298065
6979.57366909
6974.4294803
6969.26238213
6964.91848799
6961.22397381
6957.94557102
6954.35063977
6951.04058763
6946.7780228
6941.22559835
6936.09582984
6933.1883679
6931.54253137
6929.89357241
6930.14162368
6931.7340933
6934.62061132
6938.32010186
6941.87758497
6945.0477415
6946.91354145
6948.21132561
6948.2248259
6948.93167792
6948.30604369
6948.29826552
6949.45368679
6951.19930838
6952.21841645
6953.31258808
6955.11953597
6957.96397797
6961.32174462
6965.25724977
6969.07878656
6972.67449842
6976.89545419
6979.39902957
6982.24851763
6984.18430721
6985.07297753
6986.25592211
6986.09074742
6985.1299199
6983.44486492
6980.58413475
6977.52777932
6973.82147939
6969.31031269
6966.2513506
6964.23543049
6964.68169974
6966.55270605
6969.47688828
6974.07621459
6978.56664646
6982.89202214
6987.13287638
6991.50395231
6996.37688774
7001.69771636
7005.815918
7010.41592734
7013.68457256
7015.90715791
7017.3131465
7017.04452768
7015.06393694
7011.7177818
7007.66828039
7004.47784904
7001.81192867
6999.7365362
6998.09470027
6997.29684501
6997.15508848
6996.70683984
6996.13821768
6994.51845475
6992.21609433
6990.06067588
6987.7191667
6985.76942381
6982.3454242
6979.03263297
6975.87555855
6973.83713331
6971.78603021
6970.68459616
6971.6001207
6974.11806758
6976.69518712
6978.41191238
6979.72537833
6979.63236782
6979.00936117
6979.0117239
6979.02284055
6979.1631892
6978.98994362
6979.0709802
6979.30157239
6978.94274487
6976.73918678
6973.48290579
6970.32630531
6966.43507859
6963.03072654
6960.69059737
6960.78471606
6962.4309429
6965.25529129
6968.8907722
6972.59046486
6975.34816211
6978.38406846
6980.9988313
6983.71487768
6986.03231354
6988.69092967
6991.4391342
6992.75692136
6992.088089
6990.13293762
6987.44534849
6984.4146694
6981.20682776
6978.04854759
6976.73059315
6976.62525325
6977.50963025
6979.24504124
6981.48318294
6983.16174914
6983.35338774
6984.14116483
6986.7051256
6989.58705059
6992.27958124
6995.21492194
6998.47896019
7000.62962531
7000.41971219
6998.37507696
6995.43258535
6992.30253242
6988.62671792
6985.19167135
6983.29197083
6982.81305555
6982.56404247
6983.70084769
6984.17249358
6984.04432099
6982.73561532
6981.09816333
6981.51706957
6982.69331628
6984.08058428
6986.19260944
6988.29989521
6989.78483646
6989.89029484
6988.72738115
6988.4772111
6989.3416966
6989.86556638
6991.33403127
6994.14030725
6997.54887597
7001.31055008
7004.47237783
7007.0188168
7008.6256858
7008.63108034
7009.34427478
7010.47240274
7012.89784092
7015.83009405
7018.82030015
7021.06166185
7020.61383836
7018.55638587
7016.03480778
7013.39624345
7010.91165351
7008.66122425
7007.25370232
7004.6027877
7003.63496261
7002.34279602
7000.58747959
6997.56535928
6994.55188139
6992.23059128
6989.93506813
6988.72784812
6987.5707611
6987.44601758
6985.36792784
6983.37832529
6979.02974752
6976.15924584
6970.8783187
6965.98076632
6963.49603699
6961.09812908
6960.06540224
6958.19733017
6956.99324652
6953.89705931
6951.14701479
6947.18505269
6944.58080712
6941.88273557
6939.82227218
6939.63887872
6940.92330199
6941.15138509
6940.80354877
6941.22752895
6942.83213977
6943.60311294
6945.59357277
6949.32257995
6953.02449594
6962.37890023
6968.18680563
6977.8401887
6983.02448807
6990.11881006
6995.28815944
7000.48987606
7003.61110536
7007.38694189
7010.94662045
7013.82042575
7013.44889946
7012.34372966
7009.14446073
7006.01728629
6998.34884304
6991.03252945
6983.64529926
6976.47143219
6971.53266107
6960.36120982
6951.73462936
6943.8888772
6935.72994203
6928.29127553
6923.31938444
6916.27741875
6913.11673403
6913.360255
6914.34221463
6916.12506133
6921.67119215
6925.95645726
6929.15187891
6933.0793968
6939.78557676
6945.20884588
6955.07170299
6964.9052177
6973.13521583
6981.00741099
6985.17163349
6992.86973277
6997.8782217
7001.80789322
7004.37306672
7006.36278776
7007.3542401
7007.847499
7008.03509518
7008.60453976
7008.78950836
7008.11454964
7008.03618942
7008.46795474
7009.66574476
7012.28832062
7016.26234028
7020.19138454
7022.15011833
7024.11757122
7025.30816851
7025.77592531
7025.52020739
7025.91076791
7027.1125864
7028.23722952
7029.25323608
7029.21830399
7029.30497906
7029.06173688
7027.23157992
7025.32978152
7023.34958107
7022.08233113
7021.1290239
7021.03721914
7021.6543155
7021.16704356
7018.93571125
7016.42680406
7013.4104198
7009.96670294
7006.64187505
7004.34950917
7002.7600156
7000.98746313
6998.41945994
6996.06159988
6993.36474106
6991.22600805
6987.4976142
6985.09862599
6984.21621445
6983.47017883
6983.93121686
6984.80432386
6986.52651335
6987.65643949
6988.38255574
6988.63559033
6988.63745821
6989.26189365
6989.16661798
6988.56132829
6986.89842995
6985.00137791
6982.3452639
6978.85535193
6975.88935156
6973.94066806
6973.10883556
6974.00975163
6976.22091366
6978.69092998
6981.3995606
6983.4439728
6984.81200446
6985.46314775
6985.2514922
6984.8105478
6985.21791224
6986.8961648
6990.16424547
6993.92734141
6997.52287902
7000.25347811
7001.53729501
7001.40789574
7001.11979664
7001.73853784
7003.46564793
7005.35626695
7007.79331663
7009.75141619
7010.42687672
7010.29307262
7009.56781364
7007.5461087
7005.08327813
7003.11369949
7001.05942518
6998.59805128
6996.19120823
6994.23648201
6992.32850149
6989.07834686
6985.17401713
6980.77597547
6978.22665105
6977.17646513
6977.06462251
6978.34878092
6979.59429937
6980.15696245
6980.50812331
6980.55493175
6979.79201554
6978.33638184
6977.73939305
6977.85437202
6977.41762337
6977.81074873
6977.98844795
6977.85198839
6977.90612894
6977.49049845
6977.89230805
6978.54266376
6980.25915901
6983.47709973
6987.30580833
6990.59152232
6991.85944832
6991.88041315
6990.62069744
6988.78218382
6987.21700751
6985.85410554
6984.98188368
6985.25911704
6985.82505587
6983.88051236
6980.40387069
6975.25106038
6969.58516938
6965.4455011
6961.8938098
6959.41632198
6958.81341591
6960.56881598
6962.244894
6964.77330238
6966.86254362
6967.40790096
6965.9729533
6963.665735
6960.34854589
6957.87443837
6956.22306093
6955.75257897
6955.879734
6955.96277785
6955.02530576
6953.19655668
6951.07001366
6948.76839899
6947.06854736
6946.43786011
6947.54411718
6948.65812455
6950.17207365
6951.24468106
6951.60460979
6951.8575259
6951.43537178
6952.24166733
6953.37800559
6954.33792706
6956.25418756
6958.35708243
6959.49362978
6959.3801005
6958.96994121
6960.18475121
6961.50961958
6963.34439744
6966.66839594
6971.41166725
6976.53956788
6981.12050118
6983.57125328
6983.38008165
6982.47935376
6980.86764083
6980.19597877
6978.58955583
6976.20700216
6974.75352209
6974.44770604
6974.49499538
6973.36870742
6971.24262439
6967.98843431
6964.29616437
6961.24989408
6959.14322861
6958.003984
6959.085882
6961.66436064
6963.44671946
6963.92267262
6963.29431325
6961.90705221
6960.8966911
6959.82795884
6958.23467376
6955.57207097
6953.58405054
6951.82021715
6950.66493527
6950.05032013
6950.68564919
6951.75420722
6954.8132181
6958.57660676
6962.46672529
6968.77169505
6976.90703782
6981.16829932
6986.726418
6989.28303969
6990.3589577
6991.0092716
6991.66092367
6992.55594338
6993.01392171
6994.23267655
6994.13900392
6991.45655145
6988.5644298
6981.99868909
6977.53486053
6973.64816411
6967.62074832
6965.72186325
6965.42896203
6965.77803895
6968.76948565
6970.9251132
6974.73692029
6976.94000445
6978.92969762
6980.1218143
6980.37432617
6980.77967637
6980.96320922
6982.39193294
6982.95815753
6983.58481629
6984.04545008
6984.79446175
6985.36842269
6985.91421912
6987.22698114
6987.03767739
6985.40320144
6984.78579146
6983.41451192
6982.0598063
6980.58931323
6979.82919884
6978.6568691
6977.76832423
6976.1620616
6973.79233912
6973.03780745
6971.54059258
6970.26012113
6969.30137755
6969.29431028
6971.22593896
6972.5668864
6975.90464306
6979.42219682
6981.64577187
6987.02074801
6989.35333598
6991.42398209
6991.55667105
6991.53048592
6991.59838464
6991.81506534
6991.22315744
6988.98108484
6986.26343543
6983.70158648
6977.67063706
6974.00074679
6969.15000982
6966.83723668
6965.07725056
6964.59626528
6965.73060324
6967.42373609
6970.85227297
6975.18441621
6979.7996125
6984.36133037
6987.82392115
6994.20510446
7000.40835159
7006.07390108
7009.88639817
7011.69202182
7012.11849715
7010.5947208
7007.15669818
7004.57782227
7002.30873515
6999.49190008
6997.76397454
6996.74090768
6995.89101671
6993.90123295
6991.64029339
6988.13131932
6984.66154279
6980.80930452
6976.76702372
6973.55943996
6971.59990464
6970.60020019
6970.16455274
6970.41282007
6971.19290959
6972.09679475
6972.3702366
6972.6952193
6973.62161656
6974.54385988
6977.14443243
6979.71372501
6981.14708358
6981.92568159
6982.59284819
6983.67417469
6985.69907872
6986.75865282
6986.70152924
6986.1702925
6984.81000416
6981.51973199
6976.71430498
6972.61068393
6968.19744138
6964.36380521
6961.80560838
6961.35493428
6963.07145044
6965.49297863
6968.26941737
6970.67811435
6972.06013418
6972.63279179
6973.11403495
6974.41723455
6976.95941504
6979.44277831
6983.23483331
6987.3567707
6990.27218506
6992.30718818
6993.94387351
6995.12375839
6995.68497874
6996.61032357
6997.88167866
6999.90881997
7003.21002061
7007.35391252
7011.07084123
7013.66257622
7015.45409321
7016.85042879
7018.44424356
7019.34970386
7020.10029069
7021.31589523
7022.32171907
7021.74081632
7019.54535003
7015.24223555
7009.77171192
7004.5780453
7000.20724119
6996.47831764
6993.84489694
6992.47473256
6993.07209772
6994.7087482
6996.30443782
6997.5308872
6999.37343626
7002.56282913
7005.93415182
7009.70791138
7014.94878372
7019.04305841
7023.08809224
7025.44233504
7025.6605421
7024.18655721
7022.10466899
7020.13948125
7019.11831712
7018.76007506
7018.19571138
7017.54071385
7017.33029194
7016.65626019
7014.00931132
7010.4734691
7006.9473496
7003.51305576
7001.49131596
6999.27861363
6998.55433041
6998.58413978
6998.88881281
6998.28379493
6997.60640379
6996.32954264
6994.38577973
6992.62465059
6992.12623412
6992.53236492
6992.78756709
6994.10155578
6994.03164282
6992.77917558
6991.92536765
6990.63503409
6990.66839103
6992.24048824
6995.06666269
6998.26415434
7001.79694384
7004.8184787
7007.35717434
7009.27396454
7010.26576537
7011.36830063
7012.46852196
7014.45320391
7016.1066862
7018.7220554
7023.09453921
7026.56592574
7027.51634751
7026.81345428
7025.33903727
7023.48459094
7022.03286027
7021.02243643
7020.71371401
7020.46691032
7020.22048996
7019.511554
7018.54190285
7016.53363547
7014.51527597
7012.93063331
7012.0307627
7011.08554728
7010.59070626
7011.74140905
7013.61730808
7015.44215413
7014.55413896
7011.48854172
7007.59356532
7002.97824357
6997.48922936
6992.81017677
6988.77330444
6985.35992664
6980.62930531
6974.59077286
6968.47005383
6963.0001087
6958.17488079
6954.90056225
6952.51554827
6951.19192747
6950.88241748
6951.6226125
6953.50898001
6956.20224246
6958.39270452
6960.09834796
6961.10537059
6961.80667474
6961.9907094
6962.40969929
6963.49773759
6964.62188586
6965.14979806
6964.02900221
6962.63813088
6961.00316009
6958.90152673
6956.81268973
6955.43045384
6954.99754549
6953.8190406
6952.46462772
6951.79867384
6950.2357557
6948.82545984
6948.50210107
6948.85499739
6949.26973576
6949.75688224
6950.73847944
6951.48480082
6951.36584912
6951.41452543
6951.87326346
6952.12482745
6951.74711207
6951.63715824
6951.70136303
6951.42626936
6951.2334738
6951.9474349
6953.5896472
6954.2028684
6953.67573681
6953.99592437
6953.93016534
6954.0796164
6954.47052541
6955.32323213
6955.17228258
6952.90428273
6951.51830412
6950.30343836
6950.01115744
6949.34307781
6950.86517447
6951.57432649
6952.6943487
6953.3370029
6953.05410319
6952.28719335
6951.86441892
6951.53065441
6950.22325208
6948.89095402
6948.06897666
6947.574282
6947.77663998
6946.97255381
6945.91371851
6943.13022645
6942.12535745
6941.07062729
6940.49382969
6940.65287801
6940.31894623
6940.47492789
6941.820322
6941.39404182
6939.39995775
6935.86670825
6932.96939418
6931.04359217
6928.89234159
6927.8134754
6927.5712717
6927.30026924
6926.73146587
6925.37230663
6924.03865645
6922.41527625
6922.4052399
6924.33291676
6926.65055474
6928.78530806
6930.8067621
6934.0112792
6937.63631255
6941.34855065
6944.53084838
6946.55152878
6948.75503809
6950.28681565
6951.97868699
6954.40555396
6956.85814605
6958.0560894
6959.10614986
6959.03254297
6957.60113591
6956.95742928
6957.35258283
6958.29057765
6960.3562474
6962.88303881
6964.24830351
6964.07878671
6962.61083757
6960.5723984
6959.2514679
6958.80367926
6958.92824156
6960.43724217
6961.73354875
6961.99250758
6962.48884709
6962.53681249
6962.84577188
6963.19877274
6965.37204754
6968.89991643
6973.32465201
6978.56696707
6982.6850781
6985.51456315
6987.5406381
6987.38974431
6986.06656957
6983.7767058
6980.05114862
6977.68114735
6976.68548531
6976.32479689
6975.30041973
6973.9230905
6971.41974513
6968.47897504
6964.59909498
6961.72608421
6960.18178909
6961.52958774
6965.06770905
6969.64418175
6974.51306779
6979.10035047
6982.78314861
6985.28277914
6987.40332823
6989.35098022
6990.00957411
6991.44266086
6992.71902716
6993.62617413
6993.97717469
6991.90141283
6987.69745612
6982.92366453
6978.02479488
6975.34881726
6974.3937467
6975.25707523
6977.41843882
6979.20770461
6979.78408403
6977.94387678
6975.02274031
6971.88315284
6968.79785926
6965.14237534
6961.81802139
6959.8015925
6958.58566038
6957.43510396
6955.62764031
6952.20113162
6947.85319506
6943.1525643
6938.04452729
6934.01219223
6930.68227647
6929.97621899
6930.62081774
6932.1257829
6933.14031189
6932.31132302
6931.30535979
6930.64381075
6929.66645112
6928.82464499
6929.11500228
6930.47688667
6931.90519222
6933.39040528
6934.35089825
6936.37401805
6939.22795974
6941.99779818
6946.68510986
6951.79983081
6957.24667839
6962.64697541
6967.53669386
6971.29345434
6974.24884684
6975.79068166
6976.17890037
6976.86593059
6977.70174975
6978.66302334
6980.45045609
6981.72539361
6982.58951668
6981.79679808
6980.36685466
6978.30702551
6976.34406808
6974.82566536
6974.57962833
6976.32122144
6978.89789492
6981.69404394
6983.09158527
6983.57551176
6982.64730935
6980.98172071
6978.73483902
6975.84500343
6973.78876367
6972.08335719
6970.2178639
6968.04948183
6964.99072883
6961.92987098
6959.4109135
6958.36395454
6957.74636334
6956.94809687
6957.66001585
6959.483461
6962.55770065
6966.03140112
6968.8403674
6970.66732527
6972.06984993
6971.33943339
6969.04407053
6965.51081406
6962.36379691
6959.71242229
6956.50462943
6952.96525358
6948.44884567
6945.69181055
6944.6513822
6945.47517168
6947.74517183
6950.76571002
6954.29119528
6957.49714117
6960.94641984
6963.60314021
6966.58570057
6970.00880108
6972.79862859
6975.64663908
6977.30609439
6978.86632919
6980.67886678
6982.42763169
6982.37142811
6981.53618743
6979.76188557
6977.98385492
6976.09663712
6975.23972767
6975.95469241
6977.42279488
6978.99124695
6981.27473345
6982.89076759
6985.30409942
6986.61243569
6987.77750301
6989.08384595
6990.41672946
6991.48282021
6991.83150683
6991.42332694
6990.35685982
6989.36704536
6988.13772447
6987.20037783
6987.85261536
6988.75647961
6990.59373868
6992.66384812
6994.75014816
6997.03541193
7000.53471207
7003.34501653
7006.06749593
7009.27747727
7012.27934366
7015.04217756
7017.12322942
7017.46660514
7016.42576557
7015.38064662
7014.84796715
7014.4953566
7014.73751847
7016.26854331
7018.24424133
7021.81520382
7026.15702796
7030.25779841
7033.67564378
7036.00854538
7037.68930704
7038.18778624
7037.44495668
7036.31277932
7035.4334902
7034.52422444
7032.33410391
7028.7768508
7023.08839194
7017.70586066
7012.81265737
7008.47249898
7004.97087097
7001.83456623
6998.87547282
6997.59689016
6997.07060887
6995.37707177
6994.80684659
6995.59828973
6996.66007322
6998.24713436
6998.999603
7000.61300957
7002.04718359
7003.3182808
7002.84278067
7000.74672307
6996.88969662
6992.60119758
6987.9798122
6985.35621179
6982.87122458
6981.22975804
6981.32749401
6981.40572878
6981.00994099
6980.5094127
6979.62615783
6980.43666308
6981.34198399
6983.02288504
6983.94091866
6985.86357038
6987.2330378
6988.48153231
6989.66395415
6989.58603302
6989.10520108
6988.22772407
6987.64776223
6986.91278054
6985.4834853
6984.65535371
6983.25981965
6982.25200944
6979.76330739
6977.52772356
6974.00765375
6972.43184169
6970.9735386
6967.96451434
6967.01143014
6963.44629431
6960.6624677
6954.90589406
6951.26056498
6946.93134204
6944.27796712
6943.08399649
6943.62760443
6945.21193345
6947.73822305
6949.36656566
6951.77301144
6952.64156027
6953.23507816
6952.98117235
6952.36126721
6952.28867789
6954.62522465
6956.63383355
6958.6830618
6962.24633672
6963.28445114
6964.0378119
6965.00296063
6965.86014887
6966.89727359
6969.65205053
6971.64866459
6975.35058756
6978.6246761
6979.64622357
6980.87185052
6980.52687178
6979.95490417
6978.51683409
6976.09999651
6973.99404194
6972.25795489
6970.33188106
6967.13810426
6962.46048742
6956.24942727
6949.41931925
6943.35929925
6939.19399644
6936.48853703
6934.26712258
6933.57729054
6934.03004858
6935.20939679
6936.38238865
6937.2872635
6939.29268028
6942.42584169
6946.76576311
6951.96814882
6957.56844807
6962.75635773
6968.17191837
6972.32147665
6975.01977819
6976.17467673
6976.61399023
6977.95184314
6980.40475584
6984.06518824
6987.24948627
6990.73667308
6993.18139639
6992.8775667
6990.48070425
6986.6888444
6981.5583859
6976.19921004
6972.02052543
6968.394823
6964.89378741
6960.7074222
6955.83728859
6950.17784455
6944.65391219
6939.43553105
6932.95566389
6927.60786257
6923.45891763
6920.21585118
6918.43593175
6917.34914798
6916.48623066
6914.78771721
6912.47865891
6910.62757895
6909.86300395
6908.81392622
6909.13550771
6910.90336958
6912.44555289
6913.3714762
6913.71814858
6914.50628113
6916.01152508
6918.5088347
6920.37678132
6923.63002352
6927.40931004
6932.13313593
6937.53345386
6943.51753212
6948.67582757
6952.03530875
6954.70378699
6957.16097908
6959.61803875
6963.73092948
6968.89583219
6972.87332276
6975.1164687
6975.73068657
6975.22184344
6975.38646055
6976.32654628
6978.19866077
6979.51542339
6979.78888615
6979.05892961
6977.84353416
6976.67887805
6974.84930654
6970.91774623
6966.04598868
6959.82303127
6952.45757439
6945.71068447
6939.64157599
6933.89234841
6928.32252762
6921.22582896
6912.59114971
6903.87450691
6896.93555325
6892.42637291
6890.4345052
6889.19654886
6887.90025622
6887.22816901
6888.51686469
6890.46844759
6893.21931454
6897.44747698
6901.63131219
6906.4916952
6911.89689889
6918.59846492
6924.76071633
6931.44860782
6937.87256413
6943.85378481
6948.34107336
6952.05451722
6955.77953077
6960.58760626
6966.27242694
6971.35793094
6975.1555129
6977.82309206
6978.51159985
6979.32568055
6978.65408122
6977.98690068
6977.76844272
6978.10740662
6978.73393993
6978.85335163
6978.12198721
6976.94592869
6976.38612319
6976.79652642
6976.81111398
6977.58218472
6979.00900572
6980.57442597
6982.4344829
6984.21173991
6985.29164459
6986.07850168
6986.57507118
6986.26568664
6986.41692892
6986.50361792
6987.26953806
6988.76213899
6989.76593466
6989.56520062
6988.87714585
6988.45878324
6987.73877244
6987.70036248
6990.06872587
6992.22519674
6996.44696798
7000.68640737
7003.90355355
7006.97725654
7009.98712413
7011.78708142
7013.09361951
7014.07598338
7014.56952804
7015.22418405
7016.27224421
7016.44922555
7015.44086474
7013.28935629
7010.96203043
7008.4309666
7007.1488294
7006.61176599
7006.17413219
7007.36829796
7009.07415747
7009.90715391
7009.04015235
7008.24505709
7006.38700046
7004.50826476
7001.48907172
6998.14976779
6995.46839562
6994.22446626
6993.22232938
6991.31188857
6987.76428151
6982.80515192
6977.86852049
6973.30370112
6969.07349656
6965.29209125
6962.78363013
6961.95491307
6961.44692025
6960.41254856
6958.29184613
6955.54561403
6953.00259718
6950.78145455
6948.88371948
6947.57054625
6946.97280472
6946.1224677
6945.38000056
6943.70944253
6941.2954904
6940.48196031
6940.46856456
6941.65472216
6942.19734738
6941.8111917
6942.11898715
6942.76626226
6943.42153161
6942.45057712
6942.35403298
6942.79250315
6944.00134012
6945.88697581
6950.11393249
6952.82827826
6956.60207964
6958.6742103
6960.31377411
6959.76105678
6959.71052653
6960.82259633
6962.49938526
6966.48535794
6970.75726215
6977.328258
6982.30210758
6986.83754274
6989.3921014
6989.56736819
6986.64674747
6983.49899153
6978.38528816
6976.30580448
6974.05382098
6973.11024343
6972.78783255
6972.47413377
6971.64342339
6970.82187815
6970.07339617
6971.35710155
6973.06694075
6977.78513512
6980.74895398
6984.25109078
6986.50053035
6989.4187047
6990.91896532
6991.73994602
6992.40930111
6992.69349718
6992.86825519
6993.31929868
6993.74848522
6993.01690474
6990.30547927
6987.90447682
6984.92926949
6979.04556871
6976.48392885
6975.30644851
6976.08593864
6978.67037636
6981.21595806
6983.71194344
6985.01222971
6986.27196633
6987.02036468
6987.02062255
6986.62249295
6986.75048434
6987.58966986
6988.71999328
6990.44634367
6990.76444033
6990.23042965
6987.93657224
6984.23112262
6980.88353172
6979.13360984
6979.48787221
6981.25857074
6983.67372863
6985.24595827
6986.1776734
6984.53353747
6981.56469347
6977.43902729
6973.81327607
6970.6142232
6966.4549213
6964.12506545
6962.04309359
6960.03862469
6958.04385759
6956.45165282
6954.69003579
6952.663926
6951.13596086
6952.1676562
6954.57063803
6957.28021654
6960.97160133
6965.64989423
6969.56596789
6971.75157904
6971.86734559
6971.92060796
6971.96226579
6971.55482469
6971.53687077
6970.46595699
6968.6380373
6966.65925867
6964.45585391
6962.9589945
6961.56081892
6960.8535766
6960.90127716
6961.96720761
6963.2803669
6966.06834745
6968.21852469
6970.43708156
6971.76091145
6971.68680971
6971.21993805
6970.39400888
6969.79338887
6969.25015033
6968.99936694
6969.1390465
6967.3476898
6964.70297124
6962.88608457
6961.98258971
6961.97122215
6963.31439293
6964.7928663
6966.23513213
6969.39787987
6972.46354681
6975.2967467
6977.67447039
6979.00074664
6979.60937481
6979.9740499
6980.11015401
6979.87363758
6978.20415986
6975.26698613
6971.11998573
6965.38179813
6959.34594205
6954.7173988
6950.44995519
6948.58324917
6947.64749859
6946.81344276
6946.52387305
6947.01368893
6948.38009665
6950.40185039
6952.24948036
6955.16222532
6958.16379899
6962.11854049
6966.94899566
6971.75262449
6976.12661375
6980.19990271
6983.4889273
6985.47975652
6986.71031105
6988.30952733
6991.03783339
6993.95075259
6997.0709225
6999.77997828
7000.89135111
7002.14823015
7001.43560026
6999.43538984
6996.98845713
6994.50340022
6992.80367404
6991.36457245
6988.93120973
6986.19743247
6983.44342219
6980.6523262
6978.6746906
6977.25042051
6976.6150566
6976.85346878
6976.89586541
6977.03686224
6976.72643224
6976.64162505
6976.18925036
6976.38287531
6976.54991787
6976.63570779
6976.18111673
6976.1314786
6976.27639936
6976.15978251
6975.85468433
6974.3735346
6972.35650631
6970.84643933
6970.76859487
6972.5673464
6977.15471969
6983.39700406
6991.25426317
6999.58413696
7007.13183729
7013.44533795
7019.46406254
7024.75970269
7028.71654904
7031.71430332
7034.90548043
7036.88563905
7038.18596018
7038.76801293
7037.83038053
7035.40770932
7032.19915677
7028.73460054
7025.81276013
7023.86832813
7022.96053995
7022.13195532
7022.76683832
7021.94339036
7019.57082425
7017.63062285
7015.80061226
7014.03586584
7013.19643638
7012.54867339
7011.7981702
7011.85950347
7011.71066574
7011.4695772
7009.61902693
7005.84669615
7000.88131475
6996.0558917
6991.24084652
6986.72068892
6983.75883551
6982.90440031
6981.99963
6979.73613954
6976.60521539
6973.7911473
6971.66808215
6969.93818418
6968.79486927
6967.92096075
6966.87560482
6966.85751151
6966.54417515
6966.13720798
6966.09146591
6966.37842198
6967.82493933
6969.76017133
6971.69117273
6974.44253453
6977.4584309
6979.92285753
6981.76973478
6982.98036296
6982.96033207
6982.65086389
6981.06348215
6979.64001357
6978.57229888
6977.82843084
6976.57125209
6974.4430921
6972.06370963
6968.82699257
6965.14206171
6962.12575412
6959.77459192
6958.96060183
6959.79159797
6961.80249292
6963.36921651
6964.85014321
6964.42192546
6962.99827567
6960.53410692
6958.61983974
6956.50933398
6955.93071728
6955.94855969
6956.22721486
6956.75038767
6956.73817678
6957.36896857
6958.49159048
6958.82858893
6959.94704296
6962.5315225
6967.8939532
6972.0043906
6978.14284052
6984.86006744
6990.63810076
6994.68074399
6996.01885477
6997.25323566
6997.32851528
6997.74241032
6997.68760068
6995.97268057
6993.29968597
6986.37037139
6982.29587667
6974.74597392
6964.02321737
6957.73636881
6947.15869333
6941.16979901
6934.43224151
6928.77794807
6923.77575974
6921.65948307
6920.26185113
6918.38832876
6916.72264255
6916.34774292
6916.97696654
6920.35608134
6923.62716595
6929.34954629
6933.19343487
6938.2255859
6942.56482428
6946.34365778
6953.60387234
6957.76492363
6967.65958343
6974.10513183
6984.81566355
6991.69844848
7001.96699731
7008.54888678
7014.9736446
7024.23918534
7028.49723381
7035.83228192
7040.77359001
7047.64012163
7051.65078095
7055.12738081
7056.31332932
7055.86768037
7055.42956566
7054.12632424
7052.01632726
7050.47759395
7048.02210943
7046.3855844
7043.27519297
7040.34070954
7037.17423998
7034.63456858
7029.57499879
7025.06466148
7021.69393818
7020.31801683
7020.20318422
7021.00501221
7021.63392915
7022.5605355
7022.82223342
7022.97001176
7023.8345112
7024.44650573
7026.28950086
7027.64952435
7028.7484284
7029.39082473
7029.97185294
7029.79626554
7028.79172412
7026.83948607
7023.77591701
7020.5945114
7018.68969513
7016.08704561
7014.57552894
7013.38734316
7012.08234537
7010.33562954
7008.64060093
7007.89580592
7008.55131224
7009.97519899
7012.50452737
7014.27558136
7016.16298038
7017.55027627
7019.65993173
7021.69437727
7023.75824885
7026.16822129
7028.79902138
7030.31024533
7030.64939044
7030.58902596
7030.20257058
7029.49257523
7027.31049075
7023.91945081
7018.90809036
7013.83951574
7009.48074131
7005.91975941
7002.22111917
6999.22386672
6996.40371408
6992.47144983
6986.7460098
6979.92526904
6973.35198713
6967.25920959
6960.80598059
6954.875325
6947.88952805
6941.59696434
6936.00902235
6931.28204617
6928.59639462
6927.24422597
6926.2855939
6925.10237053
6924.17714419
6923.91278384
6923.72613555
6922.92085756
6922.55996702
6922.68130932
6924.23401686
6925.90558549
6927.49816662
6929.41239198
6930.95572529
6931.67448154
6931.30837069
6930.093721
6928.15554778
6927.07298765
6926.7352992
6927.47924391
6928.73828356
6931.07715123
6934.37783611
6937.56246171
6940.26355113
6941.19555899
6941.94928914
6943.30172961
6944.41652455
6946.64141687
6949.12282863
6951.5512359
6952.77893983
6953.43825159
6953.50021911
6953.49907608
6954.28439984
6956.09992045
6957.63461133
6958.76964626
6959.50193068
6960.70871159
6961.31630826
6960.70581917
6959.04788325
6957.72862548
6956.33009446
6954.69467761
6953.18525184
6952.91709302
6952.55349126
6951.24951802
6948.55461072
6944.90786679
6941.34401338
6937.07247159
6934.37193975
6932.80343192
6932.3562357
6933.39918012
6935.55860614
6938.43390993
6940.56602871
6941.8339338
6941.76045933
6942.33166724
6943.54272058
6945.70142872
6949.72300955
6955.25252463
6960.91580896
6965.00163639
6967.61917317
6968.84888436
6969.44970649
6969.41471168
6970.29029292
6971.43255542
6972.21485433
6973.17958488
6974.38814307
6975.98020844
6976.90565782
6976.0859247
6974.51596718
6972.75994682
6971.35997306
6970.81366088
6970.99816949
6971.90662676
6972.90189849
6974.10755032
6975.15447442
6975.5620828
6976.39063258
6979.40937956
6983.18835942
6987.46101636
6992.21927251
6996.72863406
7000.12577945
7002.31385787
7002.60772091
7001.13320632
6998.45975869
6995.37636784
6993.88766993
6992.72102049
6992.55940035
6993.36849075
6994.06302036
6994.44723149
6992.87972033
6990.81693603
6989.56863667
6988.98282726
6990.35842104
6993.4177107
6996.79357066
7000.04691044
7002.56252247
7002.93143513
7001.01351583
6997.28209017
6992.2913391
6987.02306195
6980.03451893
6973.26386934
6967.02813649
6961.78925748
6956.94049991
6953.39800163
6949.86710092
6946.89050662
6944.9675134
6944.50268386
6945.14033383
6947.71410095
6950.90098473
6955.10997356
6959.27818272
6963.57528236
6967.7630206
6972.26065216
6977.62920922
6982.96068055
6987.12856214
6990.97466709
6993.60604567
6994.12932999
6993.65527259
6993.28796295
6993.09443557
6992.99435779
6994.80667931
6997.26908473
7000.64854105
7003.36608591
7004.38262216
7003.2553445
7001.19612171
6996.61332751
6990.92170441
6985.42672415
6980.26876325
6973.94984714
6970.35918831
6963.22324332
6954.52948899
6943.30221052
6927.53708537
6918.46966505
6903.7848767
6894.6973767
6884.17711752
6874.23039413
6866.29672631
6855.20599801
6849.40603108
6841.86539104
6833.49479335
6821.33379248
6815.24974099
6808.14204416
6804.91070073
6803.1994885
6802.69454143
6803.5622748
6805.43195687
6807.25327626
6811.25847135
6814.24004897
6822.5242922
6829.05726143
6841.35478458
6849.56646637
6860.9460256
6870.29725867
6875.59025035
6883.98329044
6887.91607742
6893.22537817
6895.94453302
6900.32937409
6903.00664111
6905.37048117
6906.00305024
6905.69094752
6905.44268716
6904.88141803
6903.99898558
6903.08748952
6902.74632319
6903.6118193
6905.50757498
6906.73152224
6907.34687617
6907.05059465
6905.4980962
6901.95756338
6898.77994231
6895.18908833
6892.33479118
6888.12844387
6886.01697629
6882.6561848
6880.62146047
6879.57642515
6879.08066413
6879.83576732
6882.70129263
6885.61921608
6889.66372718
6893.83648059
6902.39442354
6908.75747173
6918.3221864
6925.88476005
6929.94131479
6938.76606445
6945.32735849
6951.34093248
6956.00166873
6959.70343139
6961.68773698
6962.20911161
6962.06633751
6961.94369884
6961.67551214
6961.82681017
6962.22248644
6962.48686769
6962.95061693
6963.44702613
6963.53908876
6963.73617069
6963.60354446
6963.29035447
6961.68848274
6959.50146371
6958.53906801
6957.05893585
6956.11476588
6955.83059071
6955.33108
6955.00721942
6956.30189509
6959.66771173
6963.04737713
6967.51234873
6972.21596251
6978.60903612
6985.11233537
6990.84687782
6996.69373682
7003.0716862
7010.40911795
7016.18087855
7022.46768529
7029.14845376
7035.02751273
7038.63082852
7041.09674666
7042.31039969
7042.01685029
7041.4991208
7041.45306509
7041.72787997
7041.72917633
7041.56622498
7041.40132211
7040.09101342
7036.97917229
7031.57500709
7026.124828
7020.45250397
7014.51442567
7008.5837422
7003.75024825
6999.56973061
6994.89248317
6990.40592644
6985.78287531
6981.85006742
6979.21252067
6977.75034243
6977.68983158
6979.03222176
6981.46122145
6985.53839252
6990.75552609
6995.14302261
6998.05751
7001.02921158
7003.97490227
7007.18962299
7010.81235634
7014.37853762
7016.77448007
7016.82814669
7014.8984974
7010.32923137
7004.33278191
6997.95541101
6992.00119091
6986.96937442
6982.38297689
6978.7431678
6976.87959118
6976.55687362
6975.45688927
6973.01746989
6971.02812521
6968.15676627
6965.47859319
6964.16111269
6963.96448379
6965.21662345
6966.09370318
6967.09926914
6967.19427996
6966.96088595
6965.71618295
6964.90950406
6965.4704038
6967.49962208
6969.19901371
6971.06399821
6973.730511
6976.65483262
6978.42810994
6978.51199712
6977.75209879
6977.33430073
6977.24117173
6977.54964324
6977.50149662
6977.63921769
6976.30496812
6973.55592723
6969.50225795
6964.47594055
6959.56862364
6955.49240742
6953.18905033
6950.67396102
6947.68967916
6945.88539369
6944.64794614
6943.16232187
6942.01663726
6941.52488381
6941.11070998
6942.06478387
6944.46241996
6948.60095219
6954.11290364
6960.06026558
6966.19737035
6971.4163718
6975.76224533
6980.05399225
6984.85177351
6990.53154813
6996.96472534
7002.57805791
7007.13518274
7010.49085151
7011.43182936
7010.43525429
7008.03796669
7004.07072853
6999.87694758
6996.26118392
6993.27547327
6989.54093913
6985.44818382
6980.81249664
6975.46841017
6969.85865305
6963.95316502
6958.91303369
6955.94829484
6955.32888455
6956.96042625
6959.36328264
6962.77233226
6965.92406789
6968.93128004
6970.3633283
6971.10899453
6972.10871989
6972.69360234
6974.82537263
6977.58995592
6980.04636044
6981.81365079
6982.2256222
6982.05231389
6980.94074591
6979.21608218
6978.17299837
6977.7600303
6978.62751277
6980.3136132
6982.95941904
6987.01586226
6990.89575626
6993.88842266
6997.39564733
7000.73255369
7004.88445378
7009.2621091
7014.17719722
7019.59759483
7024.1424321
7027.35782888
7029.1350162
7029.18300948
7029.20377916
7028.7620193
7027.92167681
7026.35524595
7023.98881316
7020.19254847
7014.71434425
7007.8338872
6999.28939574
6989.5137643
6978.65959425
6967.12772639
6954.88407196
6944.39574094
6934.65412856
6925.53331344
6915.75741018
6904.87040592
6894.75752512
6885.27205582
6877.88794805
6871.69440273
6867.79806723
6865.97249633
6864.579325
6863.33139503
6862.16572135
6860.56220477
6858.11152237
6857.06983251
6856.79696914
6856.96242958
6858.37574332
6861.34490096
6862.66906539
6864.06914369
6864.08747397
6863.25627571
6861.90812858
6859.4345856
6857.66706524
6855.75088837
6854.92456192
6854.29722013
6854.12590515
6854.04603947
6854.42937242
6854.16534662
6851.93595188
6849.37578262
6845.70122963
6843.53190665
6840.61209442
6839.3248554
6838.16392808
6836.46150463
6835.95940119
6837.85536596
6839.64707114
6842.79235284
6846.2698727
6852.15592227
6855.42442809
6857.43622911
6859.40725047
6860.51577967
6862.58982699
6863.32623746
6864.70337851
6866.19984065
6867.83514598
6868.43181417
6868.96089031
6869.29111422
6868.52375832
6865.76124503
6864.43715029
6862.43523229
6861.24830105
6860.31289199
6860.65405832
6863.0705265
6865.83777919
6870.91219442
6875.70998265
6878.43047569
6883.05220258
6886.68773925
6893.07190559
6897.76438878
6905.6643233
6910.55035478
6918.20607137
6922.40468232
6925.98848298
6931.79732929
6935.91440881
6941.86433559
6945.62432304
6947.24236445
6947.66781524
6946.29565752
6944.54681594
6941.96368155
6940.0795095
6937.55094081
6934.36501885
6932.20228919
6928.58387008
6925.9124576
6923.9069293
6921.31657432
6918.76538899
6916.13447041
6914.37713277
6914.44362362
6916.02295537
6917.906305
6920.18211788
6922.50616101
6925.04305847
6926.5314288
6927.38295068
6927.93909709
6928.56738677
6929.813414
6930.48738303
6931.847985
6935.06781451
6937.73554699
6939.3841714
6940.46448729
6941.86920043
6944.22489293
6947.90256137
6953.18630427
6960.23695419
6967.57863048
6974.63454252
6981.52929441
6986.39632651
6989.42079561
6990.52798662
6991.67508608
6992.34333996
6991.87524861
6991.29835343
6990.64297954
6989.44585164
6987.46234757
6984.81248537
6981.65329913
6978.20973561
6975.57414036
6974.12322515
6973.16165884
6972.99032992
6973.6896477
6975.34563211
6976.93638021
6977.9386983
6977.94876254
6978.32315337
6979.81004613
6982.39435839
6986.37311744
6990.72063582
6993.99539346
6995.39455176
6995.52854405
6994.16503571
6992.37645993
6989.86631213
6987.53224659
6985.34546453
6982.95635935
6979.75909769
6975.4377505
6970.44196035
6964.12745605
6956.50012004
6946.93997051
6936.21875427
6925.44684049
6915.47325592
6907.16127332
6898.13454902
6889.62309389
6881.27139103
6873.73617341
6867.21595175
6861.45460388
6858.24750102
6855.64947241
6853.7738661
6853.27601418
6852.21683039
6850.98710525
6850.5866199
6850.25521114
6850.28392626
6851.41532301
6853.29205143
6856.2875545
6860.3816201
6863.81593485
6866.94308839
6869.04633871
6871.03737005
6873.40100102
6876.82659669
6882.38081932
6889.38758807
6896.7634019
6903.79121912
6910.07969162
6914.88041409
6918.17861079
6920.23459964
6921.53918622
6923.22292393
6925.39495812
6927.56910413
6929.123115
6930.60547745
6931.27370345
6931.1265733
6929.33818569
6926.8923542
6924.18097752
6922.33637936
6922.75198197
6923.84901118
6925.82913496
6927.99340492
6929.32342389
6929.17086434
6926.07027926
6922.30376121
6918.27311979
6913.47288519
6909.30291967
6905.09636327
6901.40180029
6897.42510427
6893.14689946
6889.71551198
6886.10681559
6883.73586645
6883.18024973
6884.32626889
6886.88198451
6889.69467261
6893.75138067
6898.48254564
6902.73447472
6905.76622017
6909.13941074
6911.96394731
6914.85051412
6918.87021313
6923.16242702
6926.91501266
6929.95491265
6931.66359488
6931.38864061
6930.00345654
6928.84904588
6928.0275564
6927.20184328
6927.79973117
6928.83627741
6930.6244141
6931.50469292
6931.96975245
6931.79808899
6930.82670935
6929.44710801
6927.00878984
6925.07860389
6924.45997421
6925.20837952
6926.26284483
6926.58248178
6926.2775439
6924.94227675
6923.35722985
6921.9555555
6921.45150752
6920.48641454
6919.94863326
6919.89280605
6919.39293988
6917.55949323
6915.27406218
6912.74301926
6910.60785473
6908.26032374
6905.23206313
6902.33727209
6900.96821588
6899.72691409
6899.27144485
6898.86950283
6899.4703598
6901.49198808
6904.85751199
6908.88188069
6915.02168971
6921.91680402
6928.40079724
6934.70658941
6940.146537
6943.9928371
6945.46519805
6944.87959076
6943.62220989
6941.36035034
6938.49003684
6934.42375939
6929.14324346
6922.87186064
6915.97765239
6908.57995372
6900.82115542
6891.07146517
6884.49423841
6878.32864155
6872.24765672
6867.09000946
6861.81283897
6858.81949651
6854.56617349
6849.9428366
6843.78650943
6838.48787927
6832.84144764
6829.97147566
6825.79125075
6821.90125767
6817.24948445
6810.89103626
6807.44891546
6805.37369026
6805.9918948
6808.35546304
6812.57895578
6816.6845841
6822.44064895
6825.90786761
6831.22323199
6836.6143569
6842.0784475
6844.66197219
6847.84175385
6850.05066468
6853.40565738
6855.75980957
6857.91170136
6860.36167982
6860.11829825
6857.2947444
6854.74077817
6850.55038448
6848.95926698
6847.62687831
6847.71024277
6848.40044421
6848.75980142
6849.24223639
6851.27656345
6852.90335879
6855.77848834
6857.09345279
6858.02155064
6858.60616127
6859.61739359
6859.99501837
6860.23650419
6859.86440638
6858.63362882
6857.02487104
6856.62412083
6857.67508039
6859.20326158
6862.7701259
6865.99325904
6867.64940374
6869.69020564
6870.24366176
6869.70336442
6868.61185521
6866.89457935
6865.67014421
6864.19348993
6863.05637803
6861.46603417
6861.44233025
6862.14962137
6861.52262805
6861.58961374
6861.11009907
6861.08639516
6861.6444652
6862.63972997
6864.49408569
6866.44231616
6868.41223631
6870.47164729
6872.31024454
6876.94948626
6879.98477929
6882.93714694
6885.18347106
6886.26983664
6885.54882221
6883.65062714
6881.10013878
6877.34808283
6873.9298611
6871.50901595
6869.84200549
6869.11464167
6868.11957903
6866.77102068
6864.31412829
6860.61266533
6856.02807991
6850.97442739
6845.62267426
6840.46725729
6835.90992336
6832.41413595
6828.813385
6824.48368115
6818.75207991
6812.15951287
6805.37996298
6797.81618358
6790.2952608
6783.59110901
6776.96557534
6770.54302691
6763.80799243
6757.45385152
6750.56905931
6744.19193932
6738.62691368
6734.12521181
6729.52143884
6724.31339375
6720.70505281
6718.20754803
6714.95100917
6711.45627418
6708.57012555
6704.56562743
6701.00333524
6698.90086552
6699.41977288
6702.45917106
6707.03827133
6713.06759681
6717.75793333
6720.41687007
6721.47166992
6722.04505238
6723.47557428
6725.4155178
6728.64150851
6733.46111187
6739.8405667
6745.89623762
6751.29127253
6755.65666119
6759.11098592
6762.93984088
6765.96490937
6769.53701489
6773.53600695
6778.00852672
6783.92043384
6789.7449968
6792.86386338
6793.46373763
6793.06675105
6790.97221982
6788.01191368
6784.17272965
6779.58178787
6775.78812288
6772.60373424
6769.56573001
6765.55256857
6760.64514711
6755.14969291
6749.59803513
6744.97916581
6740.91192654
6736.50583489
6734.14270574
6733.93109898
6734.50128932
6734.09091397
6733.44210553
6731.86199317
6731.1742381
6731.45819024
6732.71084565
6733.30975111
6733.79079215
6734.60896406
6735.42463385
